2.447867214611115053e-05 1.105705819050632891e-05 8.073630575634640000e-06 6.220402159617039446e-06 4.837355054472528617e-06 3.711788023692144127e-06 2.722894901485091364e-06 1.799848840509311422e-06 9.623268496603654873e-07 1.344121604108075624e-07 -6.305370766433192614e-07 -1.415644324603899238e-06 -2.241441988216627932e-06 -3.141554301665543275e-06 -4.135521104854856935e-06 -5.235003473912173233e-06 -6.562224770613074294e-06 -8.302780411596756449e-06 -1.084489868085335817e-05 -1.703273320026674141e-05
1.280606437073769223e-05 5.621690500103904423e-06 4.094867678045433392e-06 3.146964817587221539e-06 2.441994349822817775e-06 1.868741532332880443e-06 1.365404240583522704e-06 8.945300074447026495e-07 4.683479629921867076e-07 4.625869664610566106e-08 -3.418463840105859722e-07 -7.408259574001100900e-07 -1.155792197084119455e-06 -1.610108433121476002e-06 -2.115691586401246810e-06 -2.675167172945278768e-06 -3.347274036088665673e-06 -4.231259725825329376e-06 -5.524901945373095986e-06 -8.666767474220856362e-06
5.419271682025706094e-06 2.210469896253239465e-06 1.600179371826337571e-06 1.221604529235148097e-06 9.421817785734434505e-07 7.160544872711568264e-07 5.173949061977723050e-07 3.305097522481258743e-07 1.620993128310571859e-07 -5.325170629755395083e-09 -1.575483938003756976e-07 -3.143920558785031211e-07 -4.717348969053771343e-07 -6.470688652305308647e-07 -8.460655248860113068e-07 -1.067241755098511500e-06 -1.328250057047646497e-06 -1.675291907025365511e-06 -2.185800313338972920e-06 -3.419698459783908741e-06
3.216728869224936858e-06 1.230493858888972587e-06 8.861325056729689891e-07 6.721852127562303088e-07 5.150892146062563109e-07 3.895431642594844361e-07 2.780313359278074724e-07 1.734042561185192167e-07 7.890116168601034412e-08 -1.540656399385970289e-08 -1.007592576267399949e-07 -1.882711258797453951e-07 -2.718347460095964899e-07 -3.677625972188321824e-07 -4.783496594213884877e-07 -6.027772368832277048e-07 -7.458466716284569614e-07 -9.393347218951506727e-07 -1.224997042700660136e-06 -1.914446637606441203e-06
2.204787051384277018e-06 7.854175516893955215e-07 5.611574295589180466e-07 4.213304729238713225e-07 3.200014247683462705e-07 2.404509976658568111e-07 1.681030173585084836e-07 1.015723298298651447e-07 4.085064002133654558e-08 -1.981614315974467932e-08 -7.499847674508730476e-08 -1.304840506924679252e-07 -1.808775988623545401e-07 -2.399995782211903023e-07 -3.103431516779468607e-07 -3.901593576897164209e-07 -4.799147237334845749e-07 -6.030473955433124131e-07 -7.860337789690349124e-07 -1.227125322240492164e-06
1.667396502069778500e-06 5.467029928052948092e-07 3.851741839741204280e-07 2.839772223262927220e-07 2.130975059277062423e-07 1.578505920530981437e-07 1.067779902718650928e-07 6.112548807702755806e-08 1.898858902025367299e-08 -2.328777426147429359e-08 -6.211546346757999711e-08 -9.966519302771946892e-08 -1.322663328003599376e-07 -1.706082529506153382e-07 -2.195700655794748510e-07 -2.746758255045933203e-07 -3.361529584390196505e-07 -4.202746076928632366e-07 -5.478426758613194051e-07 -8.545756071897586396e-07
1.377726672209879452e-06 4.117086208868568851e-07 2.820946042962656340e-07 2.020733742061806762e-07 1.489587330831784914e-07 1.071871403344685985e-07 6.882279573960773341e-08 3.548782551888570021e-08 4.721514592077451018e-09 -2.717073869339155482e-08 -5.649636168803738308e-08 -8.316310777236231374e-08 -1.045729465279584505e-07 -1.303759488962442369e-07 -1.670808865665474588e-07 -2.076534635816935489e-07 -2.529751783314440031e-07 -3.138950705598577375e-07 -4.093791564578842392e-07 -6.388117914752237315e-07
1.242013530211144862e-06 3.398594159670372096e-07 2.220481222720411449e-07 1.526724548773446413e-07 1.091117507200352437e-07 7.444433786747271882e-08 4.414815925855434585e-08 1.777679180513408914e-08 -6.057101021666278928e-09 -3.199941060129958286e-08 -5.568454290712828539e-08 -7.575493618071164555e-08 -8.959258821614801284e-08 -1.070609673507905897e-07 -1.367894811799863148e-07 -1.693101771926414763e-07 -2.050846440735467777e-07 -2.526875453983375290e-07 -3.295308711745228767e-07 -5.163286553158905714e-07
1.227538579441086027e-06 3.106111557570451274e-07 1.912872295278143877e-07 1.250830445631086249e-07 8.473005026051465870e-08 5.274091655066517360e-08 2.759809621302860842e-08 4.172852996137001858e-09 -1.533253503009867692e-08 -3.821016814252187949e-08 -5.787268702000104288e-08 -7.521413393695448813e-08 -8.370362518826051967e-08 -9.477727892860597038e-08 -1.214070165472513393e-07 -1.503205993000813941e-07 -1.810580617592655525e-07 -2.223399092888138086e-07 -2.905926519617446521e-07 -4.593930399419127064e-07
1.321746891856757877e-06 3.126859180277388387e-07 1.825864076986466569e-07 1.139266688317317322e-07 7.243007195606155935e-08 3.892661683361633426e-08 1.665810070036718549e-08 -6.934138352170188258e-09 -2.379415638699729458e-08 -4.513853864821373729e-08 -6.233222681894033638e-08 -7.952931024424724085e-08 -8.405522364123833413e-08 -9.108702251636796130e-08 -1.183326677537732843e-07 -1.464409785700543982e-07 -1.757180561487798319e-07 -2.159065459514306774e-07 -2.843887922279535394e-07 -4.546971114652196287e-07
1.509201656432659096e-06 3.427242808625118942e-07 1.947434465615860357e-07 1.154602689217556352e-07 6.994713829341629779e-08 3.091496826034532940e-08 9.300421980499532464e-09 -1.538179439419829978e-08 -3.203735975390074452e-08 -5.251821965775074409e-08 -6.849068967700382610e-08 -8.629878407711411246e-08 -8.891922123518085309e-08 -9.460840492260856757e-08 -1.265001218512719137e-07 -1.557958666464857386e-07 -1.856634054127457612e-07 -2.283735176944478223e-07 -3.050821766306506335e-07 -4.930927599007002992e-07
1.785337191752102152e-06 4.078421109362616830e-07 2.316672993923372224e-07 1.305059938720027293e-07 7.556329369116274219e-08 2.649526181898180727e-08 4.175150482388496084e-09 -2.209367824712839620e-08 -4.149197741052730396e-08 -6.145543013810569273e-08 -7.704038294140550986e-08 -9.774224469611167499e-08 -1.010962154880185419e-07 -1.061260315135760475e-07 -1.444159761604896419e-07 -1.775925332976502041e-07 -2.086390382311433785e-07 -2.585982572801445831e-07 -3.511579804890959949e-07 -5.731050124111458084e-07
2.178706502848096472e-06 5.313943278828246109e-07 2.987227192356303589e-07 1.586905688791985165e-07 8.865943803141061608e-08 2.433217895573535181e-08 9.100564973476969401e-10 -2.810909020604243798e-08 -5.216371069119955453e-08 -7.333429639913892014e-08 -9.361128063925755219e-08 -1.195253677558813109e-07 -1.271910879690787368e-07 -1.312292494654683678e-07 -1.758387228642361743e-07 -2.135885590651361283e-07 -2.487320633987271515e-07 -3.118192723298636953e-07 -4.253214908168852494e-07 -7.030819562587681101e-07
2.785998226184996029e-06 7.416947825695923365e-07 4.050676020614952769e-07 1.991707141850600482e-07 1.064740474269949231e-07 2.868073355200679390e-08 1.326203547392218743e-09 -3.262923772296286986e-08 -6.325973935711351584e-08 -9.164752393471698200e-08 -1.254781942842210280e-07 -1.564435953471248562e-07 -1.753034287828257411e-07 -1.840001351725911354e-07 -2.328801393047410465e-07 -2.759939609869347753e-07 -3.282724222102749350e-07 -4.042518943543439763e-07 -5.433129028850340791e-07 -8.914440110767961745e-07
3.760469688916631510e-06 1.084742111577832475e-06 5.976635804738418071e-07 2.859734685582821613e-07 1.506032651794753466e-07 6.042952375556888300e-08 1.773765493684569225e-08 -3.280647031230096197e-08 -7.980638865759382810e-08 -1.252184990909965248e-07 -1.790912426745890331e-07 -2.231936728329197187e-07 -2.616990879098807183e-07 -2.846865683491824848e-07 -3.370044719496512859e-07 -3.950612577732608234e-07 -4.857929872047496152e-07 -5.742865615374970469e-07 -7.506825585419543485e-07 -1.217260192803776871e-06
5.004047044406688307e-06 1.566401221239450317e-06 9.177493858097869117e-07 4.753893233904627100e-07 2.658260134451579884e-07 1.512939872920460122e-07 7.541092147131196606e-08 -7.114757267591813764e-09 -9.243837009542231381e-08 -1.664795114669450891e-07 -2.408518632541047732e-07 -3.208056846497899825e-07 -3.899396620659201285e-07 -4.414655248384876664e-07 -5.121299417470129857e-07 -5.968033443632614128e-07 -7.360293660964757128e-07 -8.435037554549021332e-07 -1.084322602310035208e-06 -1.711775846570710801e-06
6.323657600313033357e-06 2.186626038010097229e-06 1.380111510390153923e-06 8.078906006983004429e-07 4.870484990775061799e-07 3.004682699519953219e-07 1.600420432344713411e-07 3.471993001211392117e-08 -1.107794704200814637e-07 -2.195561315648757470e-07 -3.165038710260768837e-07 -4.535827752788418403e-07 -5.681060108329280503e-07 -6.583203970824036985e-07 -7.546899786116776593e-07 -8.682243941128974012e-07 -1.053877927191062531e-06 -1.185255546645933776e-06 -1.510656020862984183e-06 -2.306342816952591611e-06
7.576558226469230306e-06 2.944264448532900313e-06 1.919107351960798005e-06 1.244553961777845476e-06 8.180423291212791993e-07 5.124553442796177213e-07 2.822507461339305028e-07 8.600416417676327546e-08 -1.253133368362447450e-07 -2.758881242040300025e-07 -4.154447277026073325e-07 -6.190069189927536623e-07 -7.949932919136983847e-07 -9.135895440925111423e-07 -1.016479984845252645e-06 -1.170596905040501049e-06 -1.411379276867589322e-06 -1.571610266116253460e-06 -1.976732981696431502e-06 -2.945466268324113808e-06
8.576888395576812003e-06 3.778562290420324771e-06 2.510136322022714196e-06 1.748224399129765172e-06 1.268711485583902027e-06 8.274130832928931229e-07 4.853833778850917163e-07 2.040053063059033326e-07 -9.419210001154073731e-08 -3.032668387103672051e-07 -5.196292139612327405e-07 -8.012240426316330199e-07 -1.053027179272468831e-06 -1.184151341612157930e-06 -1.292992629142282682e-06 -1.498323708871834221e-06 -1.789526196462477371e-06 -2.032378376374908777e-06 -2.493381430241660091e-06 -3.564012663979036654e-06
9.319796172638776548e-06 4.678736069770551021e-06 3.210178997418293382e-06 2.304825868074395082e-06 1.783963833285859196e-06 1.200246978147923836e-06 7.738086809803165938e-07 3.987256787542333573e-07 -3.814879836175866763e-08 -3.040845414242286848e-07 -6.046952824984661243e-07 -9.846192050697895456e-07 -1.291682438900474254e-06 -1.452987588655308709e-06 -1.589569750171909524e-06 -1.857610432126050521e-06 -2.172668051089006020e-06 -2.607790193851971724e-06 -3.103424154688786400e-06 -4.183567759722068161e-06
9.760584777040353846e-06 5.715674007672521731e-06 4.063928599857218778e-06 2.971693586717907104e-06 2.350398837997973259e-06 1.659332788206013737e-06 1.144369306514958385e-06 6.532266311781404404e-07 4.892310290324899549e-08 -2.814380748063228620e-07 -6.875865653597632270e-07 -1.203467210357338696e-06 -1.563095673482245491e-06 -1.782329370542809937e-06 -1.984635994625506239e-06 -2.332214867483998990e-06 -2.636775901336652012e-06 -3.238956632110714458e-06 -3.793983963434830682e-06 -4.861910593741150207e-06
1.021263370924958212e-05 6.893060549816007034e-06 5.002409261031678382e-06 3.815931303008310147e-06 3.001381587692180911e-06 2.190134452316437574e-06 1.585629211636265198e-06 9.473587202874045224e-07 1.729113792895002747e-07 -2.503869950709757088e-07 -8.420895238730979067e-07 -1.512784405534874005e-06 -1.968669047477848075e-06 -2.249983259053122516e-06 -2.537833728488632587e-06 -2.981710786287402225e-06 -3.299040803213742392e-06 -3.910968427768275234e-06 -4.647987775404054648e-06 -5.700698516401072241e-06
1.071157907791940120e-05 8.325549560821784114e-06 5.958783831938285420e-06 4.657321825873643486e-06 3.586555734101824199e-06 2.667147433214931496e-06 2.035681310030394522e-06 1.183706216185080604e-06 3.483958596413150974e-07 -2.281447506160841753e-07 -1.017226298875681588e-06 -1.814137386501272204e-06 -2.432603078605856998e-06 -2.771302544757724292e-06 -3.144337560817778964e-06 -3.772151520288881401e-06 -4.198083974119442847e-06 -4.715169497094515295e-06 -5.716850011481353037e-06 -6.818838031040770491e-06
1.008120948964612705e-05 9.629228890715529855e-06 6.659469039748382795e-06 5.253654482070579910e-06 4.078578046395530918e-06 3.020556103102872617e-06 2.414066156378335679e-06 1.522995327907861515e-06 6.795248333412062535e-07 -5.742494538178957134e-08 -1.067874935317093349e-06 -1.977825295760033666e-06 -2.866887132817688275e-06 -3.297261122124496446e-06 -3.815555365954973026e-06 -4.658587669245102340e-06 -5.259592148641601523e-06 -5.541530066057641246e-06 -6.576317871555658022e-06 -7.832917808567475877e-06
7.874957359892241634e-06 8.952981892137600969e-06 5.972596089568441164e-06 4.795174630710478462e-06 3.785708057704366263e-06 2.798862148019183093e-06 2.320118421008125841e-06 1.655119091629849622e-06 8.240411041387637898e-07 1.252065488581213420e-07 -9.189678917765383147e-07 -1.764345040177869190e-06 -2.745731271841812116e-06 -3.244633766171800000e-06 -3.801619586986054616e-06 -4.634889367917280302e-06 -5.294994987932046091e-06 -5.310922222292047411e-06 -6.093110124447923765e-06 -7.347509875059652180e-06
8.837944364407231532e-07 3.908082125216165526e-06 2.185716928564975727e-06 1.922763415894164819e-06 1.630039349694715219e-06 1.325761115350234097e-06 1.277339223781242961e-06 1.135422626371324086e-06 5.531799224420912337e-07 2.623814357410943398e-07 -2.993862749598394911e-07 -7.513677086823590301e-07 -1.370294183193482234e-06 -1.761468220350307533e-06 -2.079076444064055832e-06 -2.479509036045792609e-06 -2.953656715579464968e-06 -2.719374714245262339e-06 -2.651639805439687630e-06 -3.323547426052830198e-06
-2.738776830866106812e-06 -4.745670117845967431e-09 -1.024002845687502876e-06 -9.222581123854996578e-07 -6.985864721793469688e-07 -5.651758014703530520e-07 -3.030673440976238033e-07 -8.707361338620949154e-08 -1.227873609601568793e-07 -1.138928324725479408e-07 -1.436523540510506312e-07 -2.998707861114980076e-07 -3.487914780441032087e-07 -2.508730423727570112e-07 -3.543900978770026870e-07 -3.574380692567578015e-07 -3.620428692168568550e-07 -1.081870779362036022e-07 1.051170217271035775e-06 2.686934380965077411e-06
2.115052160010631088e-06 -3.459120377415835220e-07 -1.449350325903340050e-06 -1.742343695031568739e-06 -1.885209707931381045e-06 -1.683341174212075564e-06 -1.528444028120015563e-06 -1.322335712678179448e-06 -9.891113589708728669e-07 -9.249174655000736034e-07 -7.154363726387618137e-07 -5.943227634095032215e-07 -4.026025475115246194e-07 -1.189540857706424321e-07 3.199167224900965482e-08 2.983622638693275257e-07 8.523526259854762196e-07 1.417244751905158445e-06 2.557340478320575013e-06 6.471453887446279545e-06
5.158389058432781678e-06 3.301984898349449436e-07 -1.690200764068843185e-07 -8.400570507449705185e-07 -1.348616237083512813e-06 -1.349655771765303097e-06 -1.502533991133583627e-06 -1.566036335280315925e-06 -1.368915594740386162e-06 -1.355479710248725579e-06 -1.122497898381846527e-06 -8.714417401157949481e-07 -7.451488707827575486e-07 -5.896304323381538681e-07 -1.947659088034683443e-07 2.890074548282684089e-07 1.114309420343742213e-06 2.020078809200765061e-06 2.514311919381119873e-06 5.056363984431456767e-06
3.288055651447775150e-06 4.399466958889638781e-07 5.614066489992183107e-07 -5.192245379420868591e-08 -4.101021227858488137e-07 -6.110840598346515988e-07 -1.004627462171919705e-06 -1.155590899714994611e-06 -1.132740690274181579e-06 -1.177650934177246793e-06 -9.543430533444469191e-07 -6.257210962022631821e-07 -4.789064019121695815e-07 -3.933185685066393349e-07 -4.783100339014688035e-08 3.867732943873386373e-07 8.675780194681262622e-07 1.547480073063773148e-06 1.763528788732219921e-06 1.315400936263669015e-06
3.371947614504769395e-08 -1.957684550794692590e-07 1.478304580465821944e-07 -1.481156428567910209e-08 -1.447262431953780520e-08 -1.569465504912800007e-07 -4.365222451037857144e-07 -4.899797479631944960e-07 -4.002501655189002884e-07 -3.298292828166136372e-07 -7.445663333883102789e-08 2.416743936245998390e-07 3.439121790508799227e-07 3.369846748570406994e-07 4.195962405394646344e-07 5.001549971341791343e-07 3.838802053664464868e-07 3.663570000953925093e-07 3.117732659368944910e-07 -1.572794513722718477e-06
-2.074883851232763173e-06 -1.285724521988349532e-06 -6.701224972668270513e-07 -4.427523141432796404e-07 -1.251819659177453696e-07 -6.082187583475807183e-09 -4.285286353557547756e-09 4.856433511546482637e-08 2.773296875654060715e-07 4.880731968368101086e-07 7.305850997303914171e-07 9.778925673246582240e-07 9.772789802209239068e-07 8.929417204552755435e-07 8.279993824550485830e-07 6.335892274111858439e-07 3.394478583456020927e-07 -2.186786043957707862e-07 -6.050040729006608055e-07 -2.460674918636761541e-06
-2.335871247970708164e-06 -2.362090105462950312e-06 -1.462336140083362208e-06 -8.499500187604780086e-07 -1.819973207469525712e-07 1.360909382995368278e-07 4.205325622964526877e-07 6.736698114715583552e-07 9.158993495525522651e-07 1.057287883217026156e-06 1.142277032016755968e-06 1.270736218881327248e-06 1.232181122865977852e-06 1.124741598904395843e-06 9.438604844853273180e-07 6.783413471516516016e-07 3.602443720391943643e-07 -5.532827622365515286e-07 -1.460805503700416211e-06 -3.020151686329009384e-06
-2.518798248160757880e-06 -2.905305489738710835e-06 -1.646422243743707983e-06 -7.495491643277613279e-07 -1.636506375640559627e-07 2.582787332262331998e-07 7.341406977335788349e-07 1.024836874732974296e-06 1.079650905398459026e-06 1.154018010635364060e-06 1.080243036523623160e-06 1.022248592601965364e-06 1.128690770891680125e-06 1.099947531371132346e-06 9.309900505387456412e-07 7.125248859060215021e-07 3.402289819720149145e-07 -3.424752714280145675e-07 -1.377877094896817832e-06 -2.872575751693398167e-06
-2.787015389774319385e-06 -1.909000818106350979e-06 -7.430992291231107192e-07 -6.776596753304403974e-08 7.309113344768053214e-08 3.737800809721834167e-07 6.919924220706025675e-07 7.689741485706754202e-07 7.299496611869820295e-07 7.454946104822866181e-07 6.025859357857381186e-07 4.215602065178332519e-07 5.782696974955708288e-07 6.174037682101704931e-07 5.828153493667632975e-07 4.770538563149378200e-07 2.545699822166518870e-07 5.305936933808937669e-08 -5.613107745758898031e-07 -1.531900073811545919e-06
-2.490096630550898736e-06 6.449860164063788078e-08 6.030051958883718457e-07 6.787820813251172639e-07 3.542366875740882006e-07 3.019624593712233180e-07 2.985412245562458663e-07 1.889669179507459284e-07 1.466260844299602429e-07 9.864436319694789185e-08 8.656074293772862337e-09 -7.791679494669374799e-08 2.945048461831602336e-08 1.060422055053711767e-07 1.656594740876925933e-07 1.665939104686666455e-07 9.913570044075438036e-08 2.027486209150845098e-07 9.512539666041325233e-09 -4.516398337657047771e-07
-1.649161107303129875e-06 1.189201444501115629e-06 9.764042971725561803e-07 6.285039232691704869e-07 1.877196233326756030e-07 -8.087240219560697312e-08 -2.447934453812702421e-07 -3.402371429323176145e-07 -3.519255708651565666e-07 -3.674905431131211722e-07 -2.939714270586740446e-07 -2.267054208914053032e-07 -1.319582497148502260e-07 -5.000208579510706544e-08 7.795771473019006978e-08 1.624199321262925721e-07 1.409581779617159317e-07 3.250983612000211690e-07 4.196613101570233659e-07 6.347932755521491240e-07
-9.525726767512170090e-08 1.259244221541103444e-06 4.184039903797181560e-07 6.950328188646907806e-08 -1.754592550908070753e-07 -4.009984970179392097e-07 -5.602451355451306965e-07 -5.557143342513238237e-07 -5.277387628311783386e-07 -4.894692515640718348e-07 -3.131071708879052851e-07 -3.046443619200742897e-07 -1.988528530149500092e-07 -1.222826181866774601e-07 1.297948048021119865e-08 1.890508017386769020e-07 2.219656486823236427e-07 3.505786717718970516e-07 5.744485369275753468e-07 1.675622715662409431e-06
1.227398696052774626e-06 7.723349711679120140e-07 -1.181910400572705599e-07 -2.348735672719080385e-07 -2.624896728356504569e-07 -3.573927060677294113e-07 -4.886905781221818518e-07 -4.026960028891324192e-07 -3.411305937655443727e-07 -2.409374033454372825e-07 -1.623736789421507423e-07 -2.815753510670482507e-07 -2.131157822758717130e-07 -1.841113024346597052e-07 -1.127800842376663625e-07 6.844055492248938908e-08 1.298215338844792774e-07 1.548799843860931710e-07 2.926739869982128630e-07 1.500059299577894262e-06
1.677077488587958894e-06 4.361209821057584483e-07 -1.017257397977766711e-07 -7.137524048311217584e-08 -3.402003392475801745e-08 -9.616794245256730090e-08 -2.360954052921169515e-07 -1.667409237688088285e-07 -1.252399860395569455e-07 -8.350548144270006269e-09 -7.504781730814654558e-08 -1.924071406897854515e-07 -1.890271123227118751e-07 -2.322003296145251597e-07 -1.916416222595573599e-07 -9.387276274022037849e-08 -8.104041039506303028e-08 -3.555162519790718602e-08 6.545147035383470522e-08 2.180733562205314510e-07
1.520132432731199049e-06 4.262285427133669436e-07 1.739223396798371662e-07 1.449087516978990466e-07 1.496930201364545549e-07 1.219233456188512512e-07 1.074195599075415433e-08 -1.046910098972874455e-08 -1.198122392377507344e-08 -5.903109124029393329e-09 -1.206058832009441280e-07 -1.418270789662932358e-07 -1.762281083203506957e-07 -2.919154761395258445e-07 -2.620870915650632185e-07 -2.474299212501213292e-07 -2.311595874077630611e-07 -8.037042693105827929e-08 1.581484014417127727e-07 -7.379056897103907042e-07
1.191168085362571480e-06 4.456286956777897607e-07 3.011518475054303266e-07 1.162262662942126823e-07 5.012522585268437368e-08 8.508862162095748798e-08 6.855260122852497642e-08 -2.030464761517523615e-08 -3.931741163283915581e-08 -1.271717606339410555e-07 -1.965324599844162120e-07 -1.235722403591246188e-07 -1.808285389845803271e-07 -2.862549370007395403e-07 -2.691713115925743091e-07 -2.931360721100639724e-07 -1.502362754954935891e-07 7.221059256185014367e-09 3.507053625556798241e-07 -3.708732431110231460e-07
1.141047586860900777e-06 2.882361814738680915e-07 1.518832324696755394e-07 -8.200479851946801573e-08 -1.452262891265795406e-07 -1.159221290015538311e-07 -1.244658745327807597e-08 -7.463206290708925356e-08 -1.014422135339633440e-07 -1.417881887832749435e-07 -1.349416546792540446e-07 -4.072642934212700138e-08 -9.829549762707692441e-08 -1.287890639970873415e-07 -1.514967268552567987e-07 -2.064966754266927000e-07 -3.710105438385990627e-08 3.253859455230369142e-08 2.580414117934232622e-07 3.226773750759941899e-07
1.340482598398027238e-06 -4.895479807131380727e-08 -1.731004347737354484e-07 -2.178697191163197966e-07 -1.736049874963775373e-07 -1.640718083622380670e-07 8.744050505203914794e-10 1.198781757071580550e-08 -2.931060022270252959e-08 -3.064449565233712568e-08 8.997212054293130272e-09 6.399529271932737674e-08 6.463964430251324525e-08 7.723624195109928772e-08 -3.826242891520609578e-08 -1.316585702489128902e-07 -6.399657384284260922e-08 -4.811980320934342876e-08 1.401919689866878141e-08 1.796739856238802875e-07
1.111194751273532312e-06 -5.361445056587706817e-07 -6.129505937169042549e-07 -3.826308360730843263e-07 -2.109189386314126085e-07 -1.491571507533359675e-07 -8.422858155781369446e-09 4.374995066127382621e-08 2.478365587251427049e-08 1.260771498680757065e-08 5.690818238753771775e-08 6.879344810819368543e-08 1.544528286157280999e-07 2.545800602260643055e-07 1.275956907020628483e-07 2.603228894384653036e-08 5.390909824758474071e-08 1.374126364499072053e-07 1.296834101268677633e-07 1.971201810916814721e-07
2.875159949552131331e-07 -1.002575605065412398e-06 -9.823360866280132394e-07 -6.438424120329252176e-07 -3.761101912472441020e-07 -2.230802955072662950e-07 -1.003925314063587728e-07 -3.433135756362066913e-08 2.099970857656877163e-08 3.747910082695413687e-08 1.024029629126054751e-07 9.737883146445506859e-08 2.045644726103924256e-07 3.751264926355463746e-07 3.763999816664054934e-07 2.921351747164655557e-07 2.947070958157518819e-07 3.857807438131378116e-07 4.468473157400533830e-07 8.996112571560478215e-07
-1.484245386384232367e-07 -9.520347681569421491e-07 -9.993204516158207715e-07 -7.521607314857493985e-07 -4.780969420612487912e-07 -2.835244801078371268e-07 -1.569481011152220831e-07 -7.490035883088330192e-08 2.294624103303640239e-08 9.150213218863696054e-08 1.429524104085221642e-07 1.697677375586565974e-07 2.411330664849002041e-07 3.723275844038705208e-07 5.077259069417910321e-07 4.790051391572731549e-07 4.382451239356020348e-07 3.685002998281906169e-07 4.831754139697908380e-07 1.205509425768696513e-06
3.684572108908155469e-07 -3.863137320562260021e-07 -7.402674427222104491e-07 -6.636548949724807057e-07 -4.647384580615484142e-07 -3.007060198253290603e-07 -2.146867173390662840e-07 -1.178728018706732849e-07 -3.573868334530595922e-08 7.340874899568377999e-08 9.123817792676016790e-08 1.724149009364592516e-07 1.911022240082694551e-07 2.575942681586862656e-07 4.101452176799606919e-07 4.947755162997825632e-07 5.085879163391672262e-07 4.035376182056025447e-07 3.902626457243189047e-07 9.616168555335499487e-07
1.258844373671686588e-06 -1.238220808046302473e-07 -4.979608240144360005e-07 -4.831545779165324920e-07 -3.855873232540761922e-07 -2.719731264998071728e-07 -2.723718224801604138e-07 -1.456777696886717188e-07 -8.679482319670141601e-08 2.634943879865273204e-08 7.920232659223240179e-08 1.764448686817189434e-07 1.530322301534291962e-07 1.920299432283006692e-07 2.491153335149973103e-07 3.877436550159424574e-07 4.486628425001842660e-07 5.062994842897177282e-07 3.910672517440456004e-07 6.127065875205301673e-07
1.336718808355278108e-06 -2.968962053212902539e-07 -2.772998228637657831e-07 -1.946035724061241303e-07 -1.708030658469816704e-07 -8.827444289332944093e-08 -1.365403537725292928e-07 -1.001820518131440190e-08 4.901392976962431207e-08 9.430231228081434468e-08 1.606876183551489041e-07 1.760860102343765204e-07 1.464703696959374656e-07 1.584777344899138107e-07 1.369853691239631864e-07 2.292690112796513951e-07 2.514783822519113371e-07 4.324476796442040085e-07 3.367073668855575703e-07 1.824975537458975480e-07
3.126929468678477981e-07 -4.126199888545659895e-07 1.742344345373240749e-08 1.752521985251206864e-07 1.949577759502920295e-07 2.548297597357550382e-07 2.100530720774808083e-07 2.276709865008271855e-07 2.665534452438461387e-07 1.912882560260752881e-07 1.808868481588931651e-07 1.176523140857597047e-07 7.380015375872117130e-08 3.141075710136752426e-08 2.938958561240777276e-08 7.510742876161426994e-08 8.109945432716452664e-08 2.717151445948057140e-07 3.223824931824934035e-07 -5.678906877836062622e-08
-3.284229157992003199e-07 -2.826418910650200215e-07 1.714713770762906479e-07 3.333556020687310554e-07 3.685327255782471753e-07 4.038908559167766642e-07 3.547521948557176702e-07 2.870576611657434530e-07 3.059975874814227120e-07 1.863950303242289644e-07 1.355467216393647776e-07 1.437939620653494305e-07 5.958950258652362954e-08 -6.576724565580219615e-09 4.176154285265554526e-08 6.276089814515691220e-08 7.804242402666907830e-08 1.629423142075389854e-07 3.510306751373767805e-07 1.812965137463196370e-07
6.064978787631569554e-07 -1.232016280684505134e-08 7.920358259348056111e-08 1.371030301867386668e-07 1.195269138914866501e-07 1.521629486795753879e-07 3.522895197169434457e-08 1.939423955804237691e-08 9.048562936561108908e-08 5.931139507902873418e-08 6.664590632749637188e-08 1.823046179352319244e-07 1.509134417059314537e-07 1.377414874205358793e-07 2.046886444835708380e-07 2.689762322289125139e-07 2.898823851216040948e-07 2.718212164183885083e-07 3.786420802544028872e-07 8.530905437858446988e-07
1.571966734433210526e-06 -3.681693905185719847e-08 -5.949072968215946252e-08 -1.010914839548995823e-07 -1.428576333314959127e-07 -1.071803413676843006e-07 -2.289206394147739848e-07 -1.872070194377764382e-07 -7.570591875958426994e-08 -1.905612751945021704e-08 1.778051603981022768e-08 8.168711742805417115e-08 1.741296268168490123e-07 2.147105375884647687e-07 2.398866321238754694e-07 3.743097233795455862e-07 4.656852982246720743e-07 5.250183081556132689e-07 5.279241496088589234e-07 1.392733520043075717e-06
7.729224842803701022e-07 -1.920908218783927624e-07 -1.999699844929333166e-07 -2.814325840742971270e-07 -2.139700391711073377e-07 -2.360867216598663620e-07 -1.643820430653718254e-07 -8.519520026791695841e-08 -3.450780314035384286e-08 2.985621357300451211e-08 8.017525794746820555e-08 4.373451570737735291e-08 1.557516217597700039e-07 1.775950203491991953e-07 1.489057739067257352e-07 2.328466263378933412e-07 3.966979351129685448e-07 5.743395231512551598e-07 6.309830965407748018e-07 1.046573524590041833e-06
-9.349765062701420504e-07 -3.910400791395489510e-07 -5.070425516627121808e-07 -6.283175658897196611e-07 -4.483842257042756247e-07 -4.631850486494658377e-07 -1.392211436092785172e-07 -3.077333971189490545e-09 -4.022493618800040259e-08 3.975078235765884114e-08 1.824132599664376401e-07 2.076314009590244506e-07 2.386872167414168735e-07 2.635451112190574911e-07 2.359963398482448164e-07 1.738347667167418556e-07 2.705776935911003283e-07 4.196884730578585320e-07 5.157337353474778719e-07 8.680301568701000182e-08
-2.004896741950630155e-06 -7.405807716427689096e-07 -7.751885485777746948e-07 -9.470396032819206008e-07 -7.684243948407731611e-07 -6.561344550043851958e-07 -3.080416995339975417e-07 -1.928328278630388770e-07 -2.268280879349077146e-07 -9.649390285180340261e-08 7.547983294709528953e-08 2.384068665476455676e-07 2.877824500305766654e-07 3.976872236630806790e-07 4.412010019087395472e-07 4.053669519095177608e-07 3.675124758045653273e-07 3.512237016957672852e-07 3.925182106567548196e-07 -6.583079437750381372e-07
-2.522222973005905488e-06 -8.137517771996405089e-07 -6.597596576107675058e-07 -8.583081946701321023e-07 -7.818136995009731983e-07 -6.175682007092349530e-07 -5.049610838853907295e-07 -4.339778797534365555e-07 -4.331387437764705159e-07 -3.102632500872017877e-07 -1.969683424044206093e-07 1.312463899893667666e-08 1.916909729146978534e-07 3.588035740667276719e-07 4.586429329220246695e-07 5.880810486249260844e-07 5.008477965304470647e-07 3.223520696321298482e-07 4.299744142808471167e-07 -4.898166850612662307e-07
-2.701370157370690141e-06 -5.722994538089784407e-07 -3.291050787815425828e-07 -4.051428468574140647e-07 -4.114711351976176627e-07 -3.034187978084797962e-07 -3.675447403311128651e-07 -2.752935550975039250e-07 -2.813501854912225675e-07 -2.160394454029897611e-07 -1.451350122639877436e-07 -8.072237977460998402e-09 1.604274679138919423e-07 2.386711617798799455e-07 2.752322978489932242e-07 3.507489918493858262e-07 2.320235650070380999e-07 -2.828994176208491122e-08 7.187191386842564977e-08 -2.494220248496713517e-07
-2.056323916743058856e-06 -7.154938307734767449e-08 1.512375968862700124e-07 3.043046215311680870e-07 2.391215736129392738e-07 2.229825894161716362e-07 1.412993572285469310e-07 1.957115716066146936e-07 1.725662942439177411e-07 1.511179225572993176e-07 1.361692993131197374e-07 1.064400702574718983e-07 1.050780465932762405e-07 1.227258001289838593e-09 -4.909605109054567610e-08 -1.418123455761209539e-07 -2.981303803625490394e-07 -5.736206094731686016e-07 -7.284876559793049744e-07 -9.143966998445253844e-07
-1.013414687844688918e-06 6.327997760137755449e-07 8.389497951985913503e-07 1.009488221114450007e-06 8.399033946294133749e-07 6.694251686073329211e-07 5.558510450981476365e-07 4.836614671434881280e-07 4.280157224483340989e-07 3.048461958917449526e-07 1.640550260464646117e-07 -9.864893741905345559e-09 -1.542860767403795815e-07 -3.770336955468174105e-07 -4.341206963278855100e-07 -5.698103565720807712e-07 -6.799820312041549386e-07 -8.405848008104454336e-07 -1.169729896232086630e-06 -1.537175940989006304e-06
-1.156809411434919074e-07 1.179613242854443077e-06 1.340999555859912008e-06 1.296196051164682417e-06 1.034405088090039846e-06 7.803965483838518776e-07 5.937669844462721400e-07 4.144786864498973026e-07 3.213416101813859725e-07 1.702939240536601907e-07 -2.677001055903399521e-09 -1.960019992892703079e-07 -3.713704925383340205e-07 -5.853947168300264686e-07 -6.714074192296409645e-07 -8.321901915648442854e-07 -8.868401449599845378e-07 -8.732631172470688203e-07 -1.233603320817077529e-06 -1.562438647852721378e-06
2.284942629251026028e-07 1.271937555750748400e-06 1.366250266457084132e-06 1.183534754225327120e-06 8.908707284862824916e-07 6.458045431602113997e-07 4.525698286697875908e-07 2.107359769211635312e-07 9.251860553252080543e-08 -3.399766389238998369e-09 -1.155473550795924431e-07 -2.630516059901108031e-07 -3.816491731095541270e-07 -5.158122358676080316e-07 -6.562146030114211732e-07 -8.416310359754884009e-07 -9.038565136735868034e-07 -8.345748001316608785e-07 -1.169996006686434798e-06 -1.224050114774228290e-06
2.155386369012237181e-07 1.188027992624550003e-06 1.247084349016226154e-06 1.055321454133161821e-06 7.783835043342680178e-07 5.470440740944457769e-07 3.428827544478718951e-07 8.199632207220960365e-08 -4.848317556880809228e-08 -9.134975245726809731e-08 -1.548614164173883753e-07 -2.898464236830530987e-07 -3.780648245816578568e-07 -4.433293773224175359e-07 -5.617935734849359385e-07 -7.025958687453119115e-07 -7.760014275367167644e-07 -7.804918152449727701e-07 -1.063468957882902895e-06 -8.157609814079413430e-07
6.772971278805869041e-07 1.380903510520565920e-06 1.412378965409240001e-06 1.196797874717667128e-06 9.014449335559618323e-07 6.302938195374801486e-07 3.692330050006066608e-07 9.240209727814136395e-08 -6.862498125922576926e-08 -1.611426198968106351e-07 -2.751345528037151508e-07 -4.319802028777840276e-07 -5.334858746466218381e-07 -5.769195191356899228e-07 -6.862835952331382942e-07 -8.005734890145092295e-07 -8.504566557393319098e-07 -9.597937361796800868e-07 -1.150285265447996402e-06 -6.786761939600678998e-07
1.075914795065134855e-06 1.593627189338752753e-06 1.595860008654318367e-06 1.389684373458263851e-06 1.079322723672744414e-06 7.744862124476621195e-07 4.933205793010619881e-07 2.016200665560936762e-07 -1.013982259106731114e-08 -2.054195857454705726e-07 -4.413316690908648916e-07 -6.128348147634267273e-07 -7.203740948959096725e-07 -7.670935422099356398e-07 -9.197131187577636183e-07 -1.012316107156345250e-06 -1.048386264214604195e-06 -1.235619081323721326e-06 -1.308182847102384429e-06 -7.618367158791949401e-07
5.926882174805566213e-09 1.231018525745774305e-06 1.386027323664905678e-06 1.332310851047277369e-06 1.134449299291403152e-06 8.595910511646779592e-07 6.026302555593940205e-07 3.338547318155169136e-07 1.120566285943390732e-07 -1.127034436393484284e-07 -4.029204440700149295e-07 -5.833355437016194789e-07 -7.187187139241703415e-07 -7.595638213497272485e-07 -9.164265182599822342e-07 -9.454516598671429604e-07 -9.931364232469818430e-07 -1.198347102492448441e-06 -1.210605708213546172e-06 -1.010559610080853668e-06
-1.900092217545207644e-06 5.369851892787154083e-07 9.706866060619727309e-07 1.051140457128097313e-06 9.845128461403743962e-07 7.962313100628596559e-07 6.030256077319684115e-07 3.960526967986839247e-07 2.370055457718097929e-07 3.578611588075507645e-08 -2.034391174227889785e-07 -3.605124462085679094e-07 -4.958460438715064049e-07 -5.349110774746174479e-07 -6.195454510435299511e-07 -6.375286764313003689e-07 -7.007156861570745956e-07 -8.179258503096303526e-07 -8.354407255011959641e-07 -1.394226836388281884e-06
-2.571942156947764566e-06 2.302161817745341761e-07 6.567116223833094241e-07 6.578683936562856750e-07 6.466338208971202826e-07 5.889553692560671495e-07 5.005968643131733614e-07 3.183240173520194492e-07 2.091811323823978163e-07 5.319792171474464082e-08 -1.251016623842539775e-07 -2.099470101085051360e-07 -2.942657529519065281e-07 -3.498580764654670438e-07 -3.555044257659430799e-07 -3.866160218444364960e-07 -4.227240719233977453e-07 -5.192981396456185415e-07 -6.226295806515948343e-07 -1.707686505869413928e-06
-1.188156350950554522e-06 4.569681893255729324e-07 5.686997792714571149e-07 4.208043337108532940e-07 3.418457984534845632e-07 3.293695418295714886e-07 3.163236056235160044e-07 1.806481762430545894e-07 5.742622915377431621e-08 -3.109959807750747004e-08 -1.580144247065111119e-07 -2.276337037357603135e-07 -2.874937022691769833e-07 -3.768554415916040544e-07 -3.625722774404958294e-07 -3.668353904062318937e-07 -3.836894225134438285e-07 -5.481142675856833363e-07 -6.749477188190636804e-07 -1.497848074834101703e-06
6.265447207940233687e-07 5.403914971606262601e-07 3.533899511785722247e-07 2.403095859770009309e-07 9.576083023166693733e-08 5.434128217343370229e-08 6.203792822492402023e-08 5.780452467924665997e-08 -5.795134098433738813e-08 -1.434033710992775284e-07 -1.470620691003990095e-07 -2.182834601479634980e-07 -2.492178040580549292e-07 -3.598442339998206717e-07 -3.593539335146684136e-07 -3.474344060990744559e-07 -3.921961917238960403e-07 -4.004490903294356211e-07 -2.831267157475671552e-07 2.764072849415587199e-07
1.198150673779218561e-06 -2.412303429866958887e-07 -5.196209894179671152e-07 -5.332766835116173825e-07 -5.225262094062548623e-07 -4.190149268916550862e-07 -3.154239741556066403e-07 -1.602212331476603559e-07 -8.253893513340539749e-08 -6.337023650202961199e-08 4.972374146415943973e-08 7.455507198285773863e-08 1.216790345465889892e-07 1.261582851641157689e-07 1.252945360528626866e-07 1.730034044347120924e-07 1.967018811790828574e-07 4.331809851569764254e-07 6.406984503811013538e-07 1.611700353887216477e-06
6.055583927269071791e-07 -1.008530789212487475e-06 -1.180395309513917321e-06 -1.055520711426710373e-06 -8.425205590314933394e-07 -6.563556219372897402e-07 -5.139800622661944641e-07 -3.177329628363798915e-07 -1.195863016075431723e-07 7.789493179178651851e-08 2.300268939452978562e-07 3.415770824714140907e-07 4.657303274782511574e-07 5.672309308845894515e-07 6.602663859453833041e-07 7.221396466528858682e-07 8.436108826519579159e-07 1.006870475116600006e-06 1.161562418962122983e-06 9.833627531128094028e-07
-4.104337640269461284e-07 -1.107445934271448173e-06 -1.099713675484355444e-06 -7.338042126176222252e-07 -4.137600324188439529e-07 -3.675322216702512083e-07 -3.406342484933759968e-07 -2.879462265956421999e-07 -2.311254534403239123e-07 1.773189513348595620e-08 1.998633130197560822e-07 3.277625684035344001e-07 5.107840029250494830e-07 5.687894791154544180e-07 8.389667140272647126e-07 8.385670354153379092e-07 9.503612179424333835e-07 7.917816593616420365e-07 1.121333862949479018e-06 1.231963040782446729e-07
