-1.502042518298063456e-01 -6.594842641793498272e-02 -5.653250378306673429e-02 -4.586584953274018550e-02 -3.553654791718344891e-02 -2.880563179433879087e-02 -2.115406624301922195e-02 -1.507446323004368871e-02 -9.755446745073901096e-03 -3.195001495929610576e-03 1.951495538137372693e-03 7.953161774753971305e-03 1.099303653310676823e-02 1.525370428801561470e-02 2.026595549254340406e-02 2.645987225706982957e-02 3.256858452514787422e-02 4.094499957212252572e-02 4.851013715771294865e-02 7.280305606370753024e-02
-1.398603570025908904e-01 -6.098309462029267297e-02 -5.374007425672035904e-02 -4.394470415400588553e-02 -3.402606814688235309e-02 -2.776271394458612249e-02 -2.037869078160864725e-02 -1.464917787912174175e-02 -9.727500588752375013e-03 -3.376815092667542068e-03 1.447250577298011447e-03 7.212107623203791243e-03 9.659475367332512330e-03 1.341604341482389127e-02 1.795621997972927930e-02 2.359721519478007179e-02 2.891374310206055315e-02 3.635478406949583380e-02 4.202656133213037576e-02 6.240029489383776273e-02
-1.289809020808037887e-01 -5.667457801328230904e-02 -5.101040405576590803e-02 -4.196810171935063533e-02 -3.250327572747734040e-02 -2.664456389967704425e-02 -1.958022389105680203e-02 -1.417696521845185700e-02 -9.617060302568106178e-03 -3.517759282136970981e-03 1.018405091566716237e-03 6.524463221837762880e-03 8.560387681231221638e-03 1.192879919299258580e-02 1.609636337503630305e-02 2.127764749795999638e-02 2.599243052399136458e-02 3.267250047321428041e-02 3.701199360921064718e-02 5.452863878476773424e-02
-1.211136799446036194e-01 -5.387149932695220467e-02 -4.920825157826592966e-02 -4.065703156845115046e-02 -3.148629604712606389e-02 -2.588246676429046753e-02 -1.903082777279597321e-02 -1.384727047461784856e-02 -9.528852007776852928e-03 -3.598552467415466229e-03 7.442962694251645554e-04 6.075413375592998537e-03 7.839148126018999699e-03 1.096134890227562671e-02 1.488843226984269165e-02 1.975694731141302424e-02 2.407004155882754015e-02 3.023060746666965740e-02 3.367917411295390934e-02 4.925070416259955119e-02
-1.150996924614640510e-01 -5.194113650606320409e-02 -4.795952222988100061e-02 -3.974619630185308172e-02 -3.077855986790970638e-02 -2.533897894779520849e-02 -1.862539432977409690e-02 -1.360625603603707844e-02 -9.459008942097552400e-03 -3.646650394768725933e-03 5.569706660303872566e-04 5.766962899260421813e-03 7.337307720298094117e-03 1.029120551405082740e-02 1.405369460218052098e-02 1.869110532015619622e-02 2.271522675158901133e-02 2.849225900542824014e-02 3.130320868271867923e-02 4.543677331078257303e-02
-1.101283646518172593e-01 -5.050403548270492038e-02 -4.703371095249426342e-02 -3.907764838291779425e-02 -3.025333227447496096e-02 -2.492447379623265527e-02 -1.831794149582319578e-02 -1.341549802053797896e-02 -9.400888290535328040e-03 -3.677966968735970742e-03 4.236842366127871072e-04 5.542947787927996611e-03 6.968206168594042599e-03 9.799124123371437400e-03 1.343639613529510821e-02 1.789642821270256631e-02 2.169805027319104268e-02 2.715555682828426493e-02 2.946077013355418231e-02 4.244535926567664236e-02
-1.056368401541809415e-01 -4.933931994130725390e-02 -4.629482591649924927e-02 -3.855715285088074512e-02 -2.984167430367554510e-02 -2.459579569495792470e-02 -1.806359094899805812e-02 -1.325978930704387569e-02 -9.349862935638225334e-03 -3.698597582394776151e-03 3.140450462506233866e-04 5.353252522853064847e-03 6.663728343115304237e-03 9.404067167896662180e-03 1.294321322311288956e-02 1.725781251933156818e-02 2.085868824404520094e-02 2.606967489758981946e-02 2.794180502495660981e-02 3.992052451488244114e-02
-1.012108559870358165e-01 -4.828099312781507918e-02 -4.564781882262460705e-02 -3.811528225756008470e-02 -2.949548553742602219e-02 -2.431632724811257085e-02 -1.784709791339836663e-02 -1.313032566567206433e-02 -9.310463205553827157e-03 -3.723973170188784720e-03 2.141812080494639970e-04 5.183297534644273202e-03 6.396983416685588994e-03 9.061159917868193830e-03 1.250708220923757441e-02 1.669078498222742110e-02 2.011816833469154062e-02 2.509387159839757131e-02 2.657870896281436940e-02 3.762180979062422492e-02
-9.654898344474979743e-02 -4.720188286382029363e-02 -4.502099681444998724e-02 -3.770541653933660864e-02 -2.917735792965794536e-02 -2.406808747672979643e-02 -1.765066170091736386e-02 -1.301857452609453750e-02 -9.278232970816811462e-03 -3.761136747844258301e-03 1.033350366334205664e-04 5.005079873417133708e-03 6.132491672630859328e-03 8.745075527068466720e-03 1.209655625050504515e-02 1.615142107650008665e-02 1.940589549728285318e-02 2.415597349279744940e-02 2.525684873304827327e-02 3.535152730111407182e-02
-9.132565490516375561e-02 -4.601981893019076869e-02 -4.435158776292222327e-02 -3.727991977884695385e-02 -2.885942507269454241e-02 -2.382351028046528901e-02 -1.745404799573432517e-02 -1.291983561344651511e-02 -9.260030429406708799e-03 -3.809360703623660121e-03 -1.782114432411546477e-05 4.795719204770209840e-03 5.846793751951935049e-03 8.413488547829094805e-03 1.166781583240501970e-02 1.557837021010552957e-02 1.866174106812258648e-02 2.318067351686825886e-02 2.388764782298708964e-02 3.296175329643698249e-02
-8.534950665851261109e-02 -4.464172175213757671e-02 -4.357613934474532935e-02 -3.679737337899719601e-02 -2.849242906002561956e-02 -2.356236321542736281e-02 -1.724390783604292168e-02 -1.282457663482816472e-02 -9.246232403710117481e-03 -3.876230682311266555e-03 -1.637053934952219670e-04 4.557314820392789102e-03 5.528206453701001166e-03 8.048052718067673014e-03 1.118806693109144872e-02 1.494969737868841707e-02 1.784624750074166252e-02 2.210014755058396438e-02 2.236676109632003417e-02 3.032711809519914037e-02
-7.843151409612658664e-02 -4.298024338113007325e-02 -4.263881226145338488e-02 -3.622932281349382916e-02 -2.807180332312485954e-02 -2.327683390216373979e-02 -1.701560720964858872e-02 -1.271763534944035830e-02 -9.229154590208019440e-03 -3.954106124686631446e-03 -3.296030862461882868e-04 4.282073028290341379e-03 5.159211713643524835e-03 7.630365185575072734e-03 1.064190060718033480e-02 1.421238300728581115e-02 1.690690631323017723e-02 2.087617397825030502e-02 2.064047547448282643e-02 2.730812549175439322e-02
-7.036720642707768036e-02 -4.093292821526012953e-02 -4.148461743293779813e-02 -3.553232463754858739e-02 -2.756174914770282910e-02 -2.294131140861601151e-02 -1.675424944398831370e-02 -1.259034423535694905e-02 -9.211917518155129936e-03 -4.051664145851306686e-03 -5.386930583207120028e-04 3.943245982484687093e-03 4.708086080315696149e-03 7.125435887745644632e-03 1.000111622940948880e-02 1.335496127838186990e-02 1.579609434644278082e-02 1.943919351690110917e-02 1.863813298450208919e-02 2.381325309326159587e-02
-6.095822344519168101e-02 -3.837690822814077835e-02 -4.003458728436731784e-02 -3.465500960138415132e-02 -2.691974815130948606e-02 -2.252645345885876532e-02 -1.643130601768223037e-02 -1.242047908891039110e-02 -9.182699395811764337e-03 -4.159200971134696147e-03 -7.974676773210837141e-04 3.530622167846634782e-03 4.148799521449102537e-03 6.496698085478758156e-03 9.212950615057417456e-03 1.233140760980883620e-02 1.447152882182179377e-02 1.772413459991011367e-02 1.625930730556713819e-02 1.968437214392839210e-02
-4.996161775725670856e-02 -3.515842423222875074e-02 -3.817519035846217434e-02 -3.350518715393226848e-02 -2.607954121766201463e-02 -2.196902980745028475e-02 -1.603527631559686570e-02 -1.219282525301813858e-02 -9.150186786000616412e-03 -4.317593112563719408e-03 -1.140612255347591862e-03 3.009374421523981508e-03 3.442604686071454572e-03 5.706131083607860789e-03 8.212693259727685616e-03 1.109101311143735613e-02 1.287450008983875328e-02 1.564967075245898148e-02 1.341054586349048339e-02 1.480015042646140762e-02
-3.724018457680209476e-02 -3.113353217685989327e-02 -3.577882834192376571e-02 -3.195384046586748766e-02 -2.495982370449031928e-02 -2.121260577184890667e-02 -1.552563745445117299e-02 -1.192101233835180830e-02 -9.139268347206819590e-03 -4.558664293158231663e-03 -1.594734630388610665e-03 2.348705269508029585e-03 2.541320817965502746e-03 4.704984323916311904e-03 6.955443364425857068e-03 9.562075491911972702e-03 1.090792639966513267e-02 1.315533852617695870e-02 1.000230318198938768e-02 9.061327397822154656e-03
-2.277646131973200608e-02 -2.614425957306885928e-02 -3.271602234097109596e-02 -2.987290816089161610e-02 -2.343028171530462875e-02 -2.016326909211081653e-02 -1.482530116552463126e-02 -1.156373267082205260e-02 -9.128514119869103258e-03 -4.870448332796400125e-03 -2.159460942352919421e-03 1.512782551722256915e-03 1.421617044548686157e-03 3.426243616994587623e-03 5.390189622692873050e-03 7.666016935507457414e-03 8.490209022329636701e-03 1.008193379144973513e-02 5.861421463330615533e-03 2.356901412906886855e-03
-6.992034107229991649e-03 -2.014782140353121170e-02 -2.894523418203801338e-02 -2.721412007284389895e-02 -2.135969305933697188e-02 -1.871501338493979094e-02 -1.382724558769837624e-02 -1.101015100221635137e-02 -9.021439170820069048e-03 -5.165057296352075500e-03 -2.801900093533855971e-03 5.334531112351132733e-04 4.303386828963651331e-05 1.805018047796474925e-03 3.438638224311689386e-03 5.342840067070654328e-03 5.573753113540066972e-03 6.387831335756253594e-03 9.587505274886157962e-04 -5.297244630101329184e-03
9.235326895040212383e-03 -1.313592532617347854e-02 -2.444053495086441485e-02 -2.399245166306060092e-02 -1.869905890171599458e-02 -1.676999434728079774e-02 -1.241416220767356353e-02 -1.012744331754637447e-02 -8.734426239594920288e-03 -5.369173458565503800e-03 -3.465644824148158935e-03 -5.367045101885092135e-04 -1.578125301652709206e-03 -1.339331160334741226e-04 1.114172234185728180e-03 2.569510641572298002e-03 2.137675723038081135e-03 2.076605136002740784e-03 -4.649508956831806608e-03 -1.388788686525313509e-02
2.479065732078241865e-02 -5.372491282764146371e-03 -1.925291413030734422e-02 -2.025391172046230731e-02 -1.556262276606601089e-02 -1.436890398856847939e-02 -1.056294434716308246e-02 -8.884614702329641373e-03 -8.196011421140493580e-03 -5.395722304254860387e-03 -3.994680010245442968e-03 -1.618652809929678384e-03 -3.304439006095854017e-03 -2.258046065870403414e-03 -1.505203888676510081e-03 -5.984030705443937415e-04 -1.725858748638353602e-03 -2.781584807712618717e-03 -1.082740591719628248e-02 -2.326222249212392748e-02
3.850509647986895961e-02 2.910011842658373309e-03 -1.356249978218160637e-02 -1.617841228617549268e-02 -1.220097358035237244e-02 -1.166111803061897594e-02 -8.401878007625717543e-03 -7.333881460131727419e-03 -7.432919010060449506e-03 -5.176421932176551721e-03 -4.294699211727188645e-03 -2.582733042924814561e-03 -4.975936923848060800e-03 -4.445338369050888007e-03 -4.260305988678280559e-03 -4.027775567365546837e-03 -5.870588531529063320e-03 -8.020486531566639946e-03 -1.735569347601948267e-02 -3.315130666522832920e-02
4.926144819449403828e-02 1.105558200714587720e-02 -7.969518352209468276e-03 -1.217364693568598159e-02 -8.838994192015758519e-03 -8.825997792181983562e-03 -6.105933269378513439e-03 -5.478227699767601079e-03 -6.333901443474640111e-03 -4.626670976473204640e-03 -4.268412081499544167e-03 -3.301253753913058371e-03 -6.496862005974637401e-03 -6.520839184276288301e-03 -6.930212392916617475e-03 -7.479264855704104153e-03 -1.005511431039844868e-02 -1.330828265335998878e-02 -2.384559350365841532e-02 -4.329200398549174628e-02
5.617981852958880973e-02 1.826099483053034503e-02 -3.057878267565893472e-03 -8.566003241810346905e-03 -5.796081882068815361e-03 -6.381745311296852310e-03 -3.928480715697501950e-03 -3.493394315547742376e-03 -4.916410428993787940e-03 -3.802497238535171818e-03 -3.973736128573107304e-03 -3.637455038789479816e-03 -7.684131993642720482e-03 -8.210403392895545757e-03 -9.232880526919822611e-03 -1.062884094229400028e-02 -1.399561272696338635e-02 -1.820630957632259767e-02 -2.987816392538386601e-02 -5.297647861505844213e-02
5.852101490125061201e-02 2.378248608039655598e-02 5.751042975731566554e-04 -6.181488961751122925e-03 -3.641177544867169828e-03 -4.745167858184342821e-03 -2.220599985684600531e-03 -1.754124374892911120e-03 -3.315856105689014236e-03 -2.671691233488020928e-03 -3.253590613837227790e-03 -3.380849340774679749e-03 -8.246831559443380116e-03 -9.150504603788741503e-03 -1.076853465790384573e-02 -1.310748447694321493e-02 -1.738600751770481845e-02 -2.241309460457617184e-02 -3.490610015166623753e-02 -6.129516446164176569e-02
5.678985316924363425e-02 2.677242131026105060e-02 2.224368170949055264e-03 -5.637621111344030128e-03 -2.877745349656320520e-03 -4.261240348401511974e-03 -1.351501957712764089e-03 -5.135031673111522437e-04 -2.027624362511975305e-03 -1.540219562828090564e-03 -2.174908509838082045e-03 -2.646127266181688090e-03 -7.996476185186942795e-03 -9.170246395224018396e-03 -1.123127254576071835e-02 -1.438825249444944387e-02 -1.965728072130899784e-02 -2.545526298087476963e-02 -3.821437770110965026e-02 -6.747143239166354667e-02
4.644875663411286021e-02 2.609405243481398642e-02 1.632093040558916998e-04 -9.074108607656148490e-03 -5.550220684440121573e-03 -5.893870608976153197e-03 -1.397073200979856650e-03 4.801067479011474808e-04 -6.824126421683696661e-04 5.236484519136028101e-05 2.100825481747333335e-04 3.354456621857638209e-05 -5.820372134367190857e-03 -7.386712101582705928e-03 -1.003248942452877879e-02 -1.425836007816001956e-02 -2.113708591888148469e-02 -2.701687590502361083e-02 -4.059107341377839878e-02 -7.527905163100646890e-02
8.391883294121469522e-03 6.060081161841443173e-03 -1.725715364263019982e-02 -2.562119612273670161e-02 -2.115109385567593911e-02 -1.875655505260631628e-02 -1.172341594930680075e-02 -6.750994077381189742e-03 -5.990734437729373744e-03 -3.341815710194580812e-03 1.584572525856786521e-03 3.990043748905039954e-03 2.220627224733404874e-04 1.110974243848650506e-03 -1.282211414256540860e-03 -3.066138824981907811e-03 -8.549626226095096912e-03 -1.073235633657466069e-02 -2.126034876474958840e-02 -5.415959674394128093e-02
-1.157381813195329338e-02 -1.025950857324369261e-02 -2.942447928779814287e-02 -3.805918562376032349e-02 -3.593827534571500393e-02 -3.239962861873534744e-02 -2.552908487988146333e-02 -2.027743342020038239e-02 -1.867321303580996711e-02 -1.390584622616991214e-02 -5.578595944356482331e-03 9.360589354077581163e-04 8.844769535250636286e-04 5.434896273998791362e-03 4.750339220570667757e-03 8.073493265420100123e-03 6.652339841108288222e-03 1.089084268602422134e-02 8.673692996632040991e-03 -8.976028931776581718e-03
-2.875833311643488308e-03 -2.021946208725284092e-02 -3.438297248151556823e-02 -4.426202519567613153e-02 -4.391432522808885047e-02 -4.075082020745884187e-02 -3.435304561531665052e-02 -3.080541456084051957e-02 -2.824784059675891981e-02 -2.220116576361167576e-02 -1.256125149069142397e-02 -2.646213566160204780e-03 -4.599426659604075561e-04 5.600519224574514350e-03 6.711329817436406144e-03 1.383024543975551295e-02 1.812008961202868362e-02 2.786760410605663291e-02 3.034058107722483258e-02 2.216895714964961864e-02
4.926937161013542066e-03 -3.395518271605141997e-02 -4.043863831639216144e-02 -4.689919969991459409e-02 -4.435128651474311984e-02 -4.064206029100506795e-02 -3.456298762277974085e-02 -3.306754703813272189e-02 -2.942384651860393413e-02 -2.395728568772807765e-02 -1.479987148615561493e-02 -3.271548554333299740e-03 2.088510590108590213e-04 6.663848098276030536e-03 8.185113371769331403e-03 1.739497680180357442e-02 2.548248749158604082e-02 3.866605241489730338e-02 4.493089598374989252e-02 4.004446934228422794e-02
2.221532781685760932e-02 -3.788946297473456265e-02 -3.796402361854255697e-02 -3.996672148413637354e-02 -3.455145673952463026e-02 -2.995186368735336391e-02 -2.466426431378506909e-02 -2.511439584175320996e-02 -2.322881364162063256e-02 -1.944320462721883455e-02 -1.508700042937486697e-02 -6.457709531114901903e-03 -2.174139012596902534e-03 3.330985719119904098e-03 2.782225974538278350e-03 1.157704474523030096e-02 1.903218611255464918e-02 3.548648778162350609e-02 4.528524996679571257e-02 5.047800242968070172e-02
5.828871598621494787e-02 -2.204683825587656562e-02 -1.961364608253384975e-02 -2.022069098868762085e-02 -1.674278607515259504e-02 -1.367867666011919787e-02 -1.105795570434754509e-02 -1.499251358063459841e-02 -1.616569132500512984e-02 -1.634572731323365169e-02 -1.908513204299541050e-02 -1.487313637110133056e-02 -1.115722881984427400e-02 -5.782470269221366178e-03 -8.913039217010797557e-03 -3.077523072644668903e-03 1.820381375504036107e-03 1.872931373695644469e-02 3.310964989056980334e-02 5.263183617360188415e-02
9.486080878089538093e-02 9.240300319681980443e-03 1.125321047502027272e-02 5.488315560562333217e-03 2.305656655125206799e-03 3.480026735720868664e-04 4.297960030902712872e-04 -8.902393646614041589e-03 -1.486280425129115311e-02 -1.911231494487309127e-02 -2.578862455172288223e-02 -2.444141607389944959e-02 -2.089180926524141987e-02 -1.537863350526240923e-02 -1.851407035021712319e-02 -1.723912022542389844e-02 -1.431418077199857718e-02 1.546443651188673506e-03 1.903347179625383689e-02 3.985976505675686843e-02
9.665918352872020225e-02 4.446434664549508281e-02 4.023480489732390863e-02 2.342393991618790111e-02 1.114985627715815199e-02 7.697709433610406757e-03 7.119561185450976569e-03 -6.555317278500506252e-03 -1.474181600700880113e-02 -2.042800368511288323e-02 -2.733353813653334810e-02 -2.707279370599161017e-02 -2.178381432040280355e-02 -1.792172301234879264e-02 -2.169822293436598007e-02 -2.389620798442170305e-02 -2.003478450309664760e-02 -6.456050103213913614e-03 1.078839149406927468e-02 2.588597501491376671e-02
9.956883996677182158e-02 6.654803971896110226e-02 5.218527732175350098e-02 2.853722027191494051e-02 1.409527769507326958e-02 9.822134973055155274e-03 8.665726877395408395e-03 -6.222132157954534011e-03 -1.394654483031576922e-02 -1.924207093642606170e-02 -2.498853905922000795e-02 -2.353983127560605598e-02 -1.702851684040385116e-02 -1.360761792457304033e-02 -1.801241704882812142e-02 -2.173024781354391741e-02 -1.701484495385075305e-02 -9.330834497272143258e-03 6.156264443841274548e-04 -5.809165043422671523e-03
9.815862413775894302e-02 8.020137421538452160e-02 5.221947253471954237e-02 2.391069392548159436e-02 1.356979420762545636e-02 1.002076264427894693e-02 6.701096722718252567e-03 -7.487268333597670369e-03 -1.273044172923652392e-02 -1.813318946384219477e-02 -2.269121687297732601e-02 -1.916510405793046129e-02 -1.217164223707266346e-02 -7.779529349710771063e-03 -1.019832950384573500e-02 -1.147821189910759945e-02 -5.708318218315579576e-03 -3.383860444762992747e-03 -2.517277360080145011e-03 -3.370246259003828460e-02
8.061201205118272151e-02 7.913994414298652913e-02 4.660799658480271196e-02 2.034666467464529491e-02 1.399350895628372234e-02 1.110246136207294551e-02 6.112440960409792727e-03 -7.115674601012305679e-03 -9.008879874600004417e-03 -1.523796915150911653e-02 -1.880894327270162328e-02 -1.388366510439117615e-02 -9.046096432937425491e-03 -4.365900693638525773e-03 -3.959390425798696780e-03 -3.114116631498521550e-03 3.156246243358438140e-03 2.801507668108595746e-03 -2.495818692863891169e-03 -3.553794412876225273e-02
6.727190260525484078e-02 6.307256174666066306e-02 3.744573573700431951e-02 1.960112411386820061e-02 1.588537269595717560e-02 1.311676896101800043e-02 8.339615179458907679e-03 -3.912474174188916749e-03 -1.937215555376571498e-03 -8.306071725799399688e-03 -1.277741489369323483e-02 -9.285471380772909733e-03 -9.057892987351889164e-03 -7.635056919948869127e-03 -4.501765858018733774e-03 -4.015528834913612184e-03 1.145550094278219733e-03 4.546021979832923048e-03 -1.105646451692600916e-03 -1.926784102509800783e-02
5.128405517809663666e-02 3.864092495554667661e-02 2.216580806191199848e-02 1.518084883116141773e-02 1.606176428002485321e-02 1.366644008935208668e-02 9.406845366891189789e-03 -2.357109275909733889e-03 1.264618295894987888e-03 -2.881128072755257709e-03 -7.738196519391413696e-03 -4.433488796132200281e-03 -8.024562525910494681e-03 -1.167677848401043293e-02 -8.946005629402066853e-03 -8.811498459064599775e-03 -4.760101070337120766e-03 5.478948047513975371e-03 7.905974504914330472e-03 6.513333146087865386e-03
3.863971240513356525e-02 1.979158423018035837e-02 9.783296964515285701e-03 1.062088107198071001e-02 1.280370972644878820e-02 9.822115492613024343e-03 3.208169727065598997e-03 -6.316438285776992088e-03 -2.896678183568078026e-03 -4.977318217682677112e-03 -1.003727617235385464e-02 -7.575257683502205526e-03 -1.157328586024766563e-02 -1.788116765479303913e-02 -1.394339300188337551e-02 -1.134419330035217437e-02 -5.014662717006223951e-03 1.126264316330438144e-02 2.171088139284373109e-02 2.994193812955312298e-02
4.412959306808831444e-02 7.637613809893961485e-03 8.304307927519352260e-04 7.394850891845244044e-03 9.308429072300263007e-03 5.209684623703781346e-03 -3.145735879786039357e-03 -1.030458655072594154e-02 -8.659528110685999966e-03 -1.026414501037226611e-02 -1.784156447440402027e-02 -1.894843075045832964e-02 -2.078394031426925720e-02 -2.635465085831650497e-02 -2.043281143225064017e-02 -1.533745504100916465e-02 -5.599336401365727876e-03 1.447450673462134275e-02 2.780245141738612799e-02 4.457822403635980368e-02
3.305076640431802576e-02 3.662071849546395070e-04 -3.097484949211962678e-03 4.316027329560016487e-03 6.718153718763244381e-03 2.663775413576765887e-03 -3.861226593589802032e-03 -9.866997324806520836e-03 -1.032345536460725112e-02 -1.371164380936850009e-02 -2.200027842950011761e-02 -2.786961196912943195e-02 -2.905421454689986749e-02 -3.118780853416492846e-02 -2.362232814541380399e-02 -1.766223668363102461e-02 -3.315209463925180341e-03 1.648074242443980583e-02 2.762936009663910161e-02 3.053749873755073549e-02
5.810233460319821908e-03 1.093002971958719301e-04 4.007475721759447274e-03 9.208539304671749595e-03 1.419821165888691082e-02 9.932423631776779449e-03 6.288046053191673548e-03 1.043910965369654033e-04 -3.901141094571841141e-03 -9.857894187982765496e-03 -1.826275829214172794e-02 -2.953638096603291088e-02 -3.295970735769158944e-02 -3.648271204425136000e-02 -3.173271767181858050e-02 -2.655076895635070239e-02 -1.203316751491242780e-02 1.042283430399068567e-02 2.148803754876703331e-02 -5.612233971764075567e-04
-1.737857567007925624e-02 -6.175860950434474425e-04 1.356034897419275236e-02 1.764037886016133275e-02 2.605956134907926047e-02 2.115537588729964058e-02 1.815983259524923607e-02 9.776232863520356933e-03 2.913727305901704645e-03 -3.526634708096105901e-03 -9.998879005942321735e-03 -2.550490868624219476e-02 -3.424456055329810900e-02 -4.261349469989005739e-02 -4.049358161738113998e-02 -3.656735474031581890e-02 -2.513405090450891027e-02 2.457808124510080759e-03 1.560281744622075278e-02 -1.141296621585330753e-02
-7.576761566556645781e-03 -9.975074204142471055e-05 1.657046601669142846e-02 2.181476052173151811e-02 2.925922646418634490e-02 2.680957706152529291e-02 2.070983360007661381e-02 1.373364117615473966e-02 7.169133392015494127e-03 1.349510769386258642e-03 -4.322274640158298847e-03 -2.174559762053312681e-02 -3.342402354056148855e-02 -4.817875498538220363e-02 -4.911165827381043514e-02 -4.516468535450423455e-02 -3.616177430551304611e-02 -6.073790942496515646e-03 1.557559183962497519e-02 -2.884806056547059745e-03
1.592573107768537402e-02 -1.046940383806137936e-02 4.507714493768544620e-03 1.406415011072961394e-02 2.265687994976168032e-02 2.766955121876891327e-02 1.984254084701181017e-02 1.660457790480392853e-02 1.122933530772798894e-02 3.509728831422869073e-03 7.177686757785577088e-04 -1.881144014097077544e-02 -2.798965314906301169e-02 -4.517855941722955654e-02 -5.009252802820418626e-02 -4.890814437418599531e-02 -4.296734039487359186e-02 -1.182743982914102876e-02 1.667662952954557590e-02 6.979122598925068324e-03
3.327475087705224904e-02 -1.488903668822920585e-02 -6.727547509944959044e-03 4.512732450344394790e-03 1.304763837398036259e-02 2.470975571843283397e-02 1.637254387928288243e-02 1.635577280141081724e-02 1.057590351220429742e-02 4.092423674541804772e-03 4.039183790126908355e-03 -1.509019914890302391e-02 -2.119916293008681715e-02 -3.790657127437011692e-02 -4.642765576597175647e-02 -4.865886518361769997e-02 -4.245948697583528525e-02 -1.132136329613347980e-02 1.957370671895173470e-02 2.602760306274078984e-03
2.854270026461094151e-02 -2.013587409704574449e-02 -1.381246118172310688e-02 -2.066800936233228678e-03 6.003120947635583529e-03 2.123890697246053061e-02 1.400245132451328339e-02 1.883608727429043894e-02 1.262244588755335496e-02 8.432924379203019308e-03 7.590876018100503608e-03 -9.653470196009027518e-03 -1.378372424769716727e-02 -2.849441803320717712e-02 -3.771104799536116603e-02 -4.137312605889552353e-02 -3.723498713279931732e-02 -1.228752059926904901e-02 1.546097934120211140e-02 -1.772724751100405007e-03
3.205395772737133775e-02 -1.482629591353816327e-02 -2.198053855922230820e-02 -9.716273059467185613e-03 -1.245983146785047428e-03 1.458606513647136421e-02 9.580033959471498731e-03 1.710847356905433742e-02 1.175032039612872170e-02 1.044971542896457745e-02 8.622754599147455443e-03 -4.774882589190062449e-03 -7.934591019161245026e-03 -1.907576923917182060e-02 -2.598872831136781261e-02 -2.792863654243182142e-02 -2.589357586835408162e-02 -1.098898661535622177e-02 4.557934238521032383e-03 -2.339962201641168638e-02
3.665983382680229608e-02 -1.904077349878821991e-03 -2.767974500485621825e-02 -1.593268503797234947e-02 -6.780605312157259555e-03 8.293701439679610973e-03 4.868797819581207817e-03 1.159063980158137920e-02 9.412193944293037115e-03 1.011741041141227954e-02 1.024982531583037287e-02 1.499942860953400788e-03 -2.157629299738527285e-03 -9.316950158255123474e-03 -1.535441260889878860e-02 -1.629181464405346502e-02 -1.671948895726790840e-02 -1.314465762339030522e-02 -1.380458713859991811e-02 -5.782315750418876715e-02
3.635053821707386751e-02 9.624591838395375742e-03 -3.234936489828509759e-02 -2.119346074738734376e-02 -1.351898080727760923e-02 1.977713415505953296e-03 9.653191866475455823e-04 5.054714652081448815e-03 4.616612126956257112e-03 6.937705384882954240e-03 9.682999944384342722e-03 5.570649027931510837e-03 2.194858109888142474e-03 -1.824491668449750980e-03 -7.286979300032217673e-03 -8.417455494493675944e-03 -1.223859277111023422e-02 -1.708589768812904600e-02 -3.026479889351082336e-02 -8.091677971057845142e-02
1.598757726480422650e-02 1.093565861448766129e-02 -3.907896816699046177e-02 -2.800920685088853154e-02 -1.960837281211043337e-02 -4.451179926498620432e-03 -1.937894768142953009e-03 7.162452461473733283e-04 1.418043856975016465e-03 2.888819127280832511e-03 5.612079377087487823e-03 6.222750887027903369e-03 2.857060277419113965e-03 -6.210438637528634467e-04 -4.027502548606958985e-03 -4.498924366462299373e-03 -1.071626166926206020e-02 -1.887371283041821071e-02 -3.241066239973901947e-02 -7.927418978536761307e-02
-4.022465895890674388e-03 9.504125669725506376e-03 -3.891114998064712505e-02 -2.550604438140170044e-02 -1.602896574883862224e-02 -3.946195372146049651e-03 1.114960421979761834e-04 2.278313301118304029e-03 2.754461203211616086e-03 -1.139728423145261894e-03 -2.232443764326763527e-03 -1.089392751366310324e-03 -4.610008102421755613e-03 -8.371565138887678351e-03 -1.008993242630460037e-02 -1.022049513188088773e-02 -1.644914305370402327e-02 -2.366776567066252931e-02 -2.649186990874071584e-02 -6.860232239688555944e-02
2.570274048363772532e-02 1.725729729337264345e-02 -2.489325729273804758e-02 -1.274226559538750234e-02 -7.168590296362752773e-03 5.626774206007386248e-04 1.586654077479611111e-03 2.931125996357298886e-03 -1.370977320914705674e-04 -7.768702419515236511e-03 -1.311367997758741515e-02 -1.454777264132097944e-02 -1.670889532296619337e-02 -2.298095311181573910e-02 -2.448742115195913505e-02 -2.343160081319451207e-02 -2.908527396955967390e-02 -3.217534318771191754e-02 -2.157764434275420001e-02 -4.302303535026149456e-02
7.302481839558752630e-02 3.102673525983945524e-02 -3.890697943245582154e-03 3.878728948522036646e-03 4.427979852131013611e-03 9.325009021379193977e-03 5.125182670756400771e-03 2.676531998716229297e-03 -4.782581146100550219e-03 -1.362873551577756769e-02 -2.080641578158384797e-02 -2.568069975435141594e-02 -2.731312427316620606e-02 -3.783581131344524590e-02 -3.985931591668102209e-02 -3.713627684407128787e-02 -4.068652937729300145e-02 -3.733482443617745089e-02 -1.607741667156410703e-02 3.532533049568571931e-03
1.087096410547840064e-01 5.205758766024640855e-02 1.650382757431568051e-02 1.651152982019380572e-02 1.294021359864040883e-02 1.496575921324920164e-02 7.997053573143550476e-03 1.927355823430943393e-03 -9.139528866313249497e-03 -1.806609460900744993e-02 -2.509054755239617865e-02 -3.363096237940060851e-02 -3.613897974625357445e-02 -4.918682828996649714e-02 -5.085174535079870634e-02 -4.814450663764559268e-02 -4.736542338828970272e-02 -3.491149039415780003e-02 -2.403446677692976444e-03 4.184222049573721458e-02
8.959516915240545165e-02 5.006133859402219638e-02 1.788978705421891482e-02 1.387523534007127635e-02 1.093711030890601350e-02 1.022644284932709008e-02 6.136638981901434975e-03 -1.902244700834652448e-03 -1.599191480883208755e-02 -2.450668852310962723e-02 -2.982684463603924030e-02 -3.550768196345457928e-02 -3.850528463548097413e-02 -4.831483990982261140e-02 -4.735203388670573138e-02 -4.483613357503900276e-02 -3.974558952680518065e-02 -2.150464037993696578e-02 1.591351620103887560e-02 4.916437192470170942e-02
2.149646645119275210e-02 2.833403609031908896e-02 6.502290286615905468e-03 2.772612002534587811e-04 1.812487945301684365e-03 1.280588632955473229e-03 7.594918362860986357e-05 -9.373839509019056201e-03 -2.418522705952214080e-02 -3.174977778770870368e-02 -3.649048683126208253e-02 -3.651773178471412473e-02 -3.813244059309466721e-02 -4.311117873916272408e-02 -3.906886670687274854e-02 -3.213762809509711216e-02 -2.520571062171130319e-02 -7.602089305404132781e-03 3.089802789484295126e-02 3.654601256035982376e-02
-9.693508995456140420e-02 8.496202184871353910e-03 -2.118002234989660882e-03 -1.114000630629199788e-02 -6.656619305637573314e-03 -5.260060341278576142e-03 -7.933263626895012757e-03 -1.562629384004111943e-02 -2.939624099133811633e-02 -3.502120770937469652e-02 -3.936285663114161282e-02 -3.809722617850029580e-02 -3.710346461948581254e-02 -4.216400472638689306e-02 -3.681512020638018357e-02 -2.481217448578415530e-02 -1.827857680776145619e-02 -5.294427314941560665e-03 3.315039735370591684e-02 1.912737852794296062e-02
-2.395800731829681729e-01 -1.205050014297685650e-02 -1.697418804071739937e-02 -2.241413997542603467e-02 -1.141121173669706022e-02 -2.502080393556548737e-03 -3.391404808583012818e-03 -7.228660273263201597e-03 -1.923866719884558332e-02 -2.357162381829116041e-02 -2.721439033413577957e-02 -2.843967436656379480e-02 -2.752452521311142888e-02 -3.865435554845086247e-02 -3.586330806670950250e-02 -2.638060291931752788e-02 -2.540754920144781825e-02 -2.248649392323497087e-02 6.542769631954856863e-03 -1.793072331409540504e-02
-3.587949387213053010e-01 -3.643739697775143921e-02 -3.827829714799888677e-02 -2.875040932148936745e-02 -7.940485680402677507e-03 1.022862130844229625e-02 1.507820652472709015e-02 1.357954060777347323e-02 4.413109958979239029e-03 8.977436526551507354e-04 -4.226860568169589320e-03 -9.130757497760967623e-03 -1.175465642011871113e-02 -3.167464499955661983e-02 -3.285927148497097550e-02 -3.121781961734197350e-02 -3.774989642608864160e-02 -4.542723540551882322e-02 -3.414161678392201027e-02 -7.807948330781959434e-02
-4.075320471982211146e-01 -4.851776556737723289e-02 -5.203274145355685915e-02 -3.422117480842501447e-02 -7.297248270001788391e-03 1.456786650557141509e-02 2.443734993727828680e-02 2.523148861720871453e-02 2.033149783015963594e-02 1.764188923828267919e-02 1.148490410428449314e-02 4.134785303274748393e-03 -3.631953819262616779e-03 -2.902113705586597397e-02 -3.174098413226122267e-02 -3.745945013956956948e-02 -4.890527709309405030e-02 -5.997434978417089807e-02 -6.449758211240931571e-02 -1.184288705879557174e-01
-3.996984747122577786e-01 -4.792256335958658409e-02 -5.190524989046269716e-02 -3.874131470573395630e-02 -1.388559528448425097e-02 4.753683934114050734e-03 1.580824097371871448e-02 2.065421754867203391e-02 2.095748377868531312e-02 1.977774556400026945e-02 1.602859719811521380e-02 7.927402536579248107e-03 -3.733252145588302102e-03 -2.870958423818260885e-02 -3.056581690020399728e-02 -4.024918336156650678e-02 -5.032161982223080227e-02 -5.892242889204095391e-02 -7.602785334137641959e-02 -1.361872808347189823e-01
-3.704021465193810814e-01 -5.406325267558485803e-02 -4.492940108742083521e-02 -3.562123088942041604e-02 -1.758102406671847515e-02 -4.839072793924609900e-03 2.374449863958242885e-03 1.073625363802407050e-02 1.543231559904269766e-02 1.719367484574967075e-02 1.726759286940525093e-02 1.094183030952475960e-02 -1.283956380252004956e-03 -2.270925570625739048e-02 -2.316066079502714786e-02 -3.333527874509642497e-02 -4.177333692417353056e-02 -4.908598791747195711e-02 -7.652911004445596410e-02 -1.482745369812787373e-01
-3.622124891193456708e-01 -7.288942574428343424e-02 -4.632816427868277631e-02 -3.668675155605943122e-02 -2.022893011092104926e-02 -1.163220519744355419e-02 -8.631890507143078969e-03 3.674022587704151716e-03 1.198967387292782308e-02 2.061625274154210014e-02 2.551785547153784597e-02 2.649644054493974568e-02 1.359593702354753957e-02 -3.274315279591458357e-03 -5.326875808585648971e-03 -1.279901474738184657e-02 -2.452512469594523778e-02 -3.588440124138658066e-02 -7.486925905102509438e-02 -1.755852519297881886e-01
-3.661723094523219868e-01 -9.494964167802168176e-02 -5.715446543762834480e-02 -4.731742270234007980e-02 -2.870566230021224380e-02 -2.205236850947836155e-02 -1.926993519914614594e-02 -3.093620190450120135e-03 7.078009207374071597e-03 2.161135473846326899e-02 3.179117673903780750e-02 4.382585872679750638e-02 3.418412927963545428e-02 2.205552266323871149e-02 1.928848307819716265e-02 1.497975345925821496e-02 -1.344019764597055274e-03 -1.975767769136923049e-02 -6.333231996814449316e-02 -1.847032187892551358e-01
-3.940531911374819951e-01 -1.325499001771870133e-01 -7.988790217950283989e-02 -6.572647031502666659e-02 -4.303933881292859587e-02 -3.457915075563951918e-02 -2.765375754870328523e-02 -9.087345547605960722e-03 9.358031615076529801e-04 2.164367745415215344e-02 3.635128937482825368e-02 5.771294245567173270e-02 5.510556888054752439e-02 4.850504255053405406e-02 5.071748230746971758e-02 4.764054280661576130e-02 2.950432896945492239e-02 1.389647804222636984e-03 -4.187392325642780300e-02 -1.710696585571305217e-01
-4.028624747259584860e-01 -1.675038498079587657e-01 -9.946087652888836728e-02 -7.809492332853161523e-02 -5.412200998286353232e-02 -3.686447125220912446e-02 -2.470050618370935036e-02 -5.384846641957222180e-03 3.288035760900244638e-03 2.787505099136601203e-02 4.499106521290149874e-02 6.530102930990797083e-02 6.780093017036291358e-02 6.033843564315081315e-02 6.554043809451694236e-02 5.952415955536354691e-02 4.222654539453849637e-02 1.236869460079467915e-02 -2.634610275653129219e-02 -1.569220963381365019e-01
-3.135830977323532665e-01 -1.527348685654892069e-01 -9.036380021283083042e-02 -6.608698274497505631e-02 -5.114533154168309642e-02 -3.173305909644997397e-02 -2.048797753073735781e-02 -1.963285118523090157e-03 9.714631666736489417e-04 2.043227386126894932e-02 3.434638693379035712e-02 4.649960679686763326e-02 5.079130410985537719e-02 3.784975256266561588e-02 4.287311848506353967e-02 3.698552493094556248e-02 2.462397117916430636e-02 4.467376889059401952e-03 -1.376931228237167348e-02 -8.771352050917190224e-02
-1.656429597432697021e-01 -9.832799581188302052e-02 -5.658004190838256814e-02 -3.435453076755912161e-02 -3.077545581815129341e-02 -2.007652075835766187e-02 -1.367916971678026332e-02 2.103119982463742333e-04 -2.716332196141912295e-03 5.986972898682523490e-03 1.185631328319667818e-02 1.329433229245250044e-02 1.444396363135004753e-02 -1.881063342678565087e-03 3.348294076068656071e-04 -2.184718630189463537e-03 -8.058125257869655500e-03 -1.455318290425946549e-02 -9.284061359024506008e-03 6.004881992096423350e-03
-8.229646918987751358e-02 -6.334142569538289691e-02 -3.755807528513878391e-02 -1.981417620462919832e-02 -1.813552890410849786e-02 -1.077841468094796994e-02 -6.514304290410020959e-03 3.420887260866391048e-03 -8.705296104110829937e-04 2.645042277350560605e-04 -1.935664024740929221e-04 -5.032450475155761035e-03 -5.272424383672597546e-03 -1.809528365305376058e-02 -2.023509202103343854e-02 -2.172733005519012286e-02 -2.217777809827737451e-02 -1.371266329277345819e-02 -3.437243590226203398e-03 6.349291757105790523e-02
-5.976203835940011727e-02 -2.395928834503476337e-02 -6.807986329601024671e-03 6.781062624707115925e-03 9.957462048476762792e-03 9.169548527757821407e-03 6.427422090771833969e-03 7.624064995146493696e-03 2.620515820621750151e-03 6.130901533119311299e-04 -3.654924387921353827e-03 -9.322781502104773160e-03 -1.422312806660142211e-02 -1.985100582049467710e-02 -2.439633851694700609e-02 -2.563221165557692804e-02 -2.390556665001807024e-02 -1.722239881619016741e-02 -2.439172837025297552e-02 2.392866334516248472e-02
-1.167405971384515885e-02 -3.514185913014357399e-02 -2.267275354596642520e-02 -9.894112060432147179e-03 4.439302986473102862e-03 1.619621669950270081e-03 -2.719918107023610448e-03 -3.757868860044698799e-03 -8.321136399779088116e-03 -8.633588947269709921e-03 -8.701285324500129467e-03 -1.092699341223606936e-02 -1.277041221951743903e-02 -1.573363009429387324e-02 -1.399236708982891549e-02 -1.783489399694288685e-02 -2.099543934110565530e-02 -2.086006269363965132e-02 -7.692313943073830068e-03 6.968683623533457328e-02
-5.534230606001047312e-04 -5.426138794003154686e-02 -2.293576041560117101e-02 -1.308381212704966962e-02 -1.400975375909864311e-02 -1.323383333466101285e-02 -1.366573192632560170e-02 -2.198227863899586410e-02 -2.174954702117922953e-02 -1.915572079057317745e-02 -1.863707216294156754e-02 -1.976732483096087581e-02 -1.637216387441874782e-02 -1.374775500123181192e-02 -1.306943936933334729e-02 -5.495832966013611091e-03 6.362825402887547881e-03 3.041481023845627948e-02 6.603398352337304378e-02 1.853857379271515726e-01
