-1.594091949765651106e-01
-1.105558756863677383e-01
-8.372106306156638922e-02
-6.550541536256704322e-02
-5.108255867657925803e-02
-3.845382036837310252e-02
-2.694276507581683591e-02
-1.668895273986291741e-02
-6.595162265326306832e-03
2.773773676126441504e-03
1.247825540060697701e-02
2.174326626192752895e-02
3.025420268540375546e-02
3.871424742974606537e-02
4.722808707554781993e-02
5.728884749441651159e-02
6.816485320872719966e-02
8.145728971993587697e-02
1.014001567372254525e-01
1.472024027370539279e-01
