0.000000000000000000e+00 0.000000000000000000e+00 0.000000000000000000e+00 0.000000000000000000e+00 0.000000000000000000e+00 0.000000000000000000e+00 0.000000000000000000e+00 0.000000000000000000e+00 0.000000000000000000e+00 0.000000000000000000e+00 0.000000000000000000e+00 0.000000000000000000e+00 0.000000000000000000e+00 0.000000000000000000e+00 0.000000000000000000e+00 0.000000000000000000e+00 0.000000000000000000e+00 0.000000000000000000e+00 0.000000000000000000e+00 0.000000000000000000e+00
0.000000000000000000e+00 0.000000000000000000e+00 0.000000000000000000e+00 0.000000000000000000e+00 0.000000000000000000e+00 0.000000000000000000e+00 0.000000000000000000e+00 0.000000000000000000e+00 0.000000000000000000e+00 0.000000000000000000e+00 0.000000000000000000e+00 0.000000000000000000e+00 0.000000000000000000e+00 0.000000000000000000e+00 0.000000000000000000e+00 0.000000000000000000e+00 0.000000000000000000e+00 0.000000000000000000e+00 0.000000000000000000e+00 0.000000000000000000e+00
0.000000000000000000e+00 0.000000000000000000e+00 0.000000000000000000e+00 0.000000000000000000e+00 0.000000000000000000e+00 0.000000000000000000e+00 0.000000000000000000e+00 0.000000000000000000e+00 0.000000000000000000e+00 0.000000000000000000e+00 0.000000000000000000e+00 0.000000000000000000e+00 0.000000000000000000e+00 0.000000000000000000e+00 0.000000000000000000e+00 0.000000000000000000e+00 0.000000000000000000e+00 0.000000000000000000e+00 0.000000000000000000e+00 0.000000000000000000e+00
0.000000000000000000e+00 0.000000000000000000e+00 0.000000000000000000e+00 0.000000000000000000e+00 0.000000000000000000e+00 0.000000000000000000e+00 0.000000000000000000e+00 0.000000000000000000e+00 0.000000000000000000e+00 0.000000000000000000e+00 0.000000000000000000e+00 0.000000000000000000e+00 0.000000000000000000e+00 0.000000000000000000e+00 0.000000000000000000e+00 0.000000000000000000e+00 0.000000000000000000e+00 0.000000000000000000e+00 0.000000000000000000e+00 0.000000000000000000e+00
-1.652149600614292025e-11 -1.082841119292929456e-10 -2.040919464872023646e-10 5.085943392398207032e-09 -3.024758925601621151e-10 -3.297132004280076284e-10 -3.216148234934915981e-10 -3.395811782206310156e-10 -3.491072674199376276e-10 -3.494990593175138351e-10 -3.642061667099038745e-10 -3.606966596403053348e-10 -3.589094595909906487e-10 -3.650088135602514658e-10 -3.705924046107157971e-10 -3.426305160072371560e-10 -2.719662010145259796e-10 -2.126810033900649535e-10 -1.524468822275110361e-10 -4.652215768503089983e-11
-8.895876670262524945e-11 -4.822249231082450051e-10 1.316701894392069272e-09 1.049294434513574424e-08 1.612375426995621782e-09 -1.364414960076353336e-09 -1.346297167087469354e-09 -1.439647752320108022e-09 -1.490764948869017099e-09 -1.516808725366270678e-09 -1.582917593107291115e-09 -1.590672679111081103e-09 -7.663456815499693089e-10 -1.650912688231911190e-09 -1.132450897564456312e-10 -1.493218098204035952e-09 2.989033629188123682e-09 -9.195980364639946471e-10 -6.800974929718254815e-10 -2.406715836713602033e-10
-3.819868514672483384e-10 -1.782534750867099842e-09 5.421407794338069805e-09 1.932829194771252368e-08 1.275894055900047983e-08 -4.898811881018732959e-09 -4.905812681955008689e-09 -5.310530017970110305e-09 -5.515051115715785440e-09 -5.729409812004697185e-09 -5.993155008483491644e-09 -6.125771584858849033e-09 -9.240115230442178481e-10 -6.503359070550123458e-09 2.312989753253419496e-10 -5.475046357811256884e-09 1.829897969514164311e-08 -5.063128820986659779e-10 -2.393487841688900635e-09 -9.012389724357965211e-10
-1.238965171432596692e-09 -4.100094439682214561e-09 5.456095041709401036e-09 3.367673853668495270e-08 2.166102740831123948e-08 -5.629362341494243221e-09 -1.023642569550356185e-08 -6.199721470164083996e-09 -1.153455302974564661e-08 -1.209681728788189706e-08 -1.267585960252210717e-08 -1.303168784060831648e-08 -6.657930732261766285e-09 -1.397464359254988526e-08 -8.195327584243264946e-09 -1.136617038858621653e-08 4.774441467326530298e-08 1.227272717685184936e-08 -4.758573879663917297e-09 -1.862515838946136096e-09
-2.065688532608667085e-09 -5.130432736003074281e-09 2.049530156088298807e-09 2.939991060595668295e-08 2.271927885995211124e-08 2.928838533351145398e-10 -1.358471859833343970e-08 3.900552581134869935e-09 -1.558704251138765771e-08 -1.639439256248706525e-08 -1.723647174149948534e-08 -1.563926980291056263e-08 -1.342449397322333667e-08 -1.654708845352099530e-08 -1.603737871077089070e-08 -1.358710213536500921e-08 7.278124885651939334e-08 1.726500284438661124e-08 -4.301366753475346614e-09 -2.590881032467224467e-09
-1.823083377598256935e-09 -5.954640038722219984e-09 1.079903225415992850e-08 3.734265821829244992e-08 1.561124755425434073e-08 -4.712128887177219855e-09 -1.296304380901781458e-08 2.132223338817457855e-08 -1.448731645321489378e-08 -2.267973923772174361e-08 -1.885674037216723653e-08 -1.864195349125959523e-08 -1.711984374908383735e-08 -1.506528514913806487e-08 -1.774552663571902223e-08 -3.760072293272938916e-09 8.042305115582849707e-08 -3.870423835053360369e-09 -2.992348493432651483e-09 -5.735555152370106234e-09
1.152105717921866547e-07 1.143293477314580601e-07 5.253877946900460841e-08 8.206163119464536090e-08 -7.739050352025648870e-09 -1.644222380350119857e-08 -3.490392804718473426e-08 5.348869489214215517e-08 1.705697206454498871e-08 -2.602047657242579907e-08 -2.757241667001395087e-08 -3.036556836123969636e-08 -1.377673432757864124e-08 -3.392637269237573091e-08 -2.267821767948104828e-08 -3.152963907972065568e-08 9.227679197643727675e-08 -2.603316437346675087e-08 -4.614785456351627993e-08 -6.924527499658030364e-08
6.659796318453031703e-07 5.752181203554339718e-07 2.506283472400063629e-07 1.654993112603362993e-07 6.860231300125954294e-08 -3.405463232660029857e-08 -7.792201898269805898e-08 8.088905962361886825e-08 1.103516713569894426e-08 -8.330036200162296910e-08 -2.251389687533183055e-08 -6.075472388682948478e-08 -1.425518287562728339e-08 -7.830330589793574730e-09 -5.344767044987622224e-08 -9.443220983108678301e-08 1.116126956137290513e-07 -1.332085567941536491e-07 -2.095996729563533476e-07 -3.451004753938907178e-07
2.060609641709794070e-06 2.945258812494522904e-06 2.989687262772691936e-06 9.135010167411359356e-07 1.262592883142022975e-07 -3.356964843970885420e-07 -4.257803114598315900e-07 -4.941177764188490699e-07 -5.355755286724351702e-07 -4.596777624881246847e-07 -1.710860863999472741e-07 -2.894034654135097390e-07 -3.059152862708609949e-07 -4.479198871222420120e-07 -7.610708932148409951e-07 -8.160003187981837002e-07 2.184590095977205794e-06 5.169000154773990232e-07 -1.653901781678066982e-06 -2.805987193717715928e-06
1.961771260179142999e-05 1.553007447046135821e-05 1.029644967806135759e-05 1.449806743800464427e-06 -3.254742510412923572e-07 -1.478600689701778632e-06 -1.876353491466084857e-06 -2.240600296021294833e-06 -2.316915534683731794e-06 -1.628826564266191947e-06 -2.148423155910173192e-06 -2.873045434624469239e-06 -3.556804748080855486e-06 -4.321476095293759752e-06 -4.960531983299802081e-06 -4.760241185494300871e-06 2.916571536633951046e-06 5.337149478619822099e-07 -4.730805592612940615e-06 -1.074498177620929633e-05
1.089707177953786181e-04 5.259064389159456647e-05 2.269336219479738256e-05 -3.799990556840386790e-06 -6.991984218662793395e-06 -4.612641234164763121e-06 -2.521774783115874366e-06 -4.332670072856651749e-06 -4.109277786102760637e-06 -3.513050497276461579e-06 -7.437627710192531953e-06 -1.025984526487397313e-05 -1.454625185270259203e-05 -1.897700373675114094e-05 -1.605940921391760709e-05 -2.097979428119454417e-05 -1.476026129448457012e-05 -1.271775625516665103e-05 -2.095625663939755612e-05 -2.112242646049108201e-05
3.927609183851734384e-04 1.479246478246379706e-04 5.267051759749541109e-05 -1.511548849966096803e-05 -1.798762121462734863e-05 -4.698734455564595478e-06 4.692335261333185343e-06 -5.720906804232157596e-06 -6.458489801243492998e-06 -6.880224171459364085e-06 -2.074583018675010324e-05 -3.076686456799878656e-05 -4.333970789152182164e-05 -5.547818997829059926e-05 -4.185800323638685098e-05 -6.318770057510986345e-05 -7.070110361350808597e-05 -6.346667448392302356e-05 -7.851464414261395046e-05 -9.210802387223110269e-05
8.207380538095931759e-04 2.886186195064425444e-04 9.267392598379612246e-05 -2.841745885746513922e-05 -2.292292892200250895e-05 1.215170328654090286e-05 3.477408250792321238e-05 9.882129343015447380e-06 1.497260281587609058e-06 -2.971288623724279405e-06 -3.121715862812844423e-05 -5.654545614351898128e-05 -8.727668164077844468e-05 -1.140134555037902796e-04 -8.858218637602897623e-05 -1.376409796682695930e-04 -1.609510535732826893e-04 -1.547437419185968357e-04 -1.927740897414849624e-04 -2.449455303753526251e-04
1.341455889196516409e-03 4.438417165939671566e-04 1.575337441999798095e-04 -1.833418490143042732e-05 -6.661398907429043184e-06 4.810283630812293374e-05 7.555953721870597550e-05 3.912286814181504369e-05 1.091690207335474654e-05 -4.956801182632220067e-07 -4.716507245513625778e-05 -9.687306121134270874e-05 -1.498892227101617013e-04 -1.914116478739747655e-04 -1.560490263763858671e-04 -2.370515152163101306e-04 -2.731242736242347840e-04 -2.671469524898154881e-04 -3.401347405227082778e-04 -4.820058491234002589e-04
1.831618684757581501e-03 5.789856540553529147e-04 2.232410553310734626e-04 1.396350675435500416e-05 1.476427251244201108e-05 9.081311936920787703e-05 1.250189788647681197e-04 7.825141578097309365e-05 2.049796253499390245e-05 2.982792008552508019e-06 -7.028552561545843385e-05 -1.469436003468670463e-04 -2.221961213665525755e-04 -2.722575021082796289e-04 -2.268793760608202954e-04 -3.371485583920868600e-04 -3.969249491065193931e-04 -3.721499247453860103e-04 -4.735104828258997699e-04 -7.470813456218993983e-04
2.142663909839106345e-03 6.737545661514192982e-04 2.834960170889626752e-04 7.217282948530495950e-05 4.614451113277479483e-05 1.442432459815201813e-04 1.659341096702755878e-04 1.205651898342294264e-04 2.761067538490750712e-05 9.014647103780027061e-06 -8.441681980732192159e-05 -1.894104315220339438e-04 -2.917727795438725255e-04 -3.531478208723649263e-04 -3.024093945454177238e-04 -4.298795208445187546e-04 -5.145705297885874588e-04 -4.563201565127554689e-04 -5.746526910944328064e-04 -9.384876369931374925e-04
2.210424361766902355e-03 7.090628020115528679e-04 3.261204973368679789e-04 1.284860216234575575e-04 8.663117427146298764e-05 1.909881182460648036e-04 2.026988903475715920e-04 1.622548422922834147e-04 3.214380478577825507e-05 1.691340386800132029e-05 -9.681354351878814586e-05 -2.179836339657420616e-04 -3.511142382154819807e-04 -4.183898269338511694e-04 -3.594348698454018719e-04 -4.974716754789110674e-04 -6.043327177514270458e-04 -5.192177014462884092e-04 -6.197037994390776393e-04 -1.003961429502671756e-03
2.011622285610772248e-03 7.439645619377878135e-04 3.267397051780323311e-04 1.400693294808079425e-04 9.275313672995405751e-05 2.172835636904690577e-04 2.206794056689285902e-04 1.964902083067826956e-04 2.822529188828498423e-05 2.758982860875890098e-05 -1.045529931653809747e-04 -2.399637161912196849e-04 -3.952510410314730334e-04 -4.628416976355238625e-04 -4.027202102323007181e-04 -5.310961580011361533e-04 -6.294337728889557327e-04 -5.192888212809489753e-04 -5.913470688380052711e-04 -9.062950690231942738e-04
1.413120325361096269e-03 6.872442234359746327e-04 3.169913926904881739e-04 1.483433240038832654e-04 8.836989246796615434e-05 2.240289360174633571e-04 2.183440158601205445e-04 2.184176941998249770e-04 1.930854176627239645e-05 3.874845774836809567e-05 -9.792343912876781719e-05 -2.557911296993713645e-04 -4.091884525018617724e-04 -4.886656812898945062e-04 -4.236213979717046922e-04 -5.117590186830611515e-04 -5.731125539667091722e-04 -4.307076435434847319e-04 -4.150111517235073621e-04 -6.692114108003926858e-04
7.048960986231507650e-04 5.488740169500269704e-04 2.555440416932019693e-04 1.545096847047314919e-04 5.119628839776868144e-05 2.369664486121724422e-04 2.003699745380455770e-04 2.072985327177799834e-04 -1.122510618484563184e-05 2.192015942083013757e-05 -1.131905474129349468e-04 -2.687915984327835200e-04 -3.865998704440637272e-04 -4.505435413045109526e-04 -3.721820726759048807e-04 -4.129570326531279605e-04 -4.574856047685508728e-04 -3.113101292105215946e-04 -2.008940923701960644e-04 -3.829287881430701659e-04
-1.307746313273349520e-04 3.712650279276162374e-04 1.836935720185844272e-04 1.062961088786202446e-04 -2.039297786046513118e-05 2.029185346792807064e-04 1.264603424141659018e-04 1.503035489190070238e-04 -7.538168928888386658e-05 -4.007563548852769776e-06 -1.452723858432547000e-04 -2.680952487001998525e-04 -3.398626246822621013e-04 -3.703740650276317998e-04 -2.781478132883350254e-04 -2.859756497549704752e-04 -3.187845046646607173e-04 -1.310460483366175915e-04 9.218613121201578193e-05 3.285175606236214591e-05
-1.814453695847872755e-03 -6.237915640496491691e-04 -5.537651952205427559e-04 -4.823456979772153220e-04 -5.635388745266876496e-04 -2.858381831827364050e-04 -2.536867672746454948e-04 -1.830148333031032034e-04 -1.769389038461703450e-04 -1.674387173802836001e-04 -1.175001398724396362e-04 -1.392836419552588361e-04 -6.092310403599376093e-05 6.988018225264923985e-05 2.180012932403872154e-04 3.177704511847333343e-04 4.330034476599740325e-04 6.662954324608617342e-04 1.119602001258780113e-03 1.660518204598583451e-03
-1.535438514922766399e-03 -7.212975432464262260e-04 -5.311979852016275984e-04 -4.362391857040435008e-04 -6.765040249971814891e-04 -2.990594441592680239e-04 -3.206440923043107623e-04 -2.331768040925785506e-04 -2.811803141146301550e-04 -2.794725725650833007e-04 -2.359127000168439840e-04 -1.855163743165528416e-04 -8.848446542717487045e-05 3.825084635458998299e-05 2.482789679193110502e-04 4.643097138719780672e-04 5.835771392497462280e-04 8.762292243096022129e-04 1.116808370204596746e-03 2.015868352870487691e-03
-1.763983236822798785e-03 -6.340538161367102786e-04 -3.570489636139625501e-04 -2.184857372229629942e-04 -4.215706695438239926e-04 -2.422292313819603525e-05 -1.527110588361191453e-04 -2.161478372076691874e-04 -2.429767835748067643e-04 -3.603936983316802191e-04 -2.727317036830100429e-04 -1.826241862451267886e-04 -7.308271284652130236e-05 1.533213144246230479e-04 3.206408946807894349e-04 4.690893080958194808e-04 6.348399903849986188e-04 7.137268008660250032e-04 8.672671011020905828e-04 1.393134893519974889e-03
-1.491449245789367101e-03 -3.919292294790949682e-04 -2.458411811305828698e-04 -4.140098228241116885e-05 -1.245913331658205208e-04 2.103441789217619590e-04 5.770558817107853669e-05 -2.243506100170394962e-06 -9.635147604865129060e-05 -2.806104384209265551e-04 -2.097475240887446070e-04 -1.397506114820898523e-04 -6.547286745962884254e-07 1.778816542317472951e-04 3.239063818727181245e-04 4.345364054498011895e-04 4.925854094499093356e-04 3.840722146956107954e-04 2.667956819433341684e-04 2.776161614875928899e-04
-7.480115080166953659e-04 -9.638366270397236168e-05 -1.929107088089049293e-04 3.205484035251716186e-05 -8.658126147807366645e-05 2.233764183746965242e-04 2.176247007541653360e-04 1.747069110764888601e-04 -1.135562533918185530e-05 -1.638248640314503594e-04 -1.122803157878713185e-04 -5.542295509640493767e-05 6.969591775195187037e-05 1.916483193951911952e-04 2.236679664353586185e-04 2.836185825071059941e-04 2.926590499641302363e-04 8.356297568571338554e-05 -2.760034349680254989e-04 -3.325888018577741168e-04
-1.144429083353938392e-04 2.596451608457610522e-04 6.263255188626282077e-06 1.084475550611789453e-04 -1.138675962285027225e-05 3.080124212045084239e-04 3.086903344254209231e-04 3.354389905535600435e-04 1.202296310622896812e-04 -1.208196732525085082e-04 -1.588372544607653900e-04 -1.440517296471957110e-04 3.288906415387169157e-05 1.218129764471542037e-04 9.509836387354455287e-05 9.316815180247395181e-05 6.223545246483620384e-05 -2.373611449160475115e-04 -6.040094286215018675e-04 -6.453261527264573432e-04
-5.369179046326243805e-04 4.589335828729753817e-04 2.624249553095930757e-04 3.431790506286720331e-04 2.025230958990037163e-04 3.680677125768283520e-04 4.685210873603690564e-04 3.827566600708132670e-04 1.513549591730622664e-04 -8.657627757069875853e-05 -1.582137916169504147e-04 -1.369326077843631309e-04 1.619483746719751962e-05 3.228540748473742659e-05 -4.589027042228196849e-05 -9.907117505711981521e-05 -1.944240719479694538e-04 -4.698153939395011917e-04 -5.741080264955367076e-04 -5.482879569725044450e-04
-3.161174682217706366e-04 2.892847198541851619e-04 3.342157621368728286e-04 3.368759193296280924e-04 1.646161446288218826e-04 2.683128358832183704e-04 3.182601335071317335e-04 1.981344162943296126e-04 4.322166223021392187e-05 -9.823609829560094682e-05 -1.164972244100377727e-04 -9.013115270371072790e-05 4.577910243634832716e-05 5.854247140880183554e-05 -1.679902826345973829e-05 -1.244219161951915116e-04 -2.105820741835706471e-04 -3.423370590562460711e-04 -3.897000791935854315e-04 -3.892069788512667657e-04
-7.883893341642572901e-05 1.941277820469428225e-04 1.899474381494805535e-04 2.063589658153744996e-04 7.214688760945725781e-05 1.607197203987227488e-04 1.601248505706017041e-04 1.125072029707940065e-04 4.812285367854585383e-05 -1.024038354005727323e-05 -2.808370209064408121e-05 -2.701195063919993036e-05 2.837765710255254567e-05 -1.737872202698520626e-05 -7.360886190707978296e-05 -1.158107922871773836e-04 -1.639806845138719207e-04 -2.539805963031979046e-04 -2.745603533597664966e-04 -1.508328558046910788e-04
1.391209926490181315e-05 1.920539093848855632e-04 1.973650433248349493e-04 1.214791389891267876e-04 2.571654372631222035e-05 8.389472421683554263e-05 5.482356845681476233e-05 5.884287441241287548e-05 1.219255924522270299e-05 -3.142293390769110154e-05 -4.768989282963343059e-05 -3.564829965691236982e-05 2.764391098670986313e-06 -4.263734178431702662e-05 -6.057085285823314374e-05 -8.967813229171472369e-05 -1.114141423439662725e-04 -1.630617724962930783e-04 -1.616231604085339025e-04 -5.011828341875773857e-05
1.409835748569872534e-05 1.284403091267455332e-04 1.775836460452345181e-04 1.117991529532035878e-04 4.825279226275787847e-05 7.219304241427169824e-05 4.581831996165268000e-05 2.233735779038352909e-05 1.001726306496616184e-05 -3.510026632324250462e-05 -6.186339605078408773e-05 -4.418880995699471444e-05 -3.246586065209915736e-05 -3.592643746490539351e-05 -6.769572786265431194e-05 -6.715259348158518894e-05 -8.512014256296487652e-05 -1.165871242003115212e-04 -1.000153880863018476e-04 -1.663510253300456716e-05
-5.777892431072558909e-06 7.143396209991481063e-05 1.226661878031957455e-04 7.431442874829081102e-05 3.696247194318328028e-05 4.904390737891398084e-05 1.714851990123932100e-05 2.791641083979586973e-06 3.190617944252325052e-06 -2.123013912757195263e-05 -3.411837475251761341e-05 -2.935349777660533022e-05 -2.445990849421536396e-05 -2.239585599069895462e-05 -4.758217177535231033e-05 -4.539453947568655473e-05 -4.089864033351180074e-05 -6.392181412944864373e-05 -5.661553297135645999e-05 -1.331654981874585781e-05
-1.005203525119105478e-05 2.547828993384406270e-05 5.437657813787083818e-05 3.417737127715579713e-05 9.688696307085042459e-06 2.983496286672251697e-05 7.522173899753905943e-06 6.953478197928225293e-06 -5.579188955398446568e-06 -1.175863575692588754e-05 -2.051335411669923583e-05 -1.695930162805410843e-05 -1.152266549757933021e-05 -3.247645460343618174e-06 -1.836146878412909855e-05 -1.764635164227224641e-05 -4.880634052533655086e-06 -2.737054125004288301e-05 -3.372429649584948985e-05 -1.067830101877685880e-05
-5.717659901290276953e-06 9.995002844102411960e-06 2.909772791931766980e-05 1.626533392321758949e-05 4.416115259698229940e-06 1.598756315000436263e-05 4.349846714471508614e-06 6.252764089637365344e-06 9.774810667859501102e-07 -7.892535235064506056e-06 -1.241966957976608936e-05 -1.420723027936110406e-05 -8.387089721625942958e-06 -3.365996463749214220e-06 -6.459437435096699713e-06 -1.361897313733552736e-05 3.553769421798778012e-06 -9.258363811376170153e-06 -2.179961069100635229e-05 -7.950573950637764462e-06
-6.160062774751699775e-06 -5.494116473820052813e-07 8.162780601476213197e-06 4.356951185441916800e-06 7.012397023700654517e-06 9.022137775218147304e-06 4.217032152342351957e-07 3.528875498666551037e-06 7.143412251208054531e-07 -5.963770489287698518e-06 -7.847742364466514612e-06 -4.479213432875102614e-06 -5.872173364733949198e-07 1.914850212604857862e-07 -4.764751784556886582e-07 -7.654745289600367657e-06 6.732214671687147921e-06 -4.924918334703932523e-06 -1.093928302249673152e-05 -4.079566629748666001e-06
-2.201312896030004216e-06 1.964445129410922262e-06 5.466985682793002271e-06 5.031588007194199709e-06 3.841868945275579537e-06 3.868332425876318343e-06 5.242961283116760825e-07 2.960693342363807927e-07 -3.977505476687384594e-06 -6.561110645764654894e-06 -7.598990187019776191e-06 -8.042048048853520006e-07 -1.586712085341266284e-06 1.517400961054755029e-06 -5.710351814708519032e-07 -3.797421016794706910e-06 7.490747235533156895e-06 4.665352366015316946e-07 -6.125054613947855725e-06 -3.014045358154931077e-06
-1.371893200272372390e-06 1.445415576369727050e-06 6.319965353295526880e-06 8.538486798370585636e-06 3.576226126150930542e-06 2.773832866584133002e-06 9.099738244550849578e-07 -2.593336444474643883e-07 -3.201265650569716764e-06 -3.717563307894619447e-06 -4.736269858736172011e-06 -3.233991069121987967e-06 -3.098713531640644617e-06 -7.196439694310071055e-07 -3.000539388925892195e-06 -2.657395773316196107e-06 3.500929874669056465e-06 2.830304850785031244e-06 -4.103561776514194974e-06 -2.201737543665574298e-06
-2.555038536680295912e-06 -1.071774439067413423e-06 3.554306552940215096e-06 7.235560603468806628e-06 2.462357870817858364e-06 1.198031790367775058e-06 1.717808683738805577e-06 3.210755956408399510e-07 -2.361753464830964892e-06 -3.362881164868093880e-06 -2.981981599620858476e-06 -3.780318760220287766e-06 -3.623643782246991547e-06 -3.067295795149818890e-06 -3.475146923806848058e-06 -3.564651633478200214e-06 1.347387836998349171e-06 4.562852305007902886e-06 -2.231446568330182050e-07 5.897821147043801178e-06
-5.116534373013446772e-06 -6.128636691635299565e-06 1.463693562371610854e-08 3.673552542109126086e-06 -1.174118699469406469e-06 -1.856759725232142792e-06 1.924056286470305315e-07 -4.476305897948721931e-07 -2.689906000500355093e-06 -4.878280898575135695e-06 -4.225911432069414800e-06 -4.337678939821709134e-06 -3.995328036861292905e-06 -3.845249326402108181e-06 -4.155525060680768130e-06 -4.743460634916013315e-06 -1.777715602894849222e-06 7.276399785754932383e-06 4.864887132392654948e-06 2.929399625136542301e-05
-6.487150863040132069e-06 -1.002634777218422809e-05 -3.257682507329422892e-06 8.262581380729086890e-07 -4.592863433276759882e-06 -6.415562287594541029e-06 -2.705243666829320807e-06 -1.426452906503966470e-06 -4.375955824532516865e-06 -8.659561004405126180e-06 -8.667045513914230207e-06 -6.854253108761313538e-06 -5.856668183092437201e-06 -6.343820546294946963e-06 -6.873695923715812796e-06 -7.441500607070984758e-06 -3.567128661055653671e-06 8.496070908412313392e-06 1.210223520693556817e-05 6.414916281911734516e-05
-1.117482374975997977e-05 -1.770392547151253179e-05 -1.055384351863102278e-05 -3.888884743763830144e-06 -1.196214807860633616e-05 -1.534633794407387009e-05 -1.011268994458276769e-05 -2.725772338761763033e-06 -7.209361241958751795e-06 -1.128354214849411122e-05 -1.327037819115091863e-05 -1.078201875594114913e-05 -7.479808540874374329e-06 -6.233410501190516537e-06 -4.846582460553410467e-06 -4.699689144829609992e-06 -2.380672208521243970e-07 1.971940768672097302e-05 2.676668664942232645e-05 9.012934784345517469e-05
-5.703057768529093483e-05 -3.453341917509324582e-05 -2.391625824141326872e-05 -1.526527074595030771e-05 -2.260377288594034729e-05 -2.519960569087049596e-05 -1.926074743201975809e-05 1.177779425531569060e-06 -8.446742976428071810e-06 -1.211613210336147386e-05 -1.420553975290407297e-05 -1.055496144160538710e-05 -8.116678410877225405e-06 -5.392994086149483327e-06 2.959345854584693590e-06 9.050392182330947214e-06 1.757092105250874356e-05 3.838897717007828486e-05 5.231133418112468184e-05 1.490920150051845423e-04
-1.351872860446769772e-04 -6.579110550104371336e-05 -4.490995493149496919e-05 -4.209356775053029658e-05 -4.194442551905566382e-05 -3.737339373704246426e-05 -3.251492799379356524e-05 2.390504170527089873e-05 5.965758729428619232e-06 5.581673424238075138e-06 1.312158192697821712e-07 -1.502614374223182495e-05 -6.710392405129014585e-06 -1.612329139579832314e-06 1.047485194183121410e-05 1.791700026511156626e-05 4.493286548573174389e-05 7.326664146127198434e-05 1.047376847701390944e-04 2.912752472806756101e-04
-5.734495846146938313e-05 -5.001121316499784606e-05 -1.858880497555386442e-05 -1.253949770818815780e-07 -2.833472582939681328e-06 -1.013476526219672205e-05 -1.039891340836051291e-06 2.056246731526123277e-05 1.236755119242760081e-05 1.663161218214420447e-05 1.338049945501964172e-06 -3.491266222958805305e-06 6.896784346578508623e-06 -1.089422556746298219e-05 -3.803352315311940430e-06 -3.728075946517071819e-06 6.947412691889737965e-06 1.833379926331516157e-05 1.286614972681113453e-05 8.493227192978449575e-05
-2.983005668852566322e-05 2.511322992323572904e-05 6.475655339769782596e-05 5.043353676229461518e-05 3.964047040298378406e-05 3.607605302750966822e-05 4.889684558685828235e-06 1.138430592420460536e-05 1.207856034524087743e-06 1.091286487217616485e-05 1.960546467006498152e-05 1.962943384407542913e-05 3.479223935058509582e-05 2.847385685162602903e-05 3.306357941820844823e-06 -3.390964371458912296e-05 -2.508257549924665467e-05 -1.579679008115126231e-05 -1.639063275959126221e-05 -1.096613933289842027e-04
-4.168340051079281734e-04 -4.071576931605859007e-05 3.256170050123187898e-05 4.696198628099558102e-05 4.043079887783385747e-05 7.936642630770522719e-05 6.889085121940771749e-05 4.999510971806742722e-05 4.406008816368566357e-05 7.989116537284566438e-05 5.981940285481448719e-05 7.851557681428936934e-05 6.559406139157371871e-05 4.237128829383209652e-05 1.946579423285178256e-05 2.374687834804590350e-05 2.412383565130445329e-05 3.822151540112670359e-05 -1.241076117485908603e-05 -2.944501967299939776e-04
-2.632543753170865294e-04 -1.160634791341816607e-04 -6.472635817932424339e-05 2.406907539332995456e-06 4.354981730786828794e-05 4.318294435171378534e-05 1.047721717211408529e-04 1.066615244641095256e-04 7.120349332901038976e-05 6.120391901447960531e-05 2.099120902186574336e-05 2.924129495479720623e-05 3.231604590510229726e-05 1.638165052353765034e-05 2.459040182354075389e-06 -1.010238561476870755e-05 -3.751748289468384817e-05 -6.454905144644714052e-05 -4.069653984079980706e-05 -5.572938017994329379e-05
-1.623262781502845338e-04 -1.111614851916402575e-04 -6.210166131728325008e-05 -1.221891655144463345e-05 -1.875936777306137834e-06 -1.411269828440706934e-05 2.960537788823179624e-05 6.063325416449167249e-05 3.627003615972766102e-05 4.018485661752845038e-05 3.608043740238877045e-05 1.279350795692070284e-05 2.470797437305697621e-05 1.131958549260994705e-05 -1.548074268281540760e-05 -2.421644618394564225e-05 -5.140961024602962073e-05 -3.527658600649524723e-05 2.671300332577135645e-05 8.503447997083789472e-05
-5.102983230183892165e-05 -7.038753402068246721e-05 -7.097626232567189248e-05 -2.329745421001540483e-05 -2.536725213681060228e-05 -2.064928628580368596e-05 2.470982656544125488e-05 4.694423588033771962e-05 5.034205828767952660e-05 4.479068298021040141e-05 3.040074244389232556e-05 1.113181059673695571e-05 2.743377753053638811e-05 4.263548539602849362e-06 -3.282364360677852267e-05 -2.882979718639168862e-05 -3.164435430798601682e-05 -4.127101350213768620e-05 -4.069544661083480383e-05 9.642702787906424090e-05
-1.052319478855591158e-05 -2.601065158567546714e-05 -1.730025478732592873e-05 -2.191249348898213718e-05 -9.002377804136748324e-06 9.005876356864576512e-06 1.696376355210992289e-05 2.138199507538636183e-05 2.594383609688863854e-05 3.271589613286972028e-05 3.334752472817235550e-05 3.227150261362009265e-05 2.280863390100980746e-05 1.346402198718180334e-05 4.175830687648374011e-06 -2.152516331512105137e-05 -3.408135348011168483e-05 -3.926253482373855721e-05 -4.309469898590540210e-05 -1.475467067369787571e-05
-8.420167029705310797e-06 -5.693743635906671061e-06 1.551663179124495265e-06 -1.291359375605749418e-06 -1.941175140164310172e-06 -1.093872800117654603e-06 -1.141182366546025560e-06 -2.873204939939289760e-06 -1.374354516961847726e-06 1.383270741741892031e-06 1.456159501224928197e-06 2.763657272991567595e-06 7.919758101820079214e-07 3.641680946260755413e-07 2.026786996128478448e-06 7.007046664438457999e-06 7.856613223072061842e-06 8.370129621262761800e-06 -6.166013151945062483e-06 -5.230132247431859636e-06
-1.781516999505402696e-06 -9.862713741112166017e-07 -2.119185993984256714e-07 1.100752525169028873e-07 -6.669083135709972736e-08 5.137867851497806056e-07 4.003196006407520545e-07 1.273092050813762762e-07 5.935297384307649556e-07 8.943508345966579680e-07 1.364744316051769929e-07 5.560893747174338929e-07 2.733552098166599261e-07 -2.539023473282586794e-07 -3.965012039548797297e-07 4.910585184397650292e-07 5.767022038849615672e-07 1.264458513397679733e-06 -2.087467253363241641e-07 -1.829707393058389432e-06
-5.223114857739810242e-07 -2.718365330608747103e-08 8.359978279036613619e-08 2.151164274565017291e-07 2.466917530016195274e-07 1.822292985900330983e-07 1.347645433028257791e-07 8.335756018361297616e-08 6.549364455821302572e-08 1.035487847336594471e-07 1.083516393091295086e-07 8.328230460545900034e-08 -5.396661611888276933e-09 -1.476191247211916376e-07 -1.767162100892693579e-07 -1.070750462015009382e-07 -2.352653801285045047e-08 3.104097315965329737e-08 2.618093842389191708e-07 -5.566029122955440588e-07
-2.287145266843574785e-08 3.328710820006770668e-08 1.547833659643637303e-08 1.546949376393051443e-08 2.918123921852212424e-08 7.293932212223346902e-09 -7.797590329371737482e-09 -1.844753143899432342e-08 2.115210702321144067e-09 2.128637915362971113e-09 1.556318143186277432e-09 1.846543945468794904e-08 2.511352363801531125e-08 -1.386210459880556169e-08 -1.242811175612138525e-08 -5.402228095943024941e-09 -7.064079639117782430e-09 -2.210929223282241767e-08 -5.148932372115085868e-09 -4.020156243468078901e-08
2.708896952187209968e-10 -2.837665883614552251e-09 -3.711659672195397275e-09 1.475164318014048654e-09 -4.244595991556168815e-09 -1.375254065413748706e-09 4.567990667346288735e-09 9.650000530100518217e-10 -3.951837857723082643e-09 1.621092978083190777e-09 2.088811495009709950e-09 -1.406599583333852479e-09 3.710009612042681383e-09 2.708116250121890849e-09 -2.116025491227793439e-09 8.698948149666295346e-09 -2.692287418621532150e-09 -1.954239874135310497e-09 7.831972133677924767e-10 -2.699865241926205031e-09
8.465599281700012811e-09 -1.056486629298163947e-09 -2.925712455952567130e-10 -5.830692341882819138e-10 -5.796455750806451414e-10 -5.154665337964911392e-10 -4.955591721313163757e-10 -4.258431701455096074e-10 -4.446729784504883271e-10 -4.359278890780032644e-10 -3.673552897148951093e-10 -3.887899238710466692e-10 -3.566762008695859556e-10 -3.272860503228198963e-10 -3.444684778073392577e-10 -3.438734849133095455e-10 -3.194428700948749279e-10 -3.202041134649981138e-10 -3.888595206625443957e-10 -5.744060728819234685e-10
0.000000000000000000e+00 0.000000000000000000e+00 0.000000000000000000e+00 0.000000000000000000e+00 0.000000000000000000e+00 0.000000000000000000e+00 0.000000000000000000e+00 0.000000000000000000e+00 0.000000000000000000e+00 0.000000000000000000e+00 0.000000000000000000e+00 0.000000000000000000e+00 0.000000000000000000e+00 0.000000000000000000e+00 0.000000000000000000e+00 0.000000000000000000e+00 0.000000000000000000e+00 0.000000000000000000e+00 0.000000000000000000e+00 0.000000000000000000e+00
0.000000000000000000e+00 0.000000000000000000e+00 0.000000000000000000e+00 0.000000000000000000e+00 0.000000000000000000e+00 0.000000000000000000e+00 0.000000000000000000e+00 0.000000000000000000e+00 0.000000000000000000e+00 0.000000000000000000e+00 0.000000000000000000e+00 0.000000000000000000e+00 0.000000000000000000e+00 0.000000000000000000e+00 0.000000000000000000e+00 0.000000000000000000e+00 0.000000000000000000e+00 0.000000000000000000e+00 0.000000000000000000e+00 0.000000000000000000e+00
0.000000000000000000e+00 0.000000000000000000e+00 0.000000000000000000e+00 0.000000000000000000e+00 0.000000000000000000e+00 0.000000000000000000e+00 0.000000000000000000e+00 0.000000000000000000e+00 0.000000000000000000e+00 0.000000000000000000e+00 0.000000000000000000e+00 0.000000000000000000e+00 0.000000000000000000e+00 0.000000000000000000e+00 0.000000000000000000e+00 0.000000000000000000e+00 0.000000000000000000e+00 0.000000000000000000e+00 0.000000000000000000e+00 0.000000000000000000e+00
0.000000000000000000e+00 0.000000000000000000e+00 0.000000000000000000e+00 0.000000000000000000e+00 0.000000000000000000e+00 0.000000000000000000e+00 0.000000000000000000e+00 0.000000000000000000e+00 0.000000000000000000e+00 0.000000000000000000e+00 0.000000000000000000e+00 0.000000000000000000e+00 0.000000000000000000e+00 0.000000000000000000e+00 0.000000000000000000e+00 0.000000000000000000e+00 0.000000000000000000e+00 0.000000000000000000e+00 0.000000000000000000e+00 0.000000000000000000e+00
0.000000000000000000e+00 0.000000000000000000e+00 0.000000000000000000e+00 0.000000000000000000e+00 0.000000000000000000e+00 0.000000000000000000e+00 0.000000000000000000e+00 0.000000000000000000e+00 0.000000000000000000e+00 0.000000000000000000e+00 0.000000000000000000e+00 0.000000000000000000e+00 0.000000000000000000e+00 0.000000000000000000e+00 0.000000000000000000e+00 0.000000000000000000e+00 0.000000000000000000e+00 0.000000000000000000e+00 0.000000000000000000e+00 0.000000000000000000e+00
0.000000000000000000e+00 0.000000000000000000e+00 0.000000000000000000e+00 0.000000000000000000e+00 0.000000000000000000e+00 0.000000000000000000e+00 0.000000000000000000e+00 0.000000000000000000e+00 0.000000000000000000e+00 0.000000000000000000e+00 0.000000000000000000e+00 0.000000000000000000e+00 0.000000000000000000e+00 0.000000000000000000e+00 0.000000000000000000e+00 0.000000000000000000e+00 0.000000000000000000e+00 0.000000000000000000e+00 0.000000000000000000e+00 0.000000000000000000e+00
0.000000000000000000e+00 0.000000000000000000e+00 0.000000000000000000e+00 0.000000000000000000e+00 0.000000000000000000e+00 0.000000000000000000e+00 0.000000000000000000e+00 0.000000000000000000e+00 0.000000000000000000e+00 0.000000000000000000e+00 0.000000000000000000e+00 0.000000000000000000e+00 0.000000000000000000e+00 0.000000000000000000e+00 0.000000000000000000e+00 0.000000000000000000e+00 0.000000000000000000e+00 0.000000000000000000e+00 0.000000000000000000e+00 0.000000000000000000e+00
0.000000000000000000e+00 0.000000000000000000e+00 0.000000000000000000e+00 0.000000000000000000e+00 0.000000000000000000e+00 0.000000000000000000e+00 0.000000000000000000e+00 0.000000000000000000e+00 0.000000000000000000e+00 0.000000000000000000e+00 0.000000000000000000e+00 0.000000000000000000e+00 0.000000000000000000e+00 0.000000000000000000e+00 0.000000000000000000e+00 0.000000000000000000e+00 0.000000000000000000e+00 0.000000000000000000e+00 0.000000000000000000e+00 0.000000000000000000e+00
0.000000000000000000e+00 0.000000000000000000e+00 0.000000000000000000e+00 0.000000000000000000e+00 0.000000000000000000e+00 0.000000000000000000e+00 0.000000000000000000e+00 0.000000000000000000e+00 0.000000000000000000e+00 0.000000000000000000e+00 0.000000000000000000e+00 0.000000000000000000e+00 0.000000000000000000e+00 0.000000000000000000e+00 0.000000000000000000e+00 0.000000000000000000e+00 0.000000000000000000e+00 0.000000000000000000e+00 0.000000000000000000e+00 0.000000000000000000e+00
0.000000000000000000e+00 0.000000000000000000e+00 0.000000000000000000e+00 0.000000000000000000e+00 0.000000000000000000e+00 0.000000000000000000e+00 0.000000000000000000e+00 0.000000000000000000e+00 0.000000000000000000e+00 0.000000000000000000e+00 0.000000000000000000e+00 0.000000000000000000e+00 0.000000000000000000e+00 0.000000000000000000e+00 0.000000000000000000e+00 0.000000000000000000e+00 0.000000000000000000e+00 0.000000000000000000e+00 0.000000000000000000e+00 0.000000000000000000e+00
0.000000000000000000e+00 0.000000000000000000e+00 0.000000000000000000e+00 0.000000000000000000e+00 0.000000000000000000e+00 0.000000000000000000e+00 0.000000000000000000e+00 0.000000000000000000e+00 0.000000000000000000e+00 0.000000000000000000e+00 0.000000000000000000e+00 0.000000000000000000e+00 0.000000000000000000e+00 0.000000000000000000e+00 0.000000000000000000e+00 0.000000000000000000e+00 0.000000000000000000e+00 0.000000000000000000e+00 0.000000000000000000e+00 0.000000000000000000e+00
0.000000000000000000e+00 0.000000000000000000e+00 0.000000000000000000e+00 0.000000000000000000e+00 0.000000000000000000e+00 0.000000000000000000e+00 0.000000000000000000e+00 0.000000000000000000e+00 0.000000000000000000e+00 0.000000000000000000e+00 0.000000000000000000e+00 0.000000000000000000e+00 0.000000000000000000e+00 0.000000000000000000e+00 0.000000000000000000e+00 0.000000000000000000e+00 0.000000000000000000e+00 0.000000000000000000e+00 0.000000000000000000e+00 0.000000000000000000e+00
0.000000000000000000e+00 0.000000000000000000e+00 0.000000000000000000e+00 0.000000000000000000e+00 0.000000000000000000e+00 0.000000000000000000e+00 0.000000000000000000e+00 0.000000000000000000e+00 0.000000000000000000e+00 0.000000000000000000e+00 0.000000000000000000e+00 0.000000000000000000e+00 0.000000000000000000e+00 0.000000000000000000e+00 0.000000000000000000e+00 0.000000000000000000e+00 0.000000000000000000e+00 0.000000000000000000e+00 0.000000000000000000e+00 0.000000000000000000e+00
