8.598930217822030667e-03
-2.897314688488097922e-02
-3.076451842307416362e-02
-2.559455725160128883e-02
-1.998743003379752081e-02
-1.336123993122446431e-02
-9.589902920404728970e-03
-5.199280873366549788e-03
-4.027403613762576932e-03
-1.534235205869928205e-03
1.475024238700825725e-03
3.631600720903122807e-03
5.959351587583983090e-03
8.522946333871182431e-03
1.148185263323590020e-02
1.494938088994075473e-02
2.056159224472622546e-02
2.935813467990034883e-02
4.432608470975695630e-02
7.747416313510642472e-02
