6.265960331814013351e-02 6.025716657295849448e-04 -9.152315555187898535e-03 -8.642848397017904513e-03 -6.624373892916321852e-03 -2.785722286604079036e-03 -1.811027668452936659e-03 1.377865002794190859e-04 -1.341178644958206144e-03 -1.246944336166043400e-03 -5.236477911224260559e-04 -7.136052636051894030e-04 -5.987395974844507375e-04 -3.568091748700485412e-04 1.748387394259257575e-04 8.210489204910716068e-04 3.408987154070029779e-03 8.467872262948110754e-03 1.816804267168304829e-02 3.800324162169484155e-02
7.383735380806125126e-02 9.060418474030686870e-03 -2.711903516846708110e-03 -3.436015772300030080e-03 -2.455218191721845761e-03 6.152256453980199180e-04 7.229545934034243160e-04 1.974823248799685398e-03 -2.913986364444342680e-04 -9.320662479189860709e-04 -8.902535979009386412e-04 -1.787703519947407690e-03 -2.289741222248084171e-03 -2.727829286668732780e-03 -2.871442140693001611e-03 -3.032142925650057729e-03 -1.264043567610375653e-03 2.784358882572342264e-03 1.111617846907358986e-02 2.732080324693103579e-02
7.412102751487671670e-02 1.100853414781650594e-02 -1.114765909477064823e-03 -2.075737018785300380e-03 -1.335181166779459772e-03 1.577466691765415374e-03 1.454913333711397661e-03 2.549852369132595605e-03 8.586093926223907946e-05 -7.468163884039295429e-04 -8.798735471576276746e-04 -1.960939330690661571e-03 -2.600821190673630653e-03 -3.198406584260211818e-03 -3.490496965498259517e-03 -3.831274374727157254e-03 -2.218984806932560935e-03 1.652068459718572047e-03 9.781546176259944478e-03 2.531619543316625601e-02
7.298118251503815657e-02 1.181022781902751548e-02 -4.028036978939461099e-04 -1.437325484004564656e-03 -7.954956065362977623e-04 2.063042357504393451e-03 1.828964080695078638e-03 2.863557332204182213e-03 3.120881693488042645e-04 -6.097670464542049489e-04 -8.217179511481899606e-04 -1.987920231048601917e-03 -2.682931408833395467e-03 -3.351827585817624810e-03 -3.702530043507027725e-03 -4.114093089895222433e-03 -2.553110898202131957e-03 1.270878587609980881e-03 9.368119837162125485e-03 2.469468816258896943e-02
7.152221066150787898e-02 1.220779849985364172e-02 -9.581780730672303262e-06 -1.062059244810213514e-03 -4.699864274859134037e-04 2.368467693406436404e-03 2.066070043593337419e-03 3.073580954709452355e-03 4.749786866759198251e-04 -4.984996049689317333e-04 -7.539938699709098757e-04 -1.969265269934604174e-03 -2.690788435970351781e-03 -3.401445638135958040e-03 -3.780866559625108321e-03 -4.226069461036127510e-03 -2.681700232900024322e-03 1.135872536135415153e-03 9.248904432633348049e-03 2.451057650126153842e-02
6.995298872213404073e-02 1.240304143075698570e-02 2.245414459186785593e-04 -8.173614399208980596e-04 -2.511426591705905498e-04 2.583552130159926050e-03 2.233433100874702201e-03 3.230968715569876217e-03 6.053351279719657377e-04 -4.016049175781241719e-04 -6.829341257196391846e-04 -1.930203182539280259e-03 -2.664065060453073286e-03 -3.403481167368874270e-03 -3.796830027062541180e-03 -4.258256681579233351e-03 -2.714072158843039515e-03 1.114213487320969568e-03 9.262706355478199718e-03 2.452223709071075022e-02
6.828081205673358633e-02 1.246698854245538619e-02 3.607079644240936871e-04 -6.504916251478266289e-04 -9.541168552406212940e-05 2.747419237346675376e-03 2.360655411997066803e-03 3.358399505384707801e-03 7.173780254850509880e-04 -3.115663108359286565e-04 -6.082940511769995961e-04 -1.877020793518746015e-03 -2.615840951222490451e-03 -3.376925375599578588e-03 -3.774896461840467586e-03 -4.241550228978372902e-03 -2.687499793759188463e-03 1.161760134726742963e-03 9.357509507030039447e-03 2.465198543605715692e-02
6.647060579537827918e-02 1.241813531926495850e-02 4.230072281711953546e-04 -5.414063906224226728e-04 1.578531796268448396e-05 2.876199245514674853e-03 2.460453989647867160e-03 3.467129552604553046e-03 8.196681641579110734e-04 -2.228990483959149694e-04 -5.269566431281432709e-04 -1.810135807669469975e-03 -2.549489266441114232e-03 -3.327868751348698854e-03 -3.723263613025465553e-03 -4.186524279075930395e-03 -2.614679827790759078e-03 1.264685082222163958e-03 9.517554624384891998e-03 2.487792091534152608e-02
6.446016989705460887e-02 1.225472241079887323e-02 4.122574245970697096e-04 -4.837630253063608578e-04 9.186006882435562967e-05 2.979759477526441793e-03 2.538865031921737347e-03 3.563527356267507610e-03 9.175036853537484310e-04 -1.322007226922184754e-04 -4.380459768085095918e-04 -1.728764998618381819e-03 -2.462565147089752163e-03 -3.257836329390422555e-03 -3.643348426322527873e-03 -4.094414556406757687e-03 -2.497430817811420716e-03 1.422688251563631549e-03 9.745053262412440784e-03 2.520625422472372312e-02
6.213278302285795557e-02 1.197320859138672512e-02 3.254018954117202035e-04 -4.797224748798723220e-04 1.339235835683056969e-04 3.061218097161109986e-03 2.599883960882440337e-03 3.653256788075419283e-03 1.014107236779526744e-03 -3.569029216430339644e-05 -3.422228941502921556e-04 -1.628531294731165808e-03 -2.354749679930896473e-03 -3.167392520803849476e-03 -3.533626498092031377e-03 -3.961585456157957867e-03 -2.329326250923654303e-03 1.645768311011161413e-03 1.005739910827183579e-02 2.566286009675699392e-02
5.937937290081122393e-02 1.155933585390932217e-02 1.490354538604254507e-04 -5.364487029863989351e-04 1.340488821315351643e-04 3.119323450807431550e-03 2.642229302592179890e-03 3.738325499966777422e-03 1.110771639123243242e-03 6.411469224450777236e-05 -2.370321720025084580e-04 -1.509871845167304501e-03 -2.224411967942087082e-03 -3.050554944507278838e-03 -3.382046789248788817e-03 -3.777597344883913688e-03 -2.100047751701651297e-03 1.947667432469443217e-03 1.047727102023859533e-02 2.627787113890390699e-02
5.612099803407420012e-02 1.097730013176286164e-02 -1.438535661492456414e-04 -6.576897978044442912e-04 8.956534744089913102e-05 3.154302719156856349e-03 2.665957450148043022e-03 3.814093570776197744e-03 1.208139447610614156e-03 1.687590312311800650e-04 -1.231860009536164542e-04 -1.375380718986489751e-03 -2.069328653997296475e-03 -2.902350265510801001e-03 -3.178595508594116680e-03 -3.528771294285379910e-03 -1.798664930556766574e-03 2.339991229247766636e-03 1.102293495511705648e-02 2.707736994849985895e-02
5.223313975034225148e-02 1.014834656129068487e-02 -5.935701659292299615e-04 -8.646206551851490533e-04 -9.490098835820862276e-06 3.165079980850735164e-03 2.665739226605909687e-03 3.877774775673446979e-03 1.307101926134941056e-03 2.821694027706349067e-04 9.195337957880070850e-06 -1.205328928371275556e-03 -1.863942932749109880e-03 -2.706038315470155661e-03 -2.914947396092945966e-03 -3.200286436660042862e-03 -1.398396105938497008e-03 2.856221767240772150e-03 1.172630478938455241e-02 2.810533015832320305e-02
4.752486005547722214e-02 8.945912060937049118e-03 -1.254654444200563063e-03 -1.179059033507668308e-03 -1.730078446496450184e-04 3.144107432462535986e-03 2.636933863187735424e-03 3.921148369635674667e-03 1.407293091201091383e-03 4.121670759925555772e-04 1.834814281903305916e-04 -9.821463227180804879e-04 -1.580328831927622696e-03 -2.428540940290084375e-03 -2.562242886007838876e-03 -2.775846163906358320e-03 -8.787755358125172271e-04 3.535942217422922799e-03 1.263338714040717313e-02 2.944050552376974508e-02
4.168699430693181829e-02 7.239601899317874532e-03 -2.228296170321754800e-03 -1.673749757797509188e-03 -4.426881893997588438e-04 3.048589485653373406e-03 2.571490090254290213e-03 3.938670095763182125e-03 1.513907030251780998e-03 5.825683680648675346e-04 4.332947997754552018e-04 -6.762071990022699161e-04 -1.178811403709722865e-03 -2.015463763272091688e-03 -2.054398981686870931e-03 -2.207891403702907929e-03 -1.853076980657219867e-04 4.429421932035671958e-03 1.379976951074277092e-02 3.120084808922266723e-02
3.425771262004772416e-02 4.764391419107844548e-03 -3.777937813184072905e-03 -2.538442358863366669e-03 -9.347614889500958967e-04 2.784377418888004784e-03 2.433079886367817135e-03 3.924829077719424117e-03 1.652661957919094021e-03 8.356278172165233211e-04 7.862656740145475926e-04 -2.198255958045473987e-04 -5.791175579077754033e-04 -1.362603091859401804e-03 -1.277149353762303948e-03 -1.356116025191002154e-03 8.512057227530031231e-04 5.692833248308603288e-03 1.539603744857027424e-02 3.359798251547475856e-02
2.487451395537675775e-02 1.184343322841512449e-03 -6.192443977320712806e-03 -4.016890099641912300e-03 -1.816742615350473581e-03 2.256421519244090207e-03 2.129210700046510214e-03 3.831349935011735090e-03 1.797116550818418299e-03 1.152895882354025917e-03 1.236279093868761355e-03 4.495886606891857668e-04 3.092881315983310388e-04 -3.361754512751340953e-04 -7.088618460176110848e-05 -2.921939112527457253e-05 2.471394113635608323e-03 7.570237210097733108e-03 1.769807155349583175e-02 3.679634884705142855e-02
1.330031638684053483e-02 -3.960431878591008474e-03 -9.707480916628864059e-03 -6.285223667662229695e-03 -3.274769114022944589e-03 1.385322413649790448e-03 1.597917011026580170e-03 3.637351484932559859e-03 1.941459061022598629e-03 1.515912106874817708e-03 1.815337340507851499e-03 1.392251451122055459e-03 1.602721836079357533e-03 1.192055957690157453e-03 1.646983431617678314e-03 1.913008367386326552e-03 4.836092680477479221e-03 1.027635779017017741e-02 2.096018388442480451e-02 4.096801674288674810e-02
-3.989966005739374643e-04 -1.084432759810167665e-02 -1.426566908902852059e-02 -9.441192695846782265e-03 -5.582845643630060181e-03 -8.705189128597429584e-05 6.167384396931666719e-04 3.196060831720728013e-03 1.963743180480456534e-03 1.873700001572397656e-03 2.555244212766520032e-03 2.640414529053026430e-03 3.381780416718919383e-03 3.250558287448509619e-03 3.870114241393313777e-03 4.578162303775953380e-03 8.062937874176114364e-03 1.400106224266254272e-02 2.542758886590891845e-02 4.643141021894211379e-02
-1.549633741090592973e-02 -1.939481653112461179e-02 -2.004585598707574537e-02 -1.374584004315767237e-02 -9.008676350264756619e-03 -2.384234565078520700e-03 -1.059363495939722247e-03 2.217100913841745825e-03 1.680849929861740226e-03 2.109334313132841740e-03 3.429233647172595309e-03 4.249284689133042171e-03 5.683336701416623338e-03 5.866199197450098698e-03 6.678423519226755513e-03 8.082043651286363942e-03 1.225995897803194498e-02 1.893627927877432338e-02 3.124326829732211250e-02 5.349316579901246260e-02
-3.096929218175029433e-02 -2.944107422552699402e-02 -2.717512995143712626e-02 -1.920778541023108327e-02 -1.345012464712820772e-02 -5.478791556053049308e-03 -3.464078915324418900e-03 6.963999142219297117e-04 1.146580366841711647e-03 2.171360232107790670e-03 4.255130996819153459e-03 6.084219781860555551e-03 8.256913653708914530e-03 8.878625112083262175e-03 1.001132957198088043e-02 1.232130836365084338e-02 1.735698228236843763e-02 2.511419049421154820e-02 3.844050131184528762e-02 6.231779461637857592e-02
-4.512386137662220686e-02 -4.073623445365433943e-02 -3.559021832128837770e-02 -2.582977865328995801e-02 -1.897592592011513452e-02 -9.516531422676104135e-03 -6.640990837439961388e-03 -1.476508544957844333e-03 2.555050990908612767e-04 1.941409219906471131e-03 4.992840202631256517e-03 8.114967603636235455e-03 1.123445450785523839e-02 1.242425818739475996e-02 1.404723377927750809e-02 1.738830682486936646e-02 2.322678363556601386e-02 3.217419150601315281e-02 4.687298808010136042e-02 7.254303985004245670e-02
-5.690995736956778323e-02 -5.271560867634167424e-02 -4.470874108850079326e-02 -3.344929508425586312e-02 -2.533912680710516396e-02 -1.414149207146003090e-02 -1.060665798312674865e-02 -4.369061626893513267e-03 -1.137375803914040737e-03 1.235118910649207627e-03 5.810826658454303940e-03 1.035223684826297626e-02 1.476805827372797142e-02 1.653998004546932896e-02 1.877403054329547863e-02 2.329160323756296336e-02 2.984939194025614667e-02 3.963443181427749040e-02 5.629017953206388175e-02 8.364996959917574137e-02
-6.494901849834745777e-02 -6.573355780343584365e-02 -5.410182672583006142e-02 -4.119036700928700723e-02 -3.168048745874358502e-02 -1.881959587872574294e-02 -1.513041813441033667e-02 -7.469049816215459978e-03 -3.073634245495923505e-03 1.195306108149677673e-04 6.574926223613320603e-03 1.241716760842230538e-02 1.854950046816081569e-02 2.084878131731197903e-02 2.393222757061486822e-02 2.989528568910164441e-02 3.731638311004115832e-02 4.756718664576661815e-02 6.630936870627414381e-02 9.524852872289070460e-02
-6.640777294033256561e-02 -7.841371968353308408e-02 -6.226007662397314846e-02 -4.816371395013139406e-02 -3.745255277059878624e-02 -2.298433196121001110e-02 -1.957758048394293154e-02 -1.103223413103998456e-02 -5.660032431459114700e-03 -1.705809008286225843e-03 6.958963389074056261e-03 1.403711813829452114e-02 2.218569967311039351e-02 2.517321526161342415e-02 2.929639707350014180e-02 3.698295336150383972e-02 4.573325314803947106e-02 5.580209876610146141e-02 7.576968666911974848e-02 1.053788206629674429e-01
-4.773659200989492646e-02 -8.748800448977270272e-02 -6.561160618111439025e-02 -5.209365759224917486e-02 -4.073360380457431706e-02 -2.579713596943727580e-02 -2.408698027868906924e-02 -1.596988157596008345e-02 -8.818048542623153213e-03 -4.472151911058300580e-03 6.504683641036140655e-03 1.377330821357945420e-02 2.501150789216830678e-02 2.962091777933579390e-02 3.465618549598191434e-02 4.477237230129899742e-02 5.608030642508289587e-02 6.358198352193972225e-02 8.346181655045983860e-02 1.129626633638301930e-01
3.996639581538626723e-02 -5.349328273323799426e-02 -3.851090926444992318e-02 -3.220029913166740088e-02 -2.848012135588655347e-02 -1.602382135540210070e-02 -2.062850071442903083e-02 -1.665954879302430219e-02 -1.128567119254750457e-02 -9.072792194154209733e-03 -7.517423340131907088e-04 5.556524419935194442e-03 1.749230127040121707e-02 2.059273218628520849e-02 2.539624281257163441e-02 3.448818577241027916e-02 4.843654713767876763e-02 5.469757387428188927e-02 6.461954027658002586e-02 8.446026792693187013e-02
7.499329242602451040e-02 -1.978887412736309026e-02 -6.702564473875054912e-03 -3.385698304768924860e-04 9.051646962702973543e-04 8.849234010323465266e-03 -9.378260959354541362e-04 -2.944929071862040833e-03 -3.081451606414637931e-03 -3.775602710199718343e-03 -3.998934365411339312e-04 2.876422326847454924e-03 9.971073589329890879e-03 8.163724801296902769e-03 1.094301377964680515e-02 1.630191517382036104e-02 2.693664835493332979e-02 3.189185694095596907e-02 2.873847084936757487e-02 8.200408666592464563e-03
4.671882429121892305e-02 -4.719438246701508459e-03 7.587851589603557441e-03 1.941563856989529310e-02 2.625492404591563481e-02 3.151340895658064772e-02 2.036749384991234577e-02 1.471907992384901588e-02 9.344999252685002797e-03 5.271548707279179700e-03 3.582169294014317731e-03 4.045846260701810478e-03 7.228330019039850250e-03 4.262391658296537864e-03 2.484226815585634154e-03 2.136249964717192203e-03 4.125679800884580160e-03 1.784658996953935369e-03 -2.331045060573362637e-03 -4.980036300229169488e-02
2.528095303371214950e-02 2.431030576169842129e-03 8.735632372975034657e-03 2.531813870634128452e-02 3.744734219930646174e-02 4.194458431677293431e-02 3.316120810755902176e-02 2.644780392411890876e-02 1.898554740873133542e-02 1.358974251457320537e-02 7.365952289832991204e-03 4.329668203203390804e-03 4.463138268652809375e-03 1.209513993231008458e-03 -4.918606775680358333e-03 -9.408951298712921185e-03 -1.361611438210692630e-02 -2.429531280693662809e-02 -2.568811980690750493e-02 -5.299612823954637231e-02
2.831450961118724824e-02 5.808570532677477527e-03 9.068706432580651150e-03 2.444054447499498586e-02 3.778793892434529483e-02 4.097017255347467496e-02 3.467944071427694896e-02 2.797321019467114214e-02 1.987213625488670407e-02 1.415376088308232042e-02 6.341774336106465251e-03 -4.822886472772524549e-04 -9.257181828379298710e-04 -2.872147990177013541e-03 -9.276083187406617206e-03 -1.414260567491518877e-02 -1.632723893518755673e-02 -2.876078029806190470e-02 -3.040591523134766536e-02 -2.746936778486084099e-02
5.449822863869052680e-02 8.711241422993794281e-03 1.196245867314311637e-02 2.292485929874594000e-02 3.516875786548625399e-02 3.591063541233061041e-02 2.951359969746537859e-02 2.299965052533570545e-02 1.489326620039996101e-02 8.234612256597403576e-03 -1.733804074069218888e-04 -7.906708376833496837e-03 -6.604838938274959492e-03 -6.997804428192735439e-03 -1.128128812845178609e-02 -1.494756658037783847e-02 -1.372894638901035920e-02 -2.215751798729876168e-02 -2.198542944530435667e-02 2.950367601328509736e-03
9.140604824175758980e-02 1.203839159747607107e-02 1.374071899336435677e-02 1.938657949871698191e-02 2.635723407261855722e-02 2.399943156864833144e-02 1.839899926735827015e-02 1.298044671778911426e-02 5.619474532557015151e-03 -1.890380277463922596e-03 -8.653727525874982396e-03 -1.496860062353321669e-02 -1.164594369716897247e-02 -1.124907093457436225e-02 -1.457562219972246588e-02 -1.704831357717376955e-02 -1.451707915881263709e-02 -1.036633435886064568e-02 3.389218777113170954e-03 5.818850648641880896e-02
1.267695738444069575e-01 2.136682121336887577e-02 1.392524018344542744e-02 1.260415579357292495e-02 1.432799463031950854e-02 1.106810725743973163e-02 4.342286007655731840e-03 -8.894991628187994340e-04 -5.817389206753956904e-03 -1.321446041255027598e-02 -1.778870733797107209e-02 -2.125907127587335285e-02 -1.813403214050613929e-02 -1.705143082657484266e-02 -1.813434463137620148e-02 -1.766763063993247174e-02 -1.224088329623287952e-02 6.395707144742541345e-03 3.630610898799799258e-02 1.132436922443163657e-01
1.576399531625574391e-01 3.674951090886104804e-02 1.959330587703736123e-02 1.137903851648043412e-02 1.144872252340619311e-02 6.580835503926982764e-03 -1.269279904680956561e-03 -7.020366587323069625e-03 -1.057063650735431612e-02 -1.832301385871803676e-02 -2.187563515546106507e-02 -2.341216708341372493e-02 -2.231021160916900684e-02 -2.120150921601730507e-02 -2.120395016233421470e-02 -1.921041308484023116e-02 -1.185598111586132035e-02 9.638418841293844644e-03 4.553593056157199948e-02 1.270528790070056813e-01
1.720195859630842261e-01 4.512207161639474051e-02 2.366411832481203972e-02 1.176031739172449589e-02 1.207282408622959401e-02 6.346213186861533045e-03 -1.469373426376818998e-03 -7.706184626232803932e-03 -1.054750784704155432e-02 -1.705792775536313019e-02 -2.077041896199121121e-02 -2.204299077571373472e-02 -2.309784212211921442e-02 -2.243234551611180197e-02 -2.305453209545596516e-02 -2.114386518153098943e-02 -1.332060914940815140e-02 6.259278452978905317e-03 4.252910245032434644e-02 1.295427949786985278e-01
1.571145380070084474e-01 4.100604087648329621e-02 2.278086218384018161e-02 1.229899411146887118e-02 1.353378349799308142e-02 9.366439868130344362e-03 2.373293362603541654e-03 -4.512750383489164303e-03 -7.174669697702765192e-03 -1.200908625444617982e-02 -1.645923754279012691e-02 -1.876267615644097025e-02 -2.098395101942740829e-02 -2.075730044311409339e-02 -2.256020739617090737e-02 -2.105450165539349966e-02 -1.362903132769058799e-02 2.462852303909862303e-03 3.551699011199304507e-02 1.266438371491716841e-01
1.222350130431309190e-01 2.692949596685471209e-02 1.942626731322327424e-02 1.348952286129708605e-02 1.540174285779792075e-02 1.352963810183890718e-02 7.585536233991477598e-03 5.353158723999049953e-04 -1.360365495150127812e-03 -5.050999321535440227e-03 -9.561456586510860139e-03 -1.200862498489263692e-02 -1.478969201082271957e-02 -1.481495347659378577e-02 -1.763807732900632766e-02 -1.669629937368709294e-02 -9.773284467878246701e-03 3.437014026190463381e-03 3.008326742670480031e-02 9.492447239146643845e-02
7.952955665797833973e-02 1.050121395471645055e-02 1.537721580625091462e-02 1.283809298117190301e-02 1.594266008220283568e-02 1.587902627005859796e-02 1.103831139900058808e-02 4.859019394385025517e-03 4.548547791263326569e-03 1.930116359592208824e-03 -1.991460790491176441e-03 -3.205943346854950304e-03 -6.156861066226903753e-03 -5.933249220603907352e-03 -8.780275933642122527e-03 -8.716024081130884296e-03 -3.804610674368337584e-03 7.135399287316452482e-03 2.718773329920461806e-02 5.032326715140598289e-02
4.314874621630188090e-02 1.291371632787180219e-03 1.035717487684883857e-02 9.245869444500096762e-03 1.365500980208308839e-02 1.563345197251742730e-02 1.181754737116751282e-02 7.372629445724344054e-03 8.400044225285582464e-03 6.090123923565038053e-03 3.630026380072202616e-03 3.387184442819447892e-03 8.750543422984322214e-04 1.395483194088381748e-03 -1.023245898090714527e-03 -1.391600815050989372e-03 6.841027977569572450e-05 7.357482762896481489e-03 2.217909158177215970e-02 2.454996421256616310e-02
6.973062631256356572e-03 -4.658194708133766952e-03 3.595960687987071434e-03 3.985905029959989875e-03 8.740601464231447307e-03 1.254681557665214206e-02 1.016490216218965577e-02 8.445683731995300147e-03 9.225104251338838227e-03 7.051638110077089634e-03 6.591074464046613353e-03 6.631332430662881423e-03 4.716705600981337468e-03 5.082684759986316574e-03 3.324967314505898608e-03 3.557483975602879905e-03 2.974360919908164078e-03 6.537164296845448218e-03 1.957904933296872318e-02 3.121883339890759931e-02
-2.686954333964204980e-02 -1.051463578738055966e-02 -2.658220501258443374e-03 3.305690274985284235e-04 4.486782014579995988e-03 8.896058650480591357e-03 7.999750085101210717e-03 8.331053585131250466e-03 7.659909358083352368e-03 6.383741236771987501e-03 7.298818345586402696e-03 7.579851686948873082e-03 6.134987605846940924e-03 6.581756021676073501e-03 5.930987763028818492e-03 6.796492914752137217e-03 5.626157888573830521e-03 8.288576730663145195e-03 1.972259473753982043e-02 5.128627531011552970e-02
-3.059996454109355224e-02 -1.403687858691927103e-02 -6.351307643144694232e-03 -1.228813800303127195e-03 2.700390944901860744e-03 6.740592436980929851e-03 6.461147951903412415e-03 7.312740574838693872e-03 6.031223601035674842e-03 5.913539345199245699e-03 6.872917261501852379e-03 8.041647719122899107e-03 6.885677020172011401e-03 7.159715837157494024e-03 7.092953574299556627e-03 7.942872423920891573e-03 6.113297224589937101e-03 1.044234863662038895e-02 2.052907630207673542e-02 5.842113336523989398e-02
-1.858011508633120338e-03 -1.452165729401144745e-02 -9.255679681029522002e-03 -3.908322952227251575e-03 6.211110117034850065e-04 4.004899517809243532e-03 3.598269983825309274e-03 4.255339545523633554e-03 3.894205865359782505e-03 4.215555430723961008e-03 4.915923183321536764e-03 7.474234466894471608e-03 6.502480613979229156e-03 6.562293498082380321e-03 6.947665059953092408e-03 7.706834546516306249e-03 6.612022424744372871e-03 1.388582441825743363e-02 2.547671545154617245e-02 6.129809948395504443e-02
2.670660343725582767e-02 -1.347502975455255013e-02 -1.124253616218028398e-02 -7.257018403738227375e-03 -2.379606177500748296e-03 5.981348180298949645e-04 1.713574438216449824e-04 9.125166613480767148e-04 1.653464803942234504e-03 1.860798440171729240e-03 2.984377968601271969e-03 5.926709461156781655e-03 5.125846878828938316e-03 5.206123148383060180e-03 5.732567637585910328e-03 6.527231753090420412e-03 6.903716202683292738e-03 1.660528810566236357e-02 3.092375034481321949e-02 6.951338241014533292e-02
4.409530125896026637e-02 -6.857789543951686197e-03 -7.854860703084198467e-03 -6.176317549701567863e-03 -2.214529261487329422e-03 -3.960093858346043472e-04 -1.403322374834152248e-03 -1.085693325062674465e-03 3.607009641785237906e-04 8.164375471163506405e-04 2.040394428735076149e-03 3.710623575783456637e-03 2.845804871987613147e-03 2.750932370630163482e-03 2.402863227683836936e-03 3.487399593458180569e-03 4.714946059259735381e-03 1.454193878063294622e-02 2.990566946856765274e-02 6.752052598766557223e-02
5.849451792256630395e-02 3.463978974220379651e-03 -1.349772919379934764e-03 -1.832598569680077586e-03 5.440542920790903845e-04 9.064398865774240914e-04 -9.059683243169576721e-04 -1.805189531636996591e-03 -9.020898409106621911e-05 4.380577689574831888e-04 1.378510594173663721e-03 1.706073058177289383e-03 9.590149879888633594e-04 5.254955565350774181e-04 -6.022312266866441206e-04 1.961434534498238005e-04 2.119317075721774239e-03 1.066201156004254608e-02 2.470271246457603903e-02 5.045620878349536820e-02
7.230778030552165170e-02 9.762271418288817962e-03 3.257399207603301969e-03 1.772937461377132717e-03 2.791448214546500984e-03 2.054646101940133668e-03 -1.016900769907666508e-04 -2.454309994664966282e-03 -8.878003957595570744e-04 -6.863197087559091188e-04 -3.768991848365212219e-05 -3.199361354213673650e-04 -7.927976143978600950e-04 -1.171793783383149549e-03 -2.626407005196910050e-03 -2.673906050919483239e-03 -4.282031970717871589e-04 7.166020669247799915e-03 2.129193951360722203e-02 3.746859283035916532e-02
7.681768284825264692e-02 1.051477668849521568e-02 5.301172260948418084e-03 3.123910565396818481e-03 3.317208776644610044e-03 2.374699531261393898e-03 3.466125161935063362e-04 -2.711978662727429663e-03 -1.404416793757245823e-03 -1.780265708657035456e-03 -1.612971758256934174e-03 -2.271011667034679524e-03 -2.473514163295239317e-03 -2.773058204916438972e-03 -4.025228946020204500e-03 -4.699218864732332412e-03 -3.272565864222934818e-03 2.789784797005992901e-03 1.729196874739643772e-02 3.335454607037408731e-02
6.081727692870191743e-02 8.593225869412393983e-03 4.714097626975506661e-03 2.098504016958285638e-03 1.572142011870812824e-03 8.008066706196839604e-04 1.871521835442756167e-04 -2.493478784239888668e-03 -1.580641310923789787e-03 -2.208001533494330110e-03 -2.553728248368828009e-03 -3.054494547981095875e-03 -3.401408629402974480e-03 -3.692496117310986852e-03 -4.469111667822751530e-03 -4.843596043280219178e-03 -3.990460899225518193e-03 8.410647587765711797e-04 1.537305512668882095e-02 3.536338758088571066e-02
4.165483222457547902e-02 6.345502480725793634e-03 2.602629275112615815e-03 -6.862883405741793992e-06 -1.171558263534194962e-03 -1.968163174145279998e-03 -9.631950435723248081e-04 -2.609006859551071030e-03 -2.451752886801523458e-03 -2.822045797358143943e-03 -3.076044851139573752e-03 -3.191941392018263993e-03 -3.386268248222007622e-03 -3.488023854007541152e-03 -3.920058583009474601e-03 -3.796725381533711235e-03 -2.877254731608685188e-03 1.383119932346673102e-03 1.453794247737038789e-02 3.740985543954305353e-02
2.775788559881195092e-02 4.265724675430055887e-03 8.647053301895202661e-04 -1.405788819119605957e-03 -2.863982196636529268e-03 -3.637139156150647704e-03 -1.854734292601211082e-03 -2.489383994303486728e-03 -3.077235493028050457e-03 -3.102538945271333601e-03 -3.144509544549384944e-03 -3.586021814202966767e-03 -3.511017729803112431e-03 -3.344997598029842822e-03 -3.482775906416267150e-03 -2.975320798579243146e-03 -1.824951337397730418e-03 2.055918563517211087e-03 1.262066302050559446e-02 3.747136243783497078e-02
1.711540497550364040e-02 1.356367345099981610e-03 6.708586437737445790e-05 -1.266175409221302704e-03 -2.532189449646388060e-03 -3.147420531612887123e-03 -1.456302050391513475e-03 -1.755580189845409650e-03 -2.624312076159671624e-03 -2.541319601635525904e-03 -2.715811593068312609e-03 -3.738147834641300342e-03 -3.280888706489094257e-03 -2.847302950371179663e-03 -2.899352744350925087e-03 -2.495888777212807060e-03 -1.585679430786573292e-03 1.688440862651587786e-03 9.619346994560603117e-03 3.171324496417462363e-02
9.334003898613857375e-03 -8.854079921656963365e-04 -7.087962234148671541e-04 -9.965194308510813385e-04 -1.673355462105220043e-03 -1.788290941432825465e-03 -4.777726088505903929e-04 -8.930787759844280305e-04 -1.440935047397598175e-03 -1.291841676526135196e-03 -1.398740577661053202e-03 -2.425311241676465172e-03 -2.055893900670060278e-03 -1.476721614269673171e-03 -1.745409355290206176e-03 -1.887349925711740740e-03 -1.431121128905847627e-03 7.793331324423238187e-04 6.151358606040963940e-03 1.957032535847549534e-02
5.318470094765661953e-03 -1.169976055316329080e-03 -1.085103952456560475e-03 -9.081459187478496762e-04 -1.283389449619960635e-03 -8.411752089729818182e-04 -1.506256820202225941e-04 -5.533017488976843925e-04 -6.994795537937442903e-04 -4.588853335376631682e-04 -3.377752863772036460e-04 -1.014983896882482679e-03 -9.356644652592832536e-04 -3.908413563611608569e-04 -5.260418560023221802e-04 -7.545648086751060397e-04 -7.379276145719197060e-04 2.338859215582574135e-04 3.463371640215286845e-03 1.004851712830854595e-02
4.633978365287316423e-03 -2.723505305755191544e-04 -2.393160983965450593e-04 -2.877280650817752626e-04 -7.543167705282258521e-04 -2.364761431933981150e-04 -3.085658871044725192e-04 -6.123786340958175308e-04 -5.879877680979692274e-04 -3.732274539138608809e-04 -1.892363189728462529e-04 -5.988961092966935693e-04 -6.623441020760319122e-04 -1.988870290729162428e-04 -2.283547797153361633e-04 -1.735607220052127087e-04 -2.473287669187610826e-04 1.775155381530394620e-04 2.381373185957546233e-03 6.506239330545984280e-03
5.659145191810831081e-03 9.582657391948382888e-04 6.710296040749023656e-04 4.496426987266567634e-04 -1.694560242370594472e-04 -1.509825442300705270e-05 -5.768299958298989593e-04 -6.012058847520716830e-04 -4.469430352077355915e-04 -3.774721068421729741e-04 -3.177022235102019932e-04 -5.748256922546259636e-04 -6.380238569193548512e-04 -3.694253356876615272e-04 -4.833799144116534196e-04 -3.274085517305157732e-04 -2.614756781144750536e-04 1.013558518543755123e-04 2.006447108300614748e-03 5.343457314666801537e-03
7.937532397945076812e-03 1.680397459617991810e-03 8.717152376788227068e-04 6.787672159015105790e-04 1.173884311204751975e-04 -1.571515241343288886e-04 -6.455138537022593950e-04 -5.013121990463428445e-04 -4.170061673405220663e-04 -4.277109928313030471e-04 -3.889460093482552286e-04 -5.462284844467916577e-04 -6.578855801961889247e-04 -5.573474090121935008e-04 -7.550811820661022149e-04 -8.206320045048655148e-04 -6.677001656122408474e-04 -3.564316661810653660e-05 1.765148122678429502e-03 4.995391534115817614e-03
1.048154140875694196e-02 2.148590000559679174e-03 7.467578230351069922e-04 6.040786190737228124e-04 1.845334108270785907e-04 -2.639911573344839698e-04 -5.140440097504995207e-04 -5.502058035428784031e-04 -5.467475169358643281e-04 -6.023400845373284547e-04 -6.028786713017821172e-04 -7.510923247159263186e-04 -8.621634556285629738e-04 -7.741371137341373880e-04 -9.044489426778004821e-04 -9.967143230894372555e-04 -7.704849714024660521e-04 4.271796909519314233e-05 1.400646299549264048e-03 4.132038967555795236e-03
1.060534271747416886e-02 2.052203186981801843e-03 4.541573288870619620e-04 2.820075950030810651e-04 6.905361585130662832e-05 -2.415323359002035167e-04 -3.508500496232004498e-04 -5.569059156414973106e-04 -5.667883513958821545e-04 -6.710445652993957079e-04 -6.816605117728838934e-04 -7.890215426312013587e-04 -8.987881528450196011e-04 -7.927170120375114700e-04 -8.448412658224661821e-04 -7.568048861170096567e-04 -4.423760098250598409e-04 2.655692203159091842e-04 1.370631541392364075e-03 3.759403508524690810e-03
7.985121377208326612e-03 1.316368618736709272e-03 2.964025181923822254e-05 -1.480154485980834966e-04 -1.864168189125721788e-04 -2.836356899264911181e-04 -3.043935470534395735e-04 -4.855138248870342465e-04 -4.776760386348839868e-04 -5.253597983190137419e-04 -5.155615305807387336e-04 -5.468969227841310662e-04 -5.963455985116564379e-04 -4.584701217152310402e-04 -4.657153830218393521e-04 -3.414557248988387664e-04 -4.064426100397278759e-05 5.030155347196254515e-04 1.497875097986802774e-03 3.657032841544244611e-03
4.926433059270536423e-03 3.274238163503186963e-04 -5.177245511798424411e-04 -5.629322271169124453e-04 -4.861460361197265305e-04 -3.602407848570467110e-04 -2.203497535150254142e-04 -3.043003707195125664e-04 -2.498965876635184276e-04 -2.148246506282264136e-04 -1.863228298108159770e-04 -1.220633524723374499e-04 -1.303626200869673112e-04 -2.040719674319360185e-05 -5.974940075829351433e-05 -5.352231385871798671e-05 9.620354801393760124e-05 4.169550051668890469e-04 1.168268559741798135e-03 2.772156673242155613e-03
2.750136089964995336e-03 -2.832313261330697139e-04 -7.665480176980080237e-04 -7.281987221381027841e-04 -6.282152524253574195e-04 -4.380412157140345418e-04 -2.016619172855408791e-04 -2.057367343179519140e-04 -8.580062353454838756e-05 3.185341478795245064e-06 8.948346189703087420e-05 1.502916137457808022e-04 1.771918025804604152e-04 2.154238532933408664e-04 2.066873292367910910e-04 1.535960336663380393e-04 1.822784584471547694e-04 3.173747057624233710e-04 9.303216164732392227e-04 1.797022341961671552e-03
1.549368047512836950e-03 -2.747065136913679753e-04 -5.570316724895172386e-04 -5.516420116432076397e-04 -4.782767042326634219e-04 -3.616202090486003132e-04 -2.012874337382486044e-04 -1.521221403651103546e-04 -1.692410703436325790e-05 5.764756752276417432e-05 1.592602903890562966e-04 1.871046052577572194e-04 2.232163862077841357e-04 2.399102191888532912e-04 2.558176489515489455e-04 2.044796392612198107e-04 2.225757783913279316e-04 2.390561380525532719e-04 6.413063222609980676e-04 9.462176856429463465e-04
9.234713017075877684e-04 -1.616390783439299375e-04 -3.790499458625707849e-04 -3.606002710753028126e-04 -3.249829577124675175e-04 -2.796537334396507427e-04 -1.884068464504426812e-04 -1.154640094586795851e-04 -1.521598698437781808e-05 2.881644470268265401e-05 8.291217534045413283e-05 1.100529224122108181e-04 1.536874507642429697e-04 1.677925997844322936e-04 1.926058154893877045e-04 1.716112653935857502e-04 2.137925258525785787e-04 2.183187934346956366e-04 4.710006977476173984e-04 4.904465363329123945e-04
1.527676689036230526e-04 -2.872409808616696310e-04 -4.069878709467626655e-04 -3.376738200380015645e-04 -2.832182472289450641e-04 -2.351555099994222990e-04 -1.616808896944577653e-04 -1.006283601408549224e-04 -3.313929134476574533e-05 5.955307285712092584e-06 4.522004977341309025e-05 8.694808510397875002e-05 1.283657336595653319e-04 1.614090222076887578e-04 2.053403002759856719e-04 2.237521704152308584e-04 2.747032188860092550e-04 3.099788334595322175e-04 4.387145726887725855e-04 4.146873904053738368e-04
-2.090148815906608124e-04 -2.815714686949009156e-04 -3.044086719156714749e-04 -2.536881322607623069e-04 -1.925341585171650891e-04 -1.331830732836166852e-04 -8.438621312981628723e-05 -4.686421552858456682e-05 -6.814051575310636525e-06 3.304504618362121726e-05 5.957882008658429155e-05 8.816693524137430356e-05 1.020091300189661393e-04 1.220977180117513666e-04 1.581996152324191085e-04 1.764466859915500205e-04 2.131865707406777023e-04 2.437804045101610718e-04 2.828011273733147001e-04 2.487262124106058721e-04
-2.396246273200672590e-05 -1.144331775269277491e-04 -1.305186281173147654e-04 -1.156875106886390471e-04 -9.121261810428047995e-05 -6.092534294925562686e-05 -4.292871214917289745e-05 -2.424037235800889292e-05 -6.770060243864270573e-06 9.507157519302317030e-06 2.255394302958657146e-05 3.492280995784378462e-05 4.232176316463882128e-05 4.724169181791994449e-05 6.935167734879498023e-05 7.551114885099712319e-05 9.342195014947961512e-05 1.144083864611767059e-04 1.365618774194730109e-04 1.220040320799109995e-04
5.024671538191477119e-05 -2.390680003955876243e-05 -4.199240636261440939e-05 -4.281005730659367291e-05 -4.050435286357230913e-05 -3.133515584415156615e-05 -2.372317254367399954e-05 -1.510020361468566348e-05 -9.184991239060659657e-06 -7.478030224967226677e-06 -2.047736408995937777e-06 4.268690383952700145e-06 9.638914756596337352e-06 9.629192200753302545e-06 2.319015052292205486e-05 2.731510452643281955e-05 3.390688138658660988e-05 3.901646551732354209e-05 4.687504319003569597e-05 6.455993145338003282e-05
3.396662902577790311e-05 -6.167204565156189008e-06 -1.355521467106224401e-05 -1.324135718247801952e-05 -1.342527990548548570e-05 -1.204782064098205380e-05 -9.025177108153083390e-06 -5.272387816400730834e-06 -3.629527756495402925e-06 -3.208516468649835511e-06 -1.100344175438570071e-06 -4.770560146107781518e-07 2.620520732665697088e-08 -5.777956115961377247e-07 2.905055411908186686e-06 5.979560726588622190e-06 9.347893302454872314e-06 1.244282446667969834e-05 1.282814638634227031e-05 1.995482982779636156e-05
3.581005233480853327e-06 -8.043396861688703307e-06 -8.762518620620993477e-06 -6.762829852091387385e-06 -5.498194730150092843e-06 -4.830228391951294346e-06 -3.152665302685312366e-06 -1.458635763578799344e-06 -5.350946761139899129e-07 2.310818264886015936e-07 1.532341455372078763e-06 1.754959018999266709e-06 2.105738555300141262e-06 2.451122423618734112e-06 2.258074613762826597e-06 2.839080057897965069e-06 3.850461945336130776e-06 5.712641606043344048e-06 6.453340160255292871e-06 1.285244132854054081e-05
1.929048422453458425e-06 -3.294351152124870873e-06 -2.818917124272751904e-06 -1.602382725027345417e-06 -1.293422599301714302e-06 -8.278393093548558917e-07 2.761601253094501823e-07 2.671436520361496272e-07 6.260636913431513949e-07 7.748271260513866442e-07 9.263933616965149693e-07 8.438248887659188930e-07 1.080583348631551816e-06 1.331930689932680631e-06 8.346469812418990373e-07 7.913530223026312196e-07 1.029712396057081692e-06 1.413428703052949649e-06 2.244316680034625644e-06 6.248916545407343850e-06
3.604626760615637791e-06 1.529187178652895091e-06 1.605780111153083314e-06 1.253362317561286947e-06 3.297739970774544541e-07 6.767957900388931326e-08 1.266624430191707562e-07 -2.762023440568677583e-07 -8.613364697664171539e-08 -4.112811461584847768e-07 -5.159203000615097921e-07 -3.779442393870173800e-07 -2.903667562326926134e-07 -1.128053874239207574e-07 -3.436146083724018776e-07 -6.950976533113366810e-07 -8.535369364903860269e-07 -1.082372633522671784e-06 -1.228851160615224668e-06 1.670304129328590938e-06
-1.227911766350285986e-05 1.115853934491395106e-06 2.206702714601110356e-06 9.167988191771962299e-07 -5.056772700355863248e-08 -1.429262600971092658e-06 -1.451712231301263587e-06 -1.460746604277684628e-06 -1.848175556239965701e-06 -1.947318060703311202e-06 -9.875504719826915074e-07 -6.045266914303970693e-07 -4.436781668338263313e-08 1.206196980665574394e-06 1.821586612897514192e-06 2.757633524176131742e-06 2.773390714633845319e-06 8.387824034334066742e-07 -3.359147146695063249e-06 -5.170333068798004524e-06
