7.777757941021590238e-01 3.817877376689707836e-01 2.427674146131885979e-01 1.830087261843628132e-01 1.430605297477353655e-01 1.171270328199990052e-01 8.114992960597304517e-02 5.486218023793340559e-02 1.165961659454444431e-02 -2.057700215572016642e-02 -5.210563775880223958e-02 -8.622124279767168220e-02 -1.147512894551677570e-01 -1.418257056323766196e-01 -1.663053473919292868e-01 -1.968183160792092157e-01 -2.195590502120399190e-01 -2.374429285190604033e-01 -2.558975316038386016e-01 -3.069646596641771308e-01
7.511850310727632429e-01 3.852496886631948669e-01 2.457156585523196379e-01 1.863073603465818517e-01 1.461846495157799186e-01 1.206998333838448789e-01 8.396682949005862540e-02 5.764047064860959579e-02 1.332204722407888571e-02 -1.961651746171578364e-02 -5.173341825190205800e-02 -8.661895120475970877e-02 -1.153274984820565341e-01 -1.426049673461055878e-01 -1.668648847553214354e-01 -1.974733837694138405e-01 -2.194185612459613743e-01 -2.357157310813092488e-01 -2.510597660515691554e-01 -2.958251720753352076e-01
7.297428032329771330e-01 3.855315099469084905e-01 2.461809956665655108e-01 1.872891945732726715e-01 1.473168604608036947e-01 1.222795348874529814e-01 8.525728611777631805e-02 5.908507094655859188e-02 1.428441354319882547e-02 -1.891478523210168849e-02 -5.127555693290621053e-02 -8.649814818275990136e-02 -1.152189255060604017e-01 -1.424948552251902867e-01 -1.665155673316114637e-01 -1.969829865877297803e-01 -2.182604776540600366e-01 -2.333409279677166603e-01 -2.464006304210990539e-01 -2.866320065586112631e-01
7.160528416845924893e-01 3.873868801214434554e-01 2.476140530443084742e-01 1.888487534026430104e-01 1.488163081124466436e-01 1.239795775154150514e-01 8.658233940574117105e-02 6.042811028248568778e-02 1.512450692575574747e-02 -1.839842727111141996e-02 -5.106293033396748504e-02 -8.666041552830876238e-02 -1.155409309968766368e-01 -1.429718434281791462e-01 -1.669371955402658425e-01 -1.974220480217537543e-01 -2.183607640977196784e-01 -2.326538676401603001e-01 -2.441929066651235269e-01 -2.815536888432978446e-01
7.070011739491220970e-01 3.903711406164506181e-01 2.497609468790535081e-01 1.908912882562744662e-01 1.506434585949046057e-01 1.258631196357810067e-01 8.802239454513675898e-02 6.176339362513091902e-02 1.591251719854924057e-02 -1.799322416566602467e-02 -5.100368034235569503e-02 -8.704810676972314643e-02 -1.161732473782608466e-01 -1.438532079039782918e-01 -1.678918874730467303e-01 -1.985220973186050397e-01 -2.192950704506541060e-01 -2.330487760646422213e-01 -2.435086859573472040e-01 -2.789273826872279427e-01
7.005571069314852073e-01 3.940072387999926096e-01 2.523747725470637526e-01 1.932558397609583090e-01 1.527151140795180717e-01 1.278941191527464272e-01 8.954936159935233952e-02 6.313476309094218086e-02 1.669229061531450967e-02 -1.764438181799635880e-02 -5.103472026588663085e-02 -8.755668716817895103e-02 -1.169940120593694205e-01 -1.450012223570448233e-01 -1.691889761125405234e-01 -2.000331285758377431e-01 -2.207453048705604881e-01 -2.341232394656238003e-01 -2.437448229872649641e-01 -2.777605806372998587e-01
6.952299249849480667e-01 3.979814797926554126e-01 2.552143501310915052e-01 1.958378194052636800e-01 1.549377134869705241e-01 1.300451679760231127e-01 9.114273032566036492e-02 6.454959683426673978e-02 1.749378792568188901e-02 -1.729330725213158379e-02 -5.110573723501821847e-02 -8.814897939097429691e-02 -1.179150817522831018e-01 -1.463100860210940490e-01 -1.706738387890166797e-01 -2.017821054667663649e-01 -2.224913823988374506e-01 -2.355673598034516980e-01 -2.444797523203186274e-01 -2.774051219570030646e-01
6.899190834794731719e-01 4.019546839607139876e-01 2.581760704436855680e-01 1.985050908543470605e-01 1.572501202361737127e-01 1.322821276039224947e-01 9.280356642030913872e-02 6.600762807372369256e-02 1.831959633612768173e-02 -1.693265098724969914e-02 -5.115449944218470463e-02 -8.872476784824054330e-02 -1.188897283319715475e-01 -1.476984902950869150e-01 -1.722539123146228923e-01 -2.036396607603440101e-01 -2.243437247756165376e-01 -2.371757481368836074e-01 -2.454319124437205346e-01 -2.773741681205423304e-01
6.836262094563443359e-01 4.056339273846126803e-01 2.610177604226855963e-01 2.011739362938848308e-01 1.595940361578262190e-01 1.345670875372694808e-01 9.449759899566559374e-02 6.751399942962363343e-02 1.920169194946121788e-02 -1.651395226300046357e-02 -5.115712248201301909e-02 -8.926754011310039649e-02 -1.198065445552715935e-01 -1.490860999344766069e-01 -1.738279927196340335e-01 -2.054710320783724731e-01 -2.261864971410312564e-01 -2.387444790718045717e-01 -2.463375261585727394e-01 -2.772442820328178681e-01
6.750226528261649150e-01 4.087777939006903005e-01 2.636105123502564540e-01 2.036871865406543192e-01 1.619061695389068800e-01 1.368947524781976566e-01 9.620017744008041438e-02 6.909582312145319538e-02 2.014207360195826441e-02 -1.600464246251444289e-02 -5.109579205130304613e-02 -8.969567404711693837e-02 -1.206404677304473427e-01 -1.504296228420050063e-01 -1.753099427702753121e-01 -2.071719131937974079e-01 -2.278581439131528164e-01 -2.400673925045078982e-01 -2.468858657116212441e-01 -2.765262886470853942e-01
6.628805257834786691e-01 4.111231307848439154e-01 2.657157087666993101e-01 2.059275367614993857e-01 1.640512114493790641e-01 1.391859680637395069e-01 9.788085682795552578e-02 7.074118781788435451e-02 2.115745474774862606e-02 -1.542463891965461728e-02 -5.094618907694801330e-02 -8.998261801233153889e-02 -1.213375166657374715e-01 -1.516445488141613951e-01 -1.765550716356122096e-01 -2.085753588880723541e-01 -2.291709598321691188e-01 -2.409283706067201214e-01 -2.467626739932856084e-01 -2.747592070925093943e-01
6.461326227120516297e-01 4.122105850489723444e-01 2.670301031049965301e-01 2.077874848969313570e-01 1.659701916731842475e-01 1.414243312796101548e-01 9.952888084158430237e-02 7.239513171006149717e-02 2.225798722137379768e-02 -1.475373404093785305e-02 -5.068896300727019494e-02 -9.012598172022794063e-02 -1.218410379833126528e-01 -1.526330748217236410e-01 -1.774308295475312824e-01 -2.095380189055253695e-01 -2.299730710945986356e-01 -2.411349751357365900e-01 -2.456955780367693631e-01 -2.715200401272547248e-01
6.233077257606699506e-01 4.112923030277174652e-01 2.671055174276777411e-01 2.090184748660934566e-01 1.675273432545759111e-01 1.435809123485494720e-01 1.010887969079004994e-01 7.406470604504668265e-02 2.344496092022776285e-02 -1.393699393483329926e-02 -5.024017500969830269e-02 -8.995290504821872035e-02 -1.219332525554116115e-01 -1.532365954117482221e-01 -1.778219390621313956e-01 -2.098472558270734478e-01 -2.300133172323478858e-01 -2.403415996662688070e-01 -2.432752690941916707e-01 -2.662077119585922191e-01
5.921684857280006264e-01 4.070614992276177513e-01 2.653589052171904106e-01 2.093662757559266729e-01 1.685978193146110138e-01 1.455467659894185972e-01 1.024995134231640875e-01 7.567779464541421475e-02 2.475874386799887042e-02 -1.290341337917425696e-02 -4.936461493404127598e-02 -8.924412737139658658e-02 -1.213068670835323881e-01 -1.531194185062647595e-01 -1.773818383073618721e-01 -2.092671709874084074e-01 -2.289854960159121988e-01 -2.381084561397091848e-01 -2.389869041577152575e-01 -2.579307864464079891e-01
5.486736771481344199e-01 3.979225733791920683e-01 2.607361186777605311e-01 2.082517512973732499e-01 1.688572818513043028e-01 1.470142192647000690e-01 1.036814998031513751e-01 7.719177734458343432e-02 2.622014242247959828e-02 -1.143096163327680589e-02 -4.774209215761020947e-02 -8.768512026183664099e-02 -1.195152069502309899e-01 -1.516671899338030982e-01 -1.754668430847954042e-01 -2.071990626213768838e-01 -2.260516515957658179e-01 -2.336948136768708661e-01 -2.320136872421655616e-01 -2.454470323630368878e-01
4.864471324730216262e-01 3.808328561638543719e-01 2.506644998964506765e-01 2.039385438339667012e-01 1.672546263751273909e-01 1.470877264775403981e-01 1.042033894229086738e-01 7.852318310625890085e-02 2.806285765199774407e-02 -9.132909546950404925e-03 -4.497407315154354490e-02 -8.454390786733410879e-02 -1.156632297231159484e-01 -1.477607732704707688e-01 -1.708829811642914309e-01 -2.021714570410772793e-01 -2.194482747757384444e-01 -2.252930061949208751e-01 -2.203124762515369095e-01 -2.258388240603420305e-01
4.019123154795627428e-01 3.525912936409694165e-01 2.322715948339846015e-01 1.939680500379611372e-01 1.620573371456259792e-01 1.446720603043651909e-01 1.030920410485445526e-01 7.908527101326769115e-02 3.002401461397722834e-02 -6.105717583982504804e-03 -4.110628111893475933e-02 -7.921512064441089962e-02 -1.088527364286777377e-01 -1.401121107215845818e-01 -1.619969769410007643e-01 -1.922904394377234760e-01 -2.069832209619730246e-01 -2.105944271799737311e-01 -2.011004283692023331e-01 -1.969206017983566592e-01
2.923344946123981325e-01 3.087527247701977728e-01 2.028554489624678214e-01 1.759880585918662255e-01 1.511371461631259572e-01 1.387583526418700308e-01 9.988551975202707156e-02 7.873797956694819633e-02 3.225988297500272106e-02 -2.229699917101296731e-03 -3.557591178757871925e-02 -7.083911103484887006e-02 -9.780223642198858369e-02 -1.273436452191553936e-01 -1.477781126418329372e-01 -1.761334141155435906e-01 -1.870956642506244882e-01 -1.877017599670818548e-01 -1.721179709230373500e-01 -1.566017510914227417e-01
1.586947785053102189e-01 2.470954220536782930e-01 1.622994207697993074e-01 1.486642563152009988e-01 1.317802134618600296e-01 1.269904112241762584e-01 9.253807933270920272e-02 7.623001417594781060e-02 3.373701561037407981e-02 2.069412632947608029e-03 -2.806530282157393072e-02 -5.905775596163313074e-02 -8.164410097937800648e-02 -1.090064035406011211e-01 -1.280614939259401563e-01 -1.526813775843573473e-01 -1.585047738978983822e-01 -1.547921443774598893e-01 -1.312966225373199403e-01 -1.022507728842423358e-01
6.599831411142121664e-03 1.672836029040398464e-01 1.083820835582347958e-01 1.095233801752093922e-01 1.012807445680668633e-01 1.070663523341239959e-01 7.887467187471883245e-02 6.903814327349926117e-02 3.293188364872429164e-02 5.739572588129045541e-03 -1.879996731993399325e-02 -4.331149050086592622e-02 -5.989056808388353720e-02 -8.465536674250741245e-02 -1.018919816879423484e-01 -1.207508765184091698e-01 -1.201771151503567697e-01 -1.095561210497133370e-01 -7.675627573274872162e-02 -3.166897432242086335e-02
-1.565948931660130217e-01 6.892939530333334897e-02 3.893384030735273088e-02 5.786133714142917273e-02 6.001921632156793224e-02 7.888868487221342707e-02 5.791254175391363085e-02 5.666237842367885524e-02 3.022254410382258991e-02 8.423585839368115738e-03 -9.112303689681201455e-03 -2.449564362271291693e-02 -3.427855896911671113e-02 -5.506520577961757784e-02 -6.930713028467647141e-02 -8.041530205585370461e-02 -7.224653807406845873e-02 -5.068383487034536228e-02 -7.082947670662193343e-03 5.697440958390959792e-02
-3.168999119496270778e-01 -4.791928041506586522e-02 -4.756156646177857328e-02 -8.412347972559387765e-03 6.135441595779720855e-03 4.002589231335945685e-02 2.865727066096612416e-02 3.773238942857105871e-02 2.422939411707557625e-02 9.205763662004536746e-03 1.192276003244679191e-03 -1.992685623227576433e-03 -2.818671611571599376e-03 -1.810887681781575900e-02 -2.745232614153972697e-02 -2.938769640611653411e-02 -1.399454863074384332e-02 1.965077174577912686e-02 7.715703311502977724e-02 1.620250664897633919e-01
-4.675533442908534898e-01 -1.794458699720502814e-01 -1.471142934740338193e-01 -8.960918861472358388e-02 -5.927365989522666301e-02 -7.137811573878751793e-03 -9.744799950772011637e-03 1.155249568154991142e-02 1.387305141830061372e-02 6.741547794650396344e-03 1.372737837682613468e-02 2.463991052020513689e-02 3.600306586879983145e-02 2.684286213117842435e-02 2.401336966720649460e-02 3.307688732495713685e-02 5.602484474829423633e-02 9.911389821551062906e-02 1.758068075112318163e-01 2.815693970522024636e-01
-5.920263364741210621e-01 -3.289286167678696637e-01 -2.558613454596403991e-01 -1.780916590625947760e-01 -1.293498594115714273e-01 -5.905357367742050667e-02 -5.569346424841792320e-02 -1.819516694818806499e-02 -2.302989903949977015e-03 9.028188677370989736e-04 2.637175712095961647e-02 5.155602213674355394e-02 7.931369371791059664e-02 7.654391497661619526e-02 8.286097437664785570e-02 1.064241365739835854e-01 1.393242220067850423e-01 1.888202841486772143e-01 2.862657640282675331e-01 4.136788524074120343e-01
-6.579986197339785514e-01 -4.802247711347446546e-01 -3.584919743733360198e-01 -2.644948701092579846e-01 -1.996477723579637154e-01 -1.099621801689169703e-01 -1.039161113109153683e-01 -5.516850190842754326e-02 -2.617150773459678281e-02 -1.248869676447845849e-02 3.560200949093049461e-02 7.560164176232694877e-02 1.237162667204630556e-01 1.295375314461525429e-01 1.478156432937159370e-01 1.884726914593387037e-01 2.355875853447017554e-01 2.853912459881020047e-01 3.956426487959455174e-01 5.397950017223295260e-01
-5.884189974306035520e-01 -6.438048258871840179e-01 -4.525251859245748021e-01 -3.544678804735297839e-01 -2.723992960933400709e-01 -1.682504948843289161e-01 -1.692009366371294010e-01 -1.151777729968251340e-01 -6.023370513699705109e-02 -3.540599009411156406e-02 4.194495107894817554e-02 9.339434599934007264e-02 1.756584433092343855e-01 2.025273231848765121e-01 2.350753121676339985e-01 3.014833167779695788e-01 3.778287953321624038e-01 4.106627147128613098e-01 5.219839551617764251e-01 6.831609512999743394e-01
1.242141365863891622e-01 -4.353298269342180116e-01 -2.703480763530277664e-01 -2.236273823137756855e-01 -1.978884778962893554e-01 -1.081787267223445065e-01 -1.587264947313442587e-01 -1.342005584443102251e-01 -8.612076256641881811e-02 -7.455672609921716598e-02 -1.153515936496646993e-02 4.064735587921699395e-02 1.337014444218490028e-01 1.533174438319703237e-01 1.893134714554257914e-01 2.538924585354553898e-01 3.573575721918764714e-01 3.851617303759788391e-01 4.085863794506604529e-01 4.793471874423241852e-01
3.898678772374021828e-01 -1.867517425152217247e-01 -8.929882524114075154e-03 4.674196657813213529e-02 5.560741079757573063e-02 1.077605285646555527e-01 1.546801900887274407e-02 -1.277759314396241346e-02 -1.310822588737384047e-02 -2.384272203091758122e-02 -3.932593781425391694e-04 2.669674018282443620e-02 8.236818759023117886e-02 5.971023144364851626e-02 7.661929883341823955e-02 1.121375837139944182e-01 1.815558313441002214e-01 1.941769153299392203e-01 1.170886782427447703e-01 -1.671174258396631307e-01
1.086606304593366323e-01 -6.811672339709459734e-02 1.099956211824096031e-01 2.139900215936703654e-01 2.715132321889427991e-01 3.045499693610904668e-01 2.058642855457657184e-01 1.503387243201775303e-01 1.061560698608920023e-01 6.902138284225632636e-02 4.947626862367245082e-02 5.112714791469240294e-02 7.704382604187223760e-02 4.283207764511046817e-02 1.877451988007269867e-02 -3.351574595496648046e-03 -1.452010673873395386e-02 -7.187969371270440389e-02 -1.531775168509002805e-01 -6.620145051282354531e-01
-5.745055887073150652e-02 -5.722933103682451873e-03 1.187158397413765332e-01 2.649677751544525228e-01 3.638532463550648854e-01 3.963751039519224917e-01 3.197290965032321131e-01 2.606097397088635303e-01 1.994554448338295427e-01 1.519767956812813903e-01 9.910283246257081680e-02 6.983085703425633006e-02 6.933960408833894640e-02 3.063962337211302914e-02 -3.057879847725085073e-02 -9.442812602608179062e-02 -1.605076733645986742e-01 -2.974602094595328317e-01 -3.694940803611163616e-01 -7.184047667366475487e-01
2.611359408163686086e-02 4.157787122779458416e-02 1.230911638312365691e-01 2.554173003547633991e-01 3.575170776403154838e-01 3.818953681080042850e-01 3.308404870872207471e-01 2.739015681517643075e-01 2.052366769620807829e-01 1.549844763195865061e-01 9.240897092329622420e-02 2.898854622011986029e-02 2.288232621319228471e-02 -1.999538335161990966e-03 -6.735336574858202807e-02 -1.326417764647883357e-01 -1.843385200342169961e-01 -3.382840592881289354e-01 -4.142312009887589852e-01 -4.944723689028109326e-01
2.796658316586014825e-01 1.022194502236729169e-01 1.561260037045482663e-01 2.455130331054269643e-01 3.305570686793002921e-01 3.319776509750236304e-01 2.820399147077996549e-01 2.273528520092663874e-01 1.544255703217998488e-01 9.485775674257744539e-02 2.461361272292500804e-02 -4.422180419981403682e-02 -3.571481727605343992e-02 -4.516541797024194171e-02 -9.402074349560761435e-02 -1.433466207360306333e-01 -1.651217303673494230e-01 -2.818603650977501429e-01 -3.353884152409065122e-01 -2.044132751868814879e-01
6.222127125602041620e-01 1.646289882579403396e-01 1.878853898467264805e-01 2.295313772865563151e-01 2.634963934874116620e-01 2.351192558920655873e-01 1.881694403117407932e-01 1.396943563523151688e-01 6.888037804409531673e-02 -7.400565956733981977e-04 -6.160129618513215943e-02 -1.191390252931067012e-01 -9.269048613676866832e-02 -9.444821942850305241e-02 -1.356137255777313810e-01 -1.683562955319956311e-01 -1.718300410501079067e-01 -1.727898559827454883e-01 -1.062673783669486893e-01 2.756700749670050743e-01
9.516865551417276192e-01 2.480990747421795151e-01 1.906151190721368793e-01 1.712772252528534933e-01 1.641973738498352653e-01 1.285666469785142485e-01 6.470791652797008853e-02 1.352253331579478246e-02 -3.675662693304183187e-02 -1.038287271869001160e-01 -1.469690774718541426e-01 -1.827241354829558240e-01 -1.585598416979735747e-01 -1.549803076600837770e-01 -1.730284157998251970e-01 -1.767392382043047327e-01 -1.468814296973824651e-01 -9.503401680618823316e-03 2.101433092101930300e-01 8.043958599493838957e-01
1.261322047855496065e+00 3.890711703206157224e-01 2.362726078647774119e-01 1.503110072180971479e-01 1.353906651325359756e-01 8.539203396804259660e-02 8.899504046004574204e-03 -4.864288092400879948e-02 -8.631231811454835590e-02 -1.578321748592663443e-01 -1.931686355204750294e-01 -2.117377342360278747e-01 -2.046836266727803944e-01 -1.993476675399012688e-01 -2.044629618038437402e-01 -1.915791793504630358e-01 -1.395270198465675682e-01 3.245776702894458826e-02 3.192733165788753102e-01 9.919543162698341021e-01
1.483123744740283856e+00 4.803814040314601796e-01 2.708993899682241580e-01 1.462114649859461712e-01 1.381796412789760287e-01 7.857420673757833929e-02 2.300883124441465907e-03 -6.179135815327017889e-02 -9.374697964857899024e-02 -1.576873489775985904e-01 -1.968003846384495104e-01 -2.117524684684829184e-01 -2.235272032457497338e-01 -2.215221028550801996e-01 -2.290237523896446192e-01 -2.145241043228108546e-01 -1.537613314235887485e-01 1.275602706853614862e-02 3.237127150783664087e-01 1.086700704688689845e+00
1.454600239207860080e+00 4.526439221355417764e-01 2.603640638907646077e-01 1.468075929127802270e-01 1.502469476384288016e-01 1.042571816096791726e-01 3.359039241926523728e-02 -3.810997985099410373e-02 -6.954909171895859443e-02 -1.217517331052900137e-01 -1.693972030726254852e-01 -1.945754587120337165e-01 -2.187276634759858229e-01 -2.214663900163289512e-01 -2.385442808965858030e-01 -2.256505507971668378e-01 -1.609156073096117967e-01 -1.015778600986081900e-02 2.973156374464194229e-01 1.144106921749706407e+00
1.198859183810134343e+00 3.126518269124892724e-01 2.246024384394370299e-01 1.579542555893802824e-01 1.721874985822504922e-01 1.488911261388994600e-01 8.384241836881112242e-02 7.774699298921700259e-03 -1.690542126441146875e-02 -5.944769483874244587e-02 -1.109221830293333766e-01 -1.398495926026150360e-01 -1.724343839983489002e-01 -1.784799965813737566e-01 -2.073603567117075497e-01 -1.975248268916353633e-01 -1.305630457336078576e-01 6.002564790519194539e-03 2.741564150329576788e-01 9.272139945691094676e-01
8.028631582742624673e-01 1.410922858960773074e-01 1.866222804054781526e-01 1.612277672178241417e-01 1.906404206026638126e-01 1.848981541725799316e-01 1.260683647309287503e-01 5.478526710294290974e-02 4.662618729461553285e-02 1.489297402132159012e-02 -3.489102311349814162e-02 -5.299739762624060962e-02 -9.001526577806379104e-02 -9.404162344495588244e-02 -1.277208762446849222e-01 -1.281600063704098902e-01 -7.977112889523181594e-02 3.718630358821462673e-02 2.537406692287511034e-01 5.305016789822577516e-01
4.307496215729070266e-01 4.164213439783913395e-02 1.431463017276528860e-01 1.354787689359730207e-01 1.803828588396398092e-01 1.965881404032996105e-01 1.455348955948305711e-01 8.864575340305586026e-02 9.477338830553662385e-02 6.559637325984650491e-02 2.882127454760921234e-02 2.059356189452030486e-02 -1.419072222493075915e-02 -1.533603497984068788e-02 -4.863452122919206116e-02 -5.794026847860711538e-02 -4.604231381559685532e-02 3.359011823148324444e-02 2.034658763165759221e-01 2.717858288032258263e-01
2.762430595206711789e-02 -3.317607932523244929e-02 7.641400312625511171e-02 8.381906824524196220e-02 1.339514360923876046e-01 1.740022331857695725e-01 1.369093510148502169e-01 1.070134452740313102e-01 1.089535329321777851e-01 7.995896069048254173e-02 6.664488473666768664e-02 6.169325925780834441e-02 3.353022409871709436e-02 3.166793142445645942e-02 4.785350961248253585e-03 -6.002894596135536489e-05 -1.099963838564280844e-02 2.835455847487985612e-02 1.837754898500828793e-01 3.537551510221890738e-01
-3.771317276442716082e-01 -1.127089752497497516e-01 5.198280337685556168e-03 4.025587490444123423e-02 8.692903163863797966e-02 1.390310285145746616e-01 1.180566147010483485e-01 1.122979935794406470e-01 9.562318257775213881e-02 7.664031564356908743e-02 8.164697518834357348e-02 7.936893348926091218e-02 5.703648804034236464e-02 5.760891194986809266e-02 4.425420547932094884e-02 4.808751681944978956e-02 2.884058948602456068e-02 5.825878554105445861e-02 1.937921635909566620e-01 5.986966902970690674e-01
-4.613935488064920265e-01 -1.713853570619533750e-01 -4.518836482761980078e-02 1.981167821726818531e-02 6.935129661129103840e-02 1.205511406167471128e-01 1.068201432069674356e-01 1.091514633018360880e-01 8.335928188984277620e-02 7.910060041706690193e-02 8.540364240994331724e-02 9.301181003998498786e-02 7.360963495088647390e-02 7.157286231962867173e-02 6.392567606138520320e-02 6.952158055897503242e-02 3.893069067052794263e-02 9.126048098356460969e-02 2.092510654598740694e-01 7.150157263158580800e-01
-1.521755728408655528e-01 -2.097012415074764879e-01 -1.009298834150057916e-01 -2.020763735411939058e-02 4.533265549063839051e-02 9.217765297909046029e-02 7.587537012267352166e-02 7.716924943419163629e-02 6.351983582211662149e-02 6.673469630930746466e-02 7.055145153939572367e-02 9.769488092521076694e-02 7.964536334317723343e-02 7.319891641008401117e-02 6.966807903472674313e-02 7.550005724131654550e-02 5.131527068744953096e-02 1.457032716927451621e-01 2.901367887911510124e-01 8.037238996292845883e-01
1.873221024821257463e-01 -2.344305036268729825e-01 -1.537794601147464968e-01 -8.015828865788403312e-02 7.460442101245302849e-05 4.733989810353968902e-02 3.063138904867668613e-02 3.549265116275785586e-02 3.947443103674092013e-02 4.359348124634705030e-02 5.550550440144544351e-02 9.033506211475642034e-02 7.297464331256060810e-02 6.529838111688072988e-02 6.316731501116719383e-02 6.933971263439850374e-02 6.436991807981153058e-02 2.007399645142507183e-01 4.003920122428152872e-01 9.955296270759720345e-01
4.733611483092979300e-01 -1.528204017720010133e-01 -1.165658249145549719e-01 -7.482883566061596103e-02 -4.309399780546740630e-04 3.499313448431658202e-02 7.425855062879935069e-03 8.964275686368466250e-03 2.654400985105064698e-02 3.675143192426278543e-02 5.154284949319271059e-02 6.698275968925139490e-02 4.555815596563957820e-02 3.307618114169673385e-02 1.580223234162691018e-02 2.737172809575879467e-02 3.627030295055340414e-02 1.848235521285319649e-01 4.215813288209065979e-01 1.028317717436848966e+00
7.996952200457155824e-01 2.652818782375320622e-02 -4.662855633823881005e-03 -8.906319387646993496e-04 5.005080949325698553e-02 6.355733485094296198e-02 1.772782360632732188e-02 -3.525725876631662288e-04 2.457176789250815549e-02 3.709796560568730944e-02 4.647877015572762088e-02 3.837430103021907679e-02 1.509503409533534748e-02 -4.859382016107789345e-03 -3.882279449772437635e-02 -2.903422160275206249e-02 -1.786564021098126318e-03 1.366848838553677559e-01 3.637397868685007252e-01 7.806074699469900402e-01
1.148614136163759625e+00 1.510363025337215781e-01 8.633175449883645491e-02 7.407545260971443168e-02 1.001743241190496403e-01 9.108974610279693684e-02 3.426186820599005228e-02 -1.442367924267510398e-02 1.139273683018617034e-02 1.843603387645667557e-02 2.251018055617320240e-02 5.382395728828897295e-03 -1.419282066646402815e-02 -3.520566219010239084e-02 -7.866779335824929109e-02 -8.298771943280663921e-02 -4.203814288626090551e-02 9.283512152585622623e-02 3.371693789955514942e-01 5.873881982013923198e-01
1.364686083044508669e+00 1.891087561199859823e-01 1.466397083543805879e-01 1.205736752830778580e-01 1.247708818372025019e-01 1.057066707561611224e-01 5.082855963928241405e-02 -2.368497251924209929e-02 2.338731662002661979e-04 -7.704258379691128651e-03 -1.394146168834561710e-02 -4.031581676576663498e-02 -5.314361123550214588e-02 -7.496851117448492807e-02 -1.154507930112388253e-01 -1.356381684305442425e-01 -1.092927597898227521e-01 4.557800273237998072e-03 2.864619939016521677e-01 5.604167585861635770e-01
1.149345103383099032e+00 1.988016898234551411e-01 1.637464450692209250e-01 1.193061704599623490e-01 9.938536571279850407e-02 7.797707856168910323e-02 6.125922722252190311e-02 -2.054627892399007311e-02 -3.167967616519796418e-03 -2.111546322813220508e-02 -4.356679054496587211e-02 -7.132788373055910791e-02 -8.818422006165198279e-02 -1.133171779996391265e-01 -1.447585249361580118e-01 -1.607206219339364917e-01 -1.482848014722362162e-01 -5.911901651065235713e-02 2.598352997691069644e-01 6.711488948802162291e-01
8.400979755446030817e-01 2.066781540263694927e-01 1.401932550250618303e-01 7.953687454368471577e-02 3.674545618531553648e-02 9.237404994073482659e-03 4.278993937954657378e-02 -2.608713232421468534e-02 -3.247078521682353336e-02 -4.648663801654360356e-02 -6.839792511728255697e-02 -8.879486821389089013e-02 -1.056369034406303697e-01 -1.284186013171638718e-01 -1.552160522644694396e-01 -1.608948632250960242e-01 -1.496458746972161025e-01 -6.780812980535108614e-02 2.584600341094978604e-01 8.076869758542312150e-01
6.391196538755347101e-01 2.004185231763135067e-01 1.053926533936154902e-01 3.501326445780449798e-02 -2.235681954512317576e-02 -5.385471127968590593e-02 8.868848284091106898e-03 -3.438976043246196740e-02 -7.045746160577837092e-02 -7.464960691522058711e-02 -9.024300098994023078e-02 -1.203604191062106615e-01 -1.288513907974660477e-01 -1.427388837982811742e-01 -1.627236871529908202e-01 -1.570318628717565779e-01 -1.403556401354722483e-01 -5.250732148998415311e-02 2.485665956589486192e-01 9.421139682106455249e-01
4.248760530116263423e-01 1.250617030801688678e-01 8.112330382618028468e-02 2.477383782938614998e-02 -3.279341113617155468e-02 -6.251057902154051604e-02 2.947617230141399893e-03 -2.782273910363109934e-02 -7.691471526954254956e-02 -7.612581835383226692e-02 -9.562699817552068604e-02 -1.489576639906807776e-01 -1.392875110826748142e-01 -1.409744744507583358e-01 -1.574826004596237006e-01 -1.531655401400536243e-01 -1.378559251150287823e-01 -4.573830942320847304e-02 2.164162720968501319e-01 9.280681125646808027e-01
2.168253928941130393e-01 2.999241353026628823e-02 3.591776524973417511e-02 1.202034217528942864e-02 -2.633639495697422811e-02 -3.571255929936178325e-02 2.384985819467495827e-02 -6.053103613396214680e-03 -4.255312011888476298e-02 -3.963849044701343860e-02 -5.452269409929696997e-02 -1.103471146248591050e-01 -9.873603372369881004e-02 -9.207692800444361447e-02 -1.141940045925813191e-01 -1.286412438183347218e-01 -1.270454376545358532e-01 -5.897917440045506721e-02 1.430106327920993015e-01 6.150851117553288727e-01
1.296389119066086171e-01 3.268284753041405481e-03 2.765827426355976348e-03 1.142503298406303392e-04 -2.733225373557801596e-02 -5.511081266931639258e-03 2.523552567245460412e-02 -3.648922341871493544e-03 -2.144626183113238632e-02 -1.481066058082462257e-02 -1.685648308485422978e-02 -5.696967524486948320e-02 -5.768336130936739525e-02 -4.397551006878237800e-02 -5.433313757096094182e-02 -7.370605874937477542e-02 -9.373085881985072920e-02 -7.121770838991337005e-02 7.139665733614185272e-02 3.303439270875745404e-01
1.684480937420678726e-01 5.932544081859458807e-02 6.478327070632206031e-02 4.768398741273223440e-02 5.860388541547073907e-03 2.814787253260511365e-02 8.693305490551082523e-03 -2.037671490588299425e-02 -2.884781490002639656e-02 -2.331601359512639610e-02 -2.555070072113884219e-02 -5.495030963782759903e-02 -6.570325075672277249e-02 -4.619445556336346237e-02 -5.026507584674239082e-02 -5.003771131026491653e-02 -7.073503222085107678e-02 -6.489797844373443314e-02 4.034507571764190531e-02 2.390236293809356871e-01
2.832415623371976610e-01 1.605270475210233139e-01 1.450833872768794996e-01 1.152108232526757869e-01 5.048489865441207342e-02 4.476419412567203548e-02 -1.387896747862844490e-02 -2.679097883800224747e-02 -2.900964457696338095e-02 -3.351069279919906274e-02 -4.621941230725836597e-02 -7.231914058444195714e-02 -8.422347373585223340e-02 -7.590035084597269999e-02 -8.977675494831918734e-02 -8.008323561544214431e-02 -8.511492254664995705e-02 -7.385139251397752902e-02 3.662658244031599675e-02 2.573229929610069688e-01
5.420261785372992858e-01 2.421792196738655201e-01 1.807990115435239853e-01 1.516829275940068111e-01 8.168905063032520786e-02 3.836952384074477501e-02 -1.627211225890378907e-02 -1.825948371209667673e-02 -2.713978802048913272e-02 -3.920439040464858416e-02 -5.181495001558119456e-02 -7.587851739095427539e-02 -9.553128389073782534e-02 -1.026672110945558991e-01 -1.294469316583050089e-01 -1.458578320773156189e-01 -1.434890048879665092e-01 -1.035449413812770530e-01 2.010216498858655165e-02 2.851099448406606562e-01
9.564232636018320521e-01 3.209507571917288304e-01 1.877765954100200085e-01 1.635121920278646279e-01 1.008884569757670102e-01 3.546819486546878841e-02 -1.531435326949485976e-03 -2.550088636630239158e-02 -3.987752504945030890e-02 -5.882501128279832986e-02 -7.561404801879773041e-02 -1.037887275050721342e-01 -1.276694710954045520e-01 -1.365362084219572392e-01 -1.614622174948387445e-01 -1.846198781012906021e-01 -1.751679840477506356e-01 -1.078642697591336574e-01 -1.064958502447090061e-02 2.499993400236233398e-01
1.240888530563580394e+00 3.666775350236545217e-01 1.710976111935758326e-01 1.346882787552307059e-01 8.999938916426736268e-02 3.428253594444377605e-02 5.776616412641192959e-03 -4.128714412667688904e-02 -5.816471872696141188e-02 -8.333939596374934089e-02 -1.020782082861647760e-01 -1.287582863223262208e-01 -1.567506131334569786e-01 -1.593502984622086061e-01 -1.750842495258573273e-01 -1.737547237257764110e-01 -1.491988085715828249e-01 -7.873254372924363975e-02 1.653652362655420177e-02 3.041290682376908139e-01
1.210602909430862795e+00 3.542791524552949545e-01 1.405263944251028407e-01 8.241597447907979268e-02 5.364910775249270847e-02 1.943339446540865573e-02 -5.340639339595358234e-03 -5.995525931575898526e-02 -7.609398060608831005e-02 -9.349173209381864136e-02 -1.078649529221339803e-01 -1.253228872125974613e-01 -1.476043562274216014e-01 -1.389571223842349101e-01 -1.476132196410442909e-01 -1.371538079061767335e-01 -1.026767695020634336e-01 -3.571610604464973276e-02 8.110490836258937852e-02 4.104740075011295009e-01
9.924449305195767179e-01 2.293049457937361146e-01 3.720758715539080469e-02 -1.077426095241161043e-02 -2.448204153883831724e-02 -1.560237152801320290e-02 -7.389290040498921672e-03 -5.506084319351207956e-02 -6.049241114653088752e-02 -6.341107458815292697e-02 -7.487625533336407513e-02 -7.429142427808510529e-02 -8.942416698404613562e-02 -7.369221743934094293e-02 -9.007434841283461224e-02 -9.631617560275942957e-02 -7.160146011527987464e-02 -2.096707398857326071e-02 1.071864365312075462e-01 4.138452917828219224e-01
7.186111749550394556e-01 4.143495977241741512e-02 -9.696451213741069663e-02 -1.162406631651052569e-01 -1.143118412548521368e-01 -7.615615206978379459e-02 -2.681750091509695066e-02 -5.008541793749574089e-02 -2.867128023884276539e-02 -1.189874960785035525e-02 -6.117697830129196351e-03 -2.222789473498055623e-03 -1.202306553397811725e-03 6.337203264495790307e-03 -3.704739616753445052e-03 -2.386057046261326822e-02 -1.912877789155213726e-02 3.748977662158517812e-03 1.634818325897744729e-01 3.737117100351570187e-01
5.291243310502721231e-01 -4.027400644021252724e-02 -1.438377486066041155e-01 -1.559096747858232379e-01 -1.376193003906130419e-01 -1.026615564349412368e-01 -5.349925385909158615e-02 -4.602113662299830987e-02 -2.926952593900096228e-03 1.744170230353711548e-02 4.293699060450765354e-02 4.330945769605205192e-02 5.290915369186122152e-02 5.578154883974795197e-02 5.700723442058526491e-02 3.322922349296811295e-02 3.677742581065143734e-02 2.940234444212732473e-02 1.857729680055887345e-01 2.806914603169353151e-01
4.603403799090149406e-01 -5.029055068537517659e-02 -1.636276238937673377e-01 -1.596797683543249302e-01 -1.460795610768319819e-01 -1.286300186854105465e-01 -8.480694574660536944e-02 -5.270225716792285853e-02 -5.549203854944304536e-03 7.569194179587642943e-03 2.732291038101223105e-02 3.636448844978912992e-02 5.821912601681569072e-02 6.136370834614331832e-02 7.245271689850474317e-02 5.892697075738115298e-02 7.988946105866044645e-02 7.549748411617943078e-02 2.276277835447299558e-01 2.213234856816884699e-01
4.678724439397647511e-02 -2.356798658213909159e-01 -3.320828460640004587e-01 -2.683968544800001688e-01 -2.236805030912391579e-01 -1.873561241772341013e-01 -1.243808020144474002e-01 -7.614123294759279903e-02 -2.238841888178476694e-02 9.905208901271572546e-04 2.647731543236506863e-02 6.132910757170417088e-02 9.603503210500342890e-02 1.237575573009878360e-01 1.585904969896800298e-01 1.755480647779497638e-01 2.154363584770252749e-01 2.389025903500894554e-01 3.618181031925183921e-01 3.034735072468327521e-01
-4.255733919470077176e-01 -4.272331031345903418e-01 -4.525542560949429305e-01 -3.719469481783139742e-01 -2.739871506857750605e-01 -1.810933463541001542e-01 -1.049339571312179892e-01 -5.545542000963792767e-02 2.442525231572173841e-03 5.497965324372162260e-02 9.132903915516381310e-02 1.303632059158131573e-01 1.487622501600560920e-01 1.778451044441307638e-01 2.288545963005379213e-01 2.536915951383367784e-01 3.042180084376199800e-01 3.429866896125903786e-01 4.005867050300064292e-01 2.806380913648620079e-01
-9.133780285281858924e-02 -2.936898561299634003e-01 -3.456616142367237576e-01 -3.099529354317009378e-01 -2.388805610419562908e-01 -1.517723549866575039e-01 -9.761526579915683066e-02 -5.061116024806809610e-02 -6.071730437612083732e-03 3.198833762941834247e-02 6.548287050235863938e-02 9.194737660202528806e-02 1.088786930447385864e-01 1.148725099236812403e-01 1.717880928531542450e-01 1.851512345475281596e-01 2.320627212581286014e-01 2.897306057815595137e-01 3.528333398583220482e-01 2.715088275142900076e-01
3.465733212568763988e-01 -1.037899793265282811e-01 -2.221436741750676958e-01 -2.361245508611457267e-01 -2.240569994927521791e-01 -1.761791799854094398e-01 -1.275204610562659102e-01 -8.468670578860906795e-02 -5.734143568403232694e-02 -4.242596397818217818e-02 -1.021952295265624207e-02 2.001058421133890264e-02 4.853150989723870046e-02 4.791091361304897212e-02 1.122161161426658144e-01 1.356957829910074853e-01 1.682923063017316423e-01 2.030469167826678967e-01 2.579290280921912593e-01 3.840828205050413890e-01
6.147385329616451566e-01 -3.686961005629766502e-02 -1.678372849524022437e-01 -1.800279159817634034e-01 -1.858568840821616663e-01 -1.704692599486962168e-01 -1.402781599117928213e-01 -9.332293584320597302e-02 -6.834904327808467850e-02 -5.062115525884466199e-02 -2.010205563803811601e-02 -4.230330754249075551e-03 8.972976957635265052e-03 8.046745177865409146e-03 4.432821061596414064e-02 8.130511607225091031e-02 1.194060681776292626e-01 1.768691935196240739e-01 2.331242913375700387e-01 4.515623383280592540e-01
5.014312690992667187e-01 -1.404835868558769185e-01 -2.365412281722649168e-01 -2.196914539324973104e-01 -1.913049526430343206e-01 -1.654783976365908904e-01 -1.334704324933411734e-01 -7.960278363551986924e-02 -4.067302618739589148e-02 -1.327564096600877992e-02 2.952509766124198839e-02 5.234482125992805795e-02 7.408371908747875267e-02 8.871689539404979674e-02 1.013150157844151106e-01 1.223906729030297819e-01 1.560455696405740056e-01 2.398023334593233080e-01 3.201433936955940807e-01 6.422492239346534459e-01
3.375332212598063930e-01 -2.121661433855895618e-01 -2.601438392333073613e-01 -2.355092062251461227e-01 -1.935480122244508938e-01 -1.509760221798556179e-01 -1.093839767325980594e-01 -6.707021539735814886e-02 -1.464036189375357046e-02 2.937598687938828071e-02 6.427870621865411360e-02 9.491464907069191437e-02 1.201452845955549159e-01 1.492196563692279043e-01 1.590804805986261727e-01 1.708845175362845581e-01 1.949188928699459866e-01 2.408179350878646152e-01 2.936760082425384777e-01 3.909045836592610623e-01
1.095865375301588729e-01 -1.114934746711560426e-01 -1.274930845548139235e-01 -1.112084113475960284e-01 -8.898307882438043215e-02 -7.211010288353168762e-02 -5.447004891843399560e-02 -3.651554426382681157e-02 -1.316137709919473590e-02 8.975609434241006712e-03 2.887229263091048784e-02 5.174287384187568201e-02 6.479146885089810681e-02 7.976669277671494251e-02 9.107404454069821520e-02 9.271261523386602199e-02 9.904817281345421054e-02 1.017402002261429822e-01 1.152585417232710463e-01 1.267025583342742956e-01
3.865165909144239434e-04 -1.324166391802274016e-02 -1.506457443869365330e-02 -2.062473126983096691e-02 -1.944250165598720298e-02 -1.858002315959943890e-02 -1.263789692221979448e-02 -6.767442906270685482e-03 -1.064783116327882575e-03 5.975509726814156328e-04 7.649247688100557080e-03 1.447926777204962094e-02 1.702104195208593157e-02 2.519260083602086961e-02 2.545226020150822416e-02 2.783107987831040867e-02 2.482209211176405680e-02 1.785510224352844857e-02 -3.382934222793048968e-03 1.189303947964603231e-02
