-6.027574117122592723e-01
-3.419402529483643871e-01
-2.557001763395757021e-01
-1.997637196842246832e-01
-1.567918987642702433e-01
-1.207256393996511690e-01
-8.868291496666610985e-02
-5.917896989954173070e-02
-3.137333098998693059e-02
-4.579395077271325616e-03
2.154447532933313411e-02
4.756536804110342298e-02
7.411008053117493222e-02
1.018763679522148025e-01
1.317746851222445781e-01
1.653388203391974176e-01
2.045378958333913810e-01
2.542532830959846057e-01
3.272959453817403386e-01
5.052322923408704147e-01
