-2.145122493624413451e+01
-1.043239243119209014e+01
-6.757774242116351360e+00
-5.106304939438934376e+00
-3.989740877759833992e+00
-3.225398823524304959e+00
-2.237157989229030530e+00
-1.495493181453083187e+00
-3.522816671987542003e-01
5.295152788020603962e-01
1.389508133626672581e+00
2.309746250676488089e+00
3.104581656546431034e+00
3.870059585136720326e+00
4.584582747348843412e+00
5.440049376032804140e+00
6.126908151374576228e+00
6.732235492430858947e+00
7.418357594741391559e+00
9.202036716189372356e+00
