-5.051820047672321579e+01
-2.181425259210666923e+01
-1.537639807076551435e+01
-1.158715977610564352e+01
-8.699802592138411228e+00
-6.439032697665845184e+00
-4.551434295647743156e+00
-2.687962334258524155e+00
-7.089774634658573271e-01
9.254178107657170527e-01
2.637743817249421419e+00
4.328428629381559034e+00
5.874300730018855887e+00
7.218660717964680451e+00
8.863158648101217452e+00
1.052671264395713813e+01
1.248584420574030318e+01
1.463994510985599362e+01
1.739296402361365423e+01
2.498369817319783692e+01
