-4.433482167356942449e-01
-2.313843772619966488e-01
-1.719791132780092435e-01
-1.342583043216576399e-01
-1.057093400876909783e-01
-8.227181903127807339e-02
-6.174014989084929822e-02
-4.249001715967878900e-02
-2.477816872466061943e-02
-7.353168753397768855e-03
9.066219928726158839e-03
2.582210177917589056e-02
4.385587784577116288e-02
6.316212052246875097e-02
8.454659804669674428e-02
1.080499728447808644e-01
1.363730426246641814e-01
1.727959933760487288e-01
2.258957886445148722e-01
3.580298896038165424e-01
