6.405544414208684534e-02 2.556218324436865946e-02 1.693794443659714724e-02 1.261198111735770816e-02 1.018079646537773351e-02 3.294760023063646355e-03 6.596032347908260297e-03 3.312738994662628271e-03 4.123943977020731386e-03 2.707047584245285583e-03 6.033173310275339674e-04 -1.197726814346317028e-03 -4.050991673140074377e-03 -6.717533405864854236e-03 -1.133874398286476536e-02 -1.274115592393840375e-02 -1.628234671693100030e-02 -2.020681474524728405e-02 -2.663264191357838512e-02 -4.478978566946004158e-02
1.235849263370178419e-01 3.684342172736111698e-02 2.559385032143677088e-02 1.461070030258526317e-02 1.294879618652515843e-02 1.172092938306962609e-02 1.251541010652338151e-02 5.039970982036756121e-03 9.736867698515970504e-03 9.909136554976785694e-03 2.528000322245943336e-03 -4.328020463741891373e-04 -6.089526339053408233e-03 -9.659427069922928502e-03 -1.434845078910680118e-02 -2.077617004458283748e-02 -2.791905136517563654e-02 -3.701735564975050519e-02 -4.929504607306018499e-02 -8.646169257537783537e-02
3.639595423869202429e-01 6.237520370462048408e-02 2.170610540112185016e-01 8.844564694699770524e-02 9.622187477719845727e-02 1.063484576675064047e-01 8.394225779421540801e-02 -4.886712847288963296e-02 1.269152648472859080e-01 1.148415941353443104e-01 -1.558940934235046594e-01 -5.069315899154612781e-01 -1.192453484397692914e-01 3.342256984614060122e-02 -8.822572117553051374e-02 7.123130505206924992e-03 -7.625322963730405725e-03 -4.264075993916745938e-02 -8.287576216964306908e-02 -2.009170516416918517e-01
1.014944054949561858e+00 5.795642741577483603e-01 9.447158064956551193e-03 3.333488288722448734e-01 -7.595057767421946326e-02 -1.118487168308817011e-02 1.681182887062060705e-01 1.941773915891728264e-01 -2.708898676364838720e-01 2.274193935558500301e-01 2.312576180319974029e-01 -9.515552967536536344e-02 -2.409403392692633650e-01 -7.792669862846995921e-02 1.227020700247763267e-02 -8.347483142226669404e-04 -6.371342522239741291e-01 -1.538009217856167732e-01 -2.755212364952299153e-01 -7.899183663873733385e-01
1.973575686835336018e+00 1.892641216396654835e+00 1.326964180797913118e+00 1.734107695354624834e+00 7.567257939073471773e-01 -5.889694364970180729e+00 1.027852539363811379e+00 9.130891372494823743e-01 6.172811994509590505e-01 4.598821575273175782e-02 -6.941876816253024218e-01 2.439530439781452398e-01 -3.642568811929919881e-01 -1.419855189642806881e-01 -1.940706697977156170e-01 -6.496788437507083902e-01 -4.764588505703828969e-01 -2.523300166235345476e-01 -4.053416086963564369e-01 -8.472055331181165272e-01
-7.931598237282027064e-01 -7.233834833168167222e+00 -8.081154853120425585e+00 -4.994770254642931562e+00 -7.777327592270755652e+00 -7.746121449372740386e+00 -7.519785095076430892e+00 -8.034690865217774203e+00 -7.549369298425840924e+00 -5.141236573612604666e+00 3.165278979082721378e+01 -7.643615698421414528e+00 7.617066754675444429e+01 -7.244640926208116838e+00 9.387782936501199771e+00 -7.811304466147074521e+00 -7.465989606178463411e+00 -3.147748823455824407e+00 -9.841826897183867828e+00 -1.157837783278258925e+01
1.475975176517744281e+01 4.988694347882244307e-01 2.782350766356526117e-01 2.338880260870705552e+00 -5.086131467775724113e-01 -1.059499765330955245e+00 3.680967162062539488e-01 -7.077265815478294142e-01 2.294167580264222739e+00 6.593744678385516922e-01 -1.506567668147181654e-02 -1.673466000354268512e+00 -3.179488975795290884e+00 -1.046108436247337625e+00 -1.259556867418877069e+00 2.352059913945803438e-01 -1.000296247210288980e+00 2.737199156293775859e-01 -4.011938143028767279e+00 -3.791717668633329374e+00
4.739939907642576777e+00 2.660683767418625223e+00 2.781657746154521105e-01 2.383336333334582779e-01 -1.853031571652236753e+00 -3.620870040786975608e+00 3.616733321082231112e-01 2.317815467198169888e+00 -2.676009668217905979e+00 -3.639480052683358835e+00 -2.426099849661055075e+00 1.131470649831400666e+00 -1.581051229040616457e+00 9.777886798723660622e-01 -2.090964847658220105e+00 1.570497431510686326e+01 -4.637451744933277498e-01 -4.067765335913903435e+00 3.426245456556313407e+00 -7.161210483949651540e+00
-6.257281706703489377e+00 -8.781585494608279419e+00 -6.128868619137939788e+00 -6.202475212343986577e+00 -4.515740077091796145e+00 -1.275102641702042794e+00 4.143147226065188704e+00 3.337711985265216619e+00 5.123377546181131503e-01 -2.431315746948786938e+00 -1.750827310366087985e+01 -5.583977810946027631e+00 -9.899444670243042310e+00 9.702923230829702206e+00 7.866204677040568072e+01 3.360927449221382535e-01 -9.551883826490062290e+00 -7.308762344775925790e+00 -5.355830062625455668e+01 4.139525977771062770e+01
-1.234348525516549167e+01 -9.325147238901044133e+00 8.561333237662219631e+01 8.725823124458621294e+00 8.672285858308301343e+00 -1.446205081610525411e+01 -2.403425986553769889e+01 -1.245070176776071236e+01 1.320816228443349694e+01 -2.032377974562736966e+01 -2.825083538859460219e+01 -1.665080045620583604e+01 2.070724768541446892e+01 -2.064466208992996599e+01 -1.099532244558655236e+01 -2.523654234059117130e+01 9.544908386307892556e+01 -1.156832857490958055e+01 -1.917538676223438543e+01 -1.079838925587285914e+01
-2.515817436418523911e+01 1.031172017172487010e+01 -1.280770999930557252e+01 2.769823829179294705e+01 -1.342881226411275275e+00 -2.706391226407158968e+01 -2.827773708625969462e+01 -2.949721683480382950e+01 -2.433541089711404481e+01 -1.702494663958245980e+01 -2.990887422226368741e+01 3.939107105594140990e+01 4.420734870869951294e+01 1.247244358916153004e+02 -2.680880841858665065e+01 -1.467157426545660570e+01 5.081507143041925634e-01 -1.650729980326958213e+01 -1.982797499636812688e+01 1.811898891369976283e+01
-5.954968370091563656e+01 -2.544080202110587763e+01 -4.480402508163279407e+01 -3.927116241418526954e+01 -3.780211999189150163e+01 -3.424070579109937285e+01 2.444868660591600218e+01 -3.944985329048699185e+01 -4.619349526412467810e+01 -4.987103950540807062e+01 6.188404916691396096e+01 -5.103406517180636115e+01 3.563726626026556232e+02 -5.678770139617808610e+01 -5.355200538258738874e+01 -5.313230588293762224e+01 2.837267067454640710e+02 -4.292813438436115092e+01 -3.939299424071081290e+01 -2.750143995884257464e+01
-8.291594830085394108e+00 -1.133062913622940471e+01 1.717174710377159297e+00 -7.928017128756174259e+00 -1.053790582857236702e+00 -6.660727263994007608e+00 -5.384194324554659516e+00 -4.342219099565145513e+00 9.191299779703880901e+00 6.263187620999111971e+00 2.323505392031403716e+01 3.523908756846807044e+00 -2.816246691315606121e+00 4.004988040886526823e-01 1.228255167298348738e+01 -4.303798247579002201e+00 -5.982211939829717551e+00 1.153639089346747504e+01 -7.074551006023683364e+00 -2.043719209426354322e+00
-1.605576528642456680e+01 -9.972397876565367580e-01 6.061823965483617016e+00 3.238557776027437995e+01 3.405326324616427058e+01 2.433215802139450901e+01 3.353905668457474576e+01 8.457779240776012841e+01 5.293483111454395384e+01 -5.229468168168913280e+02 2.807632032711763870e+01 6.348769760515677518e+01 1.665918848918143524e+01 1.202061750762352510e+01 8.829458680834149220e+01 6.902992487651217424e+00 4.612242525792611403e+00 1.267123305820424228e+01 2.907257456294626152e+01 2.406020596498103625e+00
-1.550493849279719427e+01 -1.165136234719908970e+01 -1.274568789432464477e+01 -8.473299090447838466e+00 1.395870166958017355e+00 -9.351360136964641967e+00 5.410897024006096956e+01 -5.820097775869654377e+00 -1.200030103287489780e+01 -1.108711228804196480e+00 -9.963754362477072135e+00 4.406068864675683727e+01 -5.123698165541653360e+00 2.446316457981210016e-02 1.948287734742772059e+01 -9.829138415189042632e+00 -7.953407867441037560e+00 -6.952074034971006178e+00 -1.081303591103189277e+01 6.311690133384830759e+00
1.462494419994185435e+01 -5.996454099048492914e+00 -1.279194273297548534e+01 4.258202461772728320e+00 -3.012113397543319859e+00 -9.947165016181541697e-01 -6.282654625812766902e+00 5.521676179388205208e-01 -1.192341159502804260e+01 -1.650538934305303584e+01 1.002736003997981982e+02 -7.391017926235363689e+00 -1.287821803754673766e+01 -1.426065074760662021e+01 -1.509529841895465196e+01 -6.908517118395080203e+00 -8.491857145928115358e+00 1.462314887993832713e+01 -1.375384528166615006e+01 2.939607425384325179e+00
-7.551869374135533164e+00 -1.767253722620030842e+01 1.808783315992683161e+00 -1.494174758486633792e+01 -3.297389348404824894e+00 -1.473989892720918604e+01 -1.565463039123885913e+01 6.421027236811967498e+01 -7.364429219748553912e+00 7.167237748506430250e+00 1.834471742630850244e+01 -1.061109144810862226e+01 -4.074289008644759846e+00 -1.198797094142036634e+01 -1.322759900926926591e+01 -8.245200240861542795e+00 1.650094415954016824e+01 3.268222426456976848e+01 -1.068336499895924163e+01 -1.238189377193931628e+00
-4.393211949082211731e+01 -5.082531369769573359e+01 -4.936376029442298830e+01 -4.924437878533983337e+01 -5.358168157788903585e+01 1.524075002635888438e+02 -6.059724245631003470e+01 -6.121386484193751443e+01 -6.302008350725415653e+01 -5.909287501137082899e+01 -6.909101841581551184e+01 -6.696602736089634789e+01 -7.917484001528274007e+01 -7.852131631183920035e+01 -8.167387129165122417e+01 9.363723599084461284e+02 -5.777973086783023149e+01 -7.206385004941772365e+01 -6.057103995528806450e+01 -7.146385445179181772e+01
1.645674726125519882e+01 -9.248364204406765765e+00 -1.391545294461677607e+01 -8.780590336172357624e+00 -1.416226060470060766e+01 -1.541465582161748316e+01 -1.553698936689072418e+01 -1.118333861622316761e+01 -1.776408546519289544e+01 -2.826582983309872343e+00 2.025306371155861314e+02 -1.611991643561029264e+01 -1.135958708842887610e+01 -2.209201416602108736e+01 -1.948904050432335922e+01 -2.289057404001923857e+01 -7.884785473508362230e+00 -8.340409678567079155e+00 -1.324655720323541530e+01 7.986194954537340074e+00
-3.924476120824099468e+01 -3.572124900845298612e+01 -3.273907227820691901e+01 -2.620578868965279185e+01 -1.397632337790941470e+01 -3.044687902266669965e+01 -1.810097008820631714e+01 -2.151496621182078783e+01 -3.161861251034962095e+01 -5.162997268466719802e+00 4.341847031279247631e+02 -4.059447145125968603e+01 -3.183180889713330330e+01 -3.616359419022770538e+01 -2.672224886307434844e+01 -1.316105819361745866e+01 -3.415542092740380298e+01 4.532768946742487515e+01 -3.535764045990816840e+01 -2.912394126383845006e+01
-5.194073203382477288e+01 -1.453941608795690321e+01 -3.362569238421924922e+01 -4.081440351742585904e+01 -4.596740247180849792e+01 -4.415436441539905132e+01 -5.324943230072209843e+01 4.113114133055269406e+01 -6.070181327404220184e+01 -7.151831834885983596e+01 -3.761771767962722635e+01 7.437232904430828739e+02 -8.723923681546864373e+01 -8.319483815873451249e+01 -7.575140051314870959e+01 -6.934243568401137736e+01 -5.125058728922914497e+01 -3.460354697642537758e+01 4.068299559501036100e+01 2.046093125954694614e+00
-6.605716198497352920e+00 -7.327694678394047756e+00 2.111032269411585105e+01 1.021857337777218255e+01 2.874962638912065938e+00 -6.137032199606160532e+00 1.892971852349057738e+00 -6.224647346728840347e+00 -4.088093896823647100e+00 -1.222582987582421055e+01 -4.726427406000634157e+00 1.482326695737812949e+00 -2.173092502272478743e+00 -5.914549251847556199e-02 -9.288662680510777037e+00 -4.751933544931109310e+00 -8.322187470671895682e+00 -1.573267013512370305e+00 2.927869112647175953e+01 4.423949622440437324e+00
-6.463849269921690954e+00 -1.371646991709748775e+01 -1.561321920265507579e+01 2.088418325559804245e+01 -1.655749178277673650e+01 1.465857364502139148e+01 6.055284237299000694e+01 -1.428847746028156251e+01 8.396248776085567300e+00 -4.465952790254792859e+00 -9.534716175875933786e+00 -6.445734885975408446e+00 -7.476203418983274673e+00 -9.824128107870636839e+00 -6.589778940311916244e+00 2.348981595285491508e+01 2.201248008144964241e-01 -1.040518665485947558e+01 -7.206001133477948351e+00 2.217026081798819881e+00
-4.169771627855240581e+01 -1.485886088603276978e+00 3.720414668930137836e+00 -3.952513716728543347e+00 -3.698727168513381791e+00 8.353936761737880801e+00 5.792086678613219686e-01 -9.001369980867657716e+00 -1.769473188397726160e+00 -5.415698750064668054e+00 2.494214755100503567e+01 7.659299629316516089e+00 -4.125384476848957149e+00 -1.708809551583129860e+00 -3.310856251266023786e+00 -2.557681900453726342e+00 7.243284566909760969e+00 -9.202996546872546091e+00 3.951341559914422419e+01 -5.967382278528464035e+00
-2.685467182814675269e+01 -1.918596201935431900e+00 -1.829053687187618138e+01 5.599657353178794494e+01 -1.586373606248006851e+01 1.917810810373720187e+02 -4.790376407466877140e+01 -3.385361325014984146e+01 -4.084864251619709563e+01 -4.995482428880070813e+01 -3.502045522894759699e+01 -4.156467745844731354e+01 2.154574921799718368e+01 -1.038715481882342218e+01 -4.814505779608541758e+01 -2.784063898094637324e+01 -4.163223724626131883e+01 -4.257707056334899676e+01 1.799707247757797290e+02 2.827332690488244182e+01
-1.464880791251978742e+01 6.444954779483895280e+00 4.403893642256128671e-01 -7.883595914178167519e+00 -6.064346951024111476e+00 -3.337269479757606128e+00 -6.752331080381599016e+00 -7.369360713772555194e+00 -8.765138998458434472e+00 4.638480165783400366e+01 -6.301556977564697348e-01 -1.067692933378009457e+01 -7.799228051465515676e+00 4.296989707941083481e+00 -6.452255435896057989e+00 -2.708855544189096243e+00 -1.761848358423326655e+00 2.023861925873719514e+01 2.327276265562655411e+01 -1.374626061377786890e+01
-7.716591134209683567e+00 1.865173248057624988e+01 -1.012324525498757666e+01 -3.988761691296955458e+00 -1.126469562553632404e-02 6.151976366917546457e+00 3.140147806471397729e+01 -1.129171326240786577e+01 -8.069285255776513566e+00 -7.245620318791947234e+00 -1.030584274316215421e+01 1.285339126787532926e+01 7.461509718692028725e-01 -6.512914577187856047e+00 -4.989046372245971028e+00 -7.995183182685623002e+00 -7.113408624095429289e+00 8.882932463020434710e+00 -4.488070447586738787e+00 9.680610844514868418e+00
-1.173630426744742472e+01 7.349632919305969381e+01 -1.052465053774765735e+01 5.668479781902721015e+01 -1.074215898957273652e+01 -9.244591773060404805e+00 7.506163323505998797e-01 -1.087040964769862406e+01 -1.121747068091319832e+01 1.205746915954602549e+01 -5.814098738291617607e+00 -9.195202244789356882e+00 -1.153493566101171020e+01 -1.632183755155021387e+01 -9.030136248596528858e+00 -1.649079496265101952e+01 5.253553011177468868e+00 -5.393590521669087146e+00 -2.091587016999503224e+00 -1.209004050647649819e+01
-9.096843096974012610e+00 -1.064690479084847219e+01 -6.908424114245920400e+00 -1.240561160767857452e+01 4.699627424343493232e+00 -2.677794645323004374e+01 -5.505182470716108334e+00 2.753044739576199440e+00 -2.744344305721666188e+01 1.856921469270278067e+02 -3.394223342654985487e+01 -2.757650365236663603e+01 -2.861459631828653727e+01 8.683430150913332923e+00 -2.989037733343713654e+01 3.660035786281994774e+01 -8.823759286932611801e+00 2.739537548100495101e+00 -1.798107426857531976e+01 -4.923672105778003960e+00
-4.727665567222890886e+00 -2.126105523466403824e+01 -1.792877966152288494e+01 -1.269571780454158194e+01 -2.034652105950276990e+01 1.119845804585478390e+02 -1.408697018994646477e+01 -8.791723755339786450e+00 -1.845998439359046728e+01 -1.340805760707598182e+01 9.555786547973949041e+01 -1.705061366038997761e+01 -1.295119542612870767e+01 -1.549101424675484928e+01 -3.155238403046300988e+00 -4.733709451853141736e+00 1.430037338441380035e-01 -6.499652655620455022e+00 -1.136137525783606961e+01 -6.067259525923840435e+00
-3.676751482956343864e+01 1.372366775120311786e+02 -2.387559637521199107e+01 -1.372682956954521316e+01 -1.701647398643586229e+01 1.156385733779018743e+01 -1.926025693517615522e+01 -1.783468204553205894e+01 -2.012697876298449984e+01 -2.528737621304153027e+00 -8.620795168676890441e+00 -1.815487001288319524e+00 -1.799966110010213782e+01 -1.483723160300504595e+01 -5.354104670945729616e+00 -1.175911721280187372e+01 5.486484746714309324e+01 4.184984166172832687e+01 -2.536647735536154524e+00 -3.138599564912632545e+01
-2.472397603333529403e+01 -2.947219673088067893e+01 -1.015166961264699985e+01 -9.471272392901841641e+00 -1.946537119427778961e+01 -3.863012199311267381e+01 -3.328596834073329092e+01 -3.973885929623161672e+01 -4.784129620547996353e+01 -3.235267199028448459e+01 -3.316676034155528896e+01 -5.315515140478068190e+01 -5.869708169138769449e+01 -4.044454504224339786e+01 -5.475291926689993005e+01 5.988848158295339772e+02 -4.987011423784888109e+01 -3.527596332275166446e+01 1.392877842358533158e+01 -1.002862977863640914e+01
-4.289377360399410577e+01 -1.417073896841886693e+01 -2.217059027630617152e+01 -2.232180752465605433e+00 1.873158788112126416e+01 3.584944075433015342e+01 -2.677337162012307648e+00 -2.252063656020801119e+01 3.830485085335838757e+00 1.434749011599740811e+02 -1.715432237211659583e+01 -1.098369329364808245e+01 -2.164166904949469128e+01 -1.693229781711801252e+01 -1.665260349111035154e+01 -1.258676277471408689e+01 8.490856086803024283e+00 -2.649157704794542312e+01 5.614715969873441992e+01 -1.596311628640714453e+01
8.382622000605122636e+00 -4.630487373026577558e+01 4.096093073056188700e+02 -3.748915414571103355e+01 -1.452102381408095155e+01 -3.071662932017477310e+00 -1.221469209228586195e+01 -2.536702615696694707e+01 -3.711724985625782836e+01 -1.615792478341341365e+01 -3.300415051866210092e+01 -2.397716605433166492e+01 -3.388002631954146437e+01 2.934368062477903294e+01 -1.914108662359414126e+01 -4.365000352607800238e+01 -5.280358203934413552e+01 -2.533582766754908633e+01 -1.866841852215377529e+01 -6.148566343155146718e+00
-6.437361287426817569e+00 -9.957093010767701813e+00 -6.628989454310959317e+00 -6.115518370336026521e+00 -9.950508572270988950e+00 1.289451301953515667e+02 -1.838622653194872569e+01 3.781431001569921335e+01 -4.657348462097342434e+00 2.194785020077403104e+01 -2.068328259455207174e+01 -1.417777312461522854e+01 -1.149575921758594532e+01 -1.016778004453144924e+01 -2.135633931282866627e+01 -1.262767341645668751e+01 -1.817580668108199049e+01 -1.051647497399257425e+01 -1.167919036050168557e+01 8.054576314609434462e+00
9.493618381983282006e+00 4.011907554072513449e+01 -6.254373390846095226e+00 6.676724552647264943e+01 -1.292852234845951287e+01 -1.258709341871196941e+01 -1.383624461064163036e+01 -2.264425501870673330e+01 -2.638636517047961050e+01 -1.466623907993058218e+01 1.137420666264075564e+01 -2.545387355089151171e+01 -2.824558295213366321e+01 4.383888809446911949e+01 -1.904717039251029931e+01 -2.442485625563182694e+01 -1.560411789591185183e+01 6.327344392914749704e+01 -9.136804722037629389e+00 -8.428442225613762773e+00
-5.331989978718612022e-01 -1.983988941937854378e+01 3.899757427502448248e+00 -1.545454241622824798e-01 -2.522289136005497312e+00 1.040000545341239331e+02 -6.924542097997918866e+00 -2.855274852617618819e+00 5.458992591134943090e-02 -1.195683459758763334e+01 1.324598352941022839e+01 -2.586429789015791236e+00 -1.483186491811873431e+01 -1.429939542330470026e+01 -1.066050078626344622e+01 3.138530237908624088e+01 -1.171926257567664109e+01 -9.672889560234146700e+00 -9.460168910542130050e+00 -2.559409389993682993e+01
-6.233569365682166463e+00 -2.178768946020140262e+01 2.421830342760440402e+01 -1.666761891348328106e+01 -1.427899374029153634e+01 1.009134633551641400e+02 6.348906487109883479e+00 5.947440378533265237e-01 -1.953633800171471435e+01 -1.525574258475490197e+01 -3.124780055659986644e+01 -2.613765295737629835e+00 -2.852652681025679371e+01 -9.665190199007001937e+00 -2.522056143302258846e+01 2.304534036446705514e+01 -1.365023361758494325e+01 5.848597992835382797e+01 -5.306159897250940283e+00 -2.947358333155659871e+00
4.200668013690487257e+00 3.915768300171337302e+01 -3.419913418951088602e+01 -3.422046277789389279e+01 -2.556022926916188709e+01 -2.143344705373442949e+01 -2.257265204541642589e+01 -3.916810209920893726e+01 -2.702679100278378854e+01 -3.439702291016573099e+01 -1.728362274974051260e+01 4.614699432069800622e+01 1.852105386868200299e+02 -1.953678866231870614e+01 -1.456138974817462639e+01 -4.975414268204149337e+00 -1.396025742086541221e+01 3.226789989434332284e+01 -1.572354788607281506e+01 1.997639424794054719e+01
-1.333221224682009876e+01 -1.299601956413304116e+01 -1.488502046829761483e+01 7.868945220463263723e+00 -1.064799840609400050e+01 3.602556135407832727e+01 -7.762497918637776273e+00 -9.557945437307889591e+00 8.415055961371576743e+00 1.305509570774765216e+01 1.209756367422424184e+01 -2.143087698877940994e+01 -2.373093859823751117e+01 4.639105134823881826e+01 1.675064366009357286e+01 -1.189806932564488484e+01 2.553679384527283602e+01 -5.868833714188445683e+00 -1.075307551321163224e+01 -1.421021181752567308e+01
-3.278883610669105053e+01 -1.980376409634416746e+01 -3.765222771656610234e+01 -3.055046978002257418e+01 -1.415123188199535953e+01 -2.530004608355033824e+01 6.015873462779979945e+02 -1.977637110987529567e+01 -3.343427287070276321e+01 -5.021158474361826052e+01 -1.416093748445594258e+01 -5.685528215560459842e+01 3.491688159461908469e+01 -3.302874307526255393e+01 -3.694789170023650371e+01 -5.318101248154054161e+01 -4.404022042343297016e+01 -4.770986097825061023e+01 -5.003976220070394021e+01 -3.590812133205084677e+01
2.747410094354111987e+00 -1.663712875327865603e+00 4.434554754968285550e+01 -5.786641097132090295e+00 -3.506532924944727014e+00 6.766700267234140753e+00 -6.390026823491348651e+00 -4.703149080218479661e+00 -8.251444307745675388e+00 -3.654798593652201610e+00 -6.606444977133058671e+00 -1.533394619035026274e+00 -6.308080623949950727e+00 6.991460773808668705e+00 -7.714134174276479960e+00 1.440302336979238795e+01 -5.421272241534619063e+00 -1.023573464874975691e+01 -7.692192504043085854e+00 5.656121655014558769e+00
2.395258739637505130e+00 2.112815175406002410e+01 4.962894458727631353e+00 3.270764948146782203e+00 9.500948575466717116e+00 -5.480360278590510781e+00 -6.579734125206701201e+00 -6.302258948238557146e+00 -5.412495214719978964e-01 -6.447762757186078275e+00 -4.042328560689757211e+00 -1.048426849154945106e+00 -5.884868893847693627e+00 1.141083020417996963e+01 9.901142695820823458e-02 -3.659860671819694655e+00 -2.280463921098791591e+00 2.548962466809761018e-01 3.581414708528496860e+00 -9.390860132558602302e+00
1.818346888913566772e+01 -1.099204625030775340e+01 -2.328210870348826589e+01 -1.791150292589901127e+01 -1.301400554822111744e+01 -3.831549376686013630e+01 -4.069352199471683207e+01 -3.409181731559544914e+01 -3.682806785528519811e+01 2.249638337345631456e+00 -3.924455542207506653e+01 -4.073364275433927162e+01 2.287974686712741459e+02 -1.715412322648466059e+01 -1.595452410843027247e+00 -2.314830478267208846e+01 -3.045680016878359453e+01 -2.913632717151795148e+01 -1.837343728615784855e+01 1.656972586648593051e+02
-2.847224767518035264e+02 -1.338584078834284412e+02 -1.379619542581730229e+02 -1.711437681488774274e+02 -3.689175235414869292e+01 2.829484940173968425e+03 -2.721088049502813533e+02 -2.934307807744734191e+02 -3.469127499210934502e+02 -3.712587116259547884e+02 -4.134808463060629151e+02 -4.596439746185516810e+02 1.701807982362520534e+03 -4.385320834803986259e+02 -4.077459342182154955e+02 -3.532600438428185612e+02 -2.744892776460369532e+02 -1.966004933187118979e+02 -7.990518380525755049e+01 -3.749782299792177298e+01
-1.177829238311089277e+01 4.530194043698338113e+00 1.700287588416159679e+00 -4.773224881936241282e+00 -1.008925423694002532e+01 1.246795848246193295e+01 -4.506091411446658951e-02 2.050142503915248327e+00 2.059593245628684244e+01 1.526687877056973441e+01 -3.919588043324059967e+00 1.037817669317302904e+00 -8.146112718894212179e+00 -6.838945879705487840e+00 -7.107520356528746142e+00 -5.383454869848349311e+00 1.189296821439293161e+00 -6.816792061170565908e+00 8.224736356956860561e+00 -6.302221205670453408e+00
-6.623827761843570805e+00 -8.421896649767788290e+00 -7.456910728154819701e+00 1.524756329568764635e+01 1.107925286287907163e+01 -2.140374269178507038e+00 -4.096272667274953427e+00 -4.619364140851521583e+00 -9.796467676136407121e+00 -3.981571145415181423e+00 -2.860535189489544106e+00 -4.639529860378533321e+00 -1.090067504251736530e+01 -3.435368152489266969e+00 -7.825241421280805909e+00 4.789086212869450065e+01 1.850499541144800730e+01 5.331435887268699547e-01 -1.196417904973318969e+01 -8.571634092854919729e+00
-7.344995502998119541e+00 -2.008326309852779090e+01 -2.261023270964975751e+01 -4.207603092407842382e+01 -5.624501987165844952e+01 -4.688892847501880112e+01 -5.817310788823753853e+01 -5.597901473749487167e+01 -5.233188286766745279e+01 -7.857803082663076566e+01 -6.013307296381250922e+01 8.054097004175091570e+02 -7.592240285274974099e+01 -6.079574966060532404e+01 -7.064915498625126133e+01 -4.557204195647631195e+01 -5.199213760120917271e+01 -4.573499251294522594e+01 -2.900559618281766916e+01 6.702660297846769311e+01
-2.546350630444435836e+01 -2.282411453766379950e+01 -2.089231355094928233e+01 -2.617426138164346128e+01 -2.342440195042461681e+01 -2.820162018677971716e+01 -2.630884776351323850e+01 4.130000330937252784e+02 4.572130380077025080e+01 -2.009656238508760850e+01 -1.397309614748940909e+01 -2.155714018664588849e+01 -2.652341408309896309e+01 -3.006202108826505892e+01 -3.262124294931794566e+01 -3.611347063406464741e+01 -4.121272880390698390e+01 -2.037540247309139119e+01 -2.822533355620529605e+01 -1.878902460011960684e+01
2.368563507909834698e+01 -1.668512397383649981e+00 -4.754526598895664868e+00 3.009833949465928526e+00 9.932671933984968504e+00 3.491260984563695047e+01 -6.179645207901728554e+00 -1.855756479079247123e+00 9.986018918356518448e-01 -3.494755062549798286e+00 -6.117967727796984612e-01 -1.249995514578582601e+00 -3.956546742947973705e+00 -8.708666965452077635e-01 -1.004986583877240669e+01 -1.120655749746094010e+01 -1.035147573600553450e+01 -9.077654225422573386e-01 -9.009813027236690530e+00 -1.163607270916565106e+01
-1.129332090518218479e+01 -2.772154575635925600e+00 -1.467704671866736099e+01 3.973766305008569333e+01 -1.366436721922653241e+01 -1.457446540540999536e+01 -1.780987384374240756e-01 -7.556880174317115006e+00 9.413466064854421056e-01 -1.031559173152086650e+01 2.270099762733479576e+00 1.154740574279573195e+01 -3.322173429037823311e+00 -2.189945019558750428e+00 -6.046604553961008044e+00 6.683050465299245069e+00 5.688663337384970475e+01 -1.247517115739681337e+01 -1.316183326966511835e+01 -1.414355641494656268e+01
-1.146233147857590673e+01 -1.962738456677212895e+01 -1.381476395601532303e+01 -1.057072658402916332e+01 6.351670852442917514e+00 -1.207149767800912876e+01 -6.535214242436518717e+00 -2.618194188023234670e+00 -1.028020077261824650e+00 3.228974180988964937e-01 2.872839352558155479e+00 -4.346720344282154258e+00 1.248137623471003188e+01 -3.102103395786417472e+00 -9.954684627494637894e+00 -5.027469250420144142e+00 -4.682883385809883947e+00 9.632276079671444791e+01 -2.919644453506821780e+00 -1.430642194148094504e+01
-6.401096651539034177e+00 -4.073880320656979137e+00 -6.602448862307919164e+00 -3.959674844768949153e+00 -4.579384178194354504e+00 -5.201940437626888070e+00 5.433245641254972114e+00 -5.636994762405245218e+00 1.221728534691525425e+01 5.174172032045027514e+00 -4.794535852276915477e+00 -9.504100347519109704e+00 -4.595040535841873108e+00 2.771463855680827759e+00 1.257002961723261336e+01 -8.043137036515442873e+00 -1.109621841544119691e+00 -3.160230642574416215e+00 2.612385407524754655e+01 4.579552982185994270e-01
-1.828354306260123963e+00 -9.236403959637633498e-01 -4.804725803341525214e+00 -3.862907946514626545e+00 8.654694278389120754e+00 -6.357795887257117196e-01 6.807089795558961542e-01 -6.512096765730293058e-01 -1.826727531912649027e+00 -3.064661731499507713e+00 -4.038081785001906843e-01 -3.493245933935274827e+00 -1.261785318125197897e+00 -6.994271667558439098e+00 -6.035414935111572454e+00 1.464601914659879967e+01 -4.460912737662237504e+00 -4.150129932774706099e+00 1.715661391222126397e+01 -1.491031298229762880e+00
-3.764395366910419938e+01 -1.048569630194055122e+02 -9.004503618690583266e+01 -7.918377199072624251e+01 -7.544433292538226965e+01 -8.416954022923799528e+01 -5.012497465289366971e+01 -7.365163793156941097e+01 1.071614393886642802e+03 -7.307406508500397990e+01 -7.310353328854725419e+01 -5.726905938940801377e+01 -6.506631136847092023e+01 -5.385916080193275235e+01 -3.953533372378382893e+01 -3.780763389809191466e+01 -3.385638797042218329e+01 -3.450042251786683067e+01 3.044833089384186842e+00 -1.368890353804754767e+01
-2.995433560653591787e+00 -3.758240148299975214e+00 -2.883321455336854910e+00 1.758121165043212475e+00 -1.329463196759959054e+00 2.420658857508733719e-01 -3.887821048358085507e-01 1.506738626692692762e+00 -4.111107788174903632e+00 -2.457574469472881606e+00 1.384986766605573516e+00 9.604205952303731308e+00 -3.016248875434973886e+00 4.287026542458471035e+00 -4.091788462839805796e+00 8.291846259465611269e+00 -1.786443606737269985e+00 1.688980925561280655e+00 -2.619996271440773405e+00 -1.503746743566124255e+00
-1.796908067617267069e+00 -1.618197049599099557e+01 -2.219528931105331537e+01 5.142480056694940238e+00 -9.658151086458556023e+00 -1.677323282758127476e+01 -1.440337098750299205e+01 -1.509657967065797202e+01 -1.456547676940256686e+01 -1.532936464562233603e+01 1.414486009720718052e+01 -1.324016095432797613e+01 -1.159376868847926012e+01 -1.253202311347009612e+01 1.758371153260449660e+02 -1.012413944743352445e+01 -5.791307128127372472e+00 -5.051912971393131002e+00 -5.392869602320743638e+00 -4.193044598599405148e+00
4.899704629970090153e+00 -2.179883515528385551e+00 5.999002342337823590e-01 8.476548333894131204e+00 9.166735563354133642e-02 -2.422611496178061152e+00 3.493799933187068385e-01 -3.888548378246214909e+00 1.089316172931052762e+01 -2.933996205280646308e+00 -7.292879843497377390e-01 -2.960437476132292023e+00 -1.896930872612673014e+00 -2.026392203151237414e-01 -3.833236564166447313e-01 -1.937125144345015260e+00 -4.527272335883936627e+00 -1.916074721776374890e-01 -3.126092414076303783e+00 2.762601726107418720e+00
-1.223716056805932206e+00 -1.405102200012054769e+00 -1.782592901114646855e+00 -2.143911068506811901e+00 -2.869595746151124782e+00 8.080437976662544486e+00 -2.217680085372842669e+00 -1.913774507890023679e+00 1.108328833207862241e-01 -2.989206268700762781e+00 -1.118527650368912774e+00 8.720394604245934600e-01 1.643091375043029245e+01 -3.421629732101381993e+00 -1.275387046834859817e+00 -1.947326182753333912e+00 -1.075158854687493948e+00 3.550857145901548328e+00 2.365517504439119012e+00 -5.356167195288603189e+00
-1.408128021124988916e+00 -2.944690849425450452e+00 -7.473670629113859931e+00 -9.913327617478733700e+00 -9.259529619455848959e+00 -9.217066199098162826e+00 4.695083417327352748e+01 -8.928442407876024944e+00 -8.802915066983077352e+00 -8.438758929968500411e+00 -2.405169963924694176e+00 -1.020821483715327638e+01 -9.986276968347098659e+00 -7.513148050061178473e+00 -1.113700432638752957e+01 -9.892852714478385323e+00 -1.102896019760385649e+01 -1.182726636947904986e+01 -1.363683599052095019e+01 1.050392244395523846e+02
-8.215535513868921225e-01 -2.343381527669452513e+00 1.277889597693920409e+00 -3.552627586071201993e+00 -2.083813908848197283e+00 -3.487665236338380659e+00 -2.625064947118985526e+00 -8.011315782924943729e-01 -1.822883019441081220e+00 -3.873779646749358818e+00 -2.454198360925167854e+00 -4.368936114484852640e-01 4.394622970459535871e+00 1.461401251517986610e+00 -3.043535422158621717e+00 1.470106693304848733e+01 1.468208925601637516e+00 1.428297872418822889e+00 8.646058476749812760e-01 1.942771690315117317e+00
-2.288153119441657964e+03 -2.753149102362146095e+03 -2.627475167995192805e+03 -2.350768006386451361e+03 -2.129124496897120935e+03 -2.045269937387165101e+03 -1.800600328889315961e+03 -1.823146397670549050e+03 -1.864891337357791372e+03 -1.615506089833467513e+03 -1.519665101448333189e+03 -1.483699496618532748e+03 -1.511201565535737700e+03 -1.403302427651959761e+03 -1.451065108610095194e+03 -1.537499227953752325e+03 -1.572070078061060258e+03 -1.751255456927353862e+03 -2.069093782695465961e+03 3.559502059333826037e+04
-2.171453318546884148e+01 -1.397961134338978439e+01 -1.372785724018656950e+01 -4.749732517744833515e+00 -1.230556960613774997e+01 -1.503269265297913648e+01 -1.674986308303800442e+01 -1.673960357699988677e+01 4.355547803850814859e+01 4.162747099160635145e+01 -1.573525920414859414e+01 -9.694292718118383334e+00 -1.009125299270673892e+01 -1.990751847357445214e+01 6.865735921629280369e+00 8.818500825655456765e+01 -2.055940469291688544e+01 4.124714103140173904e+01 -1.124643639001816453e+01 -2.620808221925861403e+01
-2.522726113517765967e+01 7.719404658352813442e+01 -7.725627701830797278e+00 -1.889586837397847319e+01 -1.701925648012698034e+01 -9.708167359150777997e+00 -5.238917483579347056e+00 -2.680350396213132536e-01 -4.274814287947196867e+00 -8.572912494066278200e+00 -5.289264866045335189e+00 2.387406177413449271e+01 -6.833078861407440918e+00 -6.757493301106934247e+00 -1.607817956017111971e+00 -1.726878623941547231e+00 2.592939263528397209e+00 6.299411866163938001e+00 3.533596429107598524e+00 -1.782686097732334718e-01
-6.828130171077277488e+00 -8.799721045768714944e+00 -1.441223927401182436e+01 -1.962382863998775662e+01 -2.514383677246598481e+01 -1.815540682249396198e+01 -2.010829442748657314e+01 -2.501196701203793538e+01 4.158227589477855446e+01 -1.556836837913504468e+01 -2.908961090016415341e-01 -9.240049613642602466e+00 -9.476617049332002551e+00 1.587319098883089308e-01 -1.007401729430919701e+01 1.609432247486489276e+00 -1.676934412025752508e+01 6.319105811685216167e+01 -1.227045328982218031e+01 1.018207491365295567e+02
-6.056341148976047251e+00 -3.773866956910025383e+00 -2.331864427769874482e+01 2.066092279036416124e-01 -7.196637545847238471e+00 8.357629327656598051e+00 -2.318006941755750461e+01 -1.232546307404016694e+01 1.663052165800668902e+01 1.140519354178216460e+01 3.015922261800824700e+01 3.410587012692240449e+01 -1.696590383021037240e+01 3.594830999827252072e+01 -1.195340477575783744e+01 -2.063796784808604556e+01 -1.783180314745749584e+01 -1.731158667654854710e+01 -3.479625963741184602e+00 2.363094524501329374e+01
-6.160074391442726949e+00 -1.871694621787661106e+01 -1.745173272987671709e+01 -1.556872079540800335e+01 -1.454783997530464212e+01 9.126890882563772323e+01 -7.948814125423604438e+00 -2.086820550088473070e+01 -2.277245778858111791e+01 -1.601205514827639576e+01 -1.859522291489018997e+01 1.609960100923701418e+02 -1.793321019073700739e+01 -1.996098027809960129e+01 -1.058416822893379639e+01 2.439681736145933044e+01 -1.071899610905956912e+01 -1.606240135211624676e+01 -1.833580378352939633e+01 -1.998778127905212187e+01
1.222451725600464667e-01 -6.079335105695467867e+00 1.015610107297149938e+02 -8.317153385031218482e-01 -1.311613085568568149e+00 -8.155654865102492934e+00 -8.076574146386199970e+00 -9.247889562244075989e+00 -5.707919975598553464e+00 -5.964853423810195565e+00 -6.894051791233687609e+00 -8.903916147482549448e+00 -3.058923860678442797e+00 5.665638565415025418e+00 -7.677923692056002558e+00 -5.730597115759584526e+00 -6.428659649574941071e+00 -7.194889354787823876e+00 -6.348121346706380841e+00 -8.652251996078060614e+00
-5.114159386499613547e+00 -2.613903984353004528e+00 3.450161520245290436e+00 -4.463235358676889142e+00 -4.584224030429379759e+00 3.055803433065026997e+00 -2.950163636229347297e+00 -2.422314734739311248e+00 -1.041949105378709994e+00 -5.050775390541853982e-01 1.722372318364249111e+01 1.342924810295501314e-01 2.317582612114048146e+00 -1.587648441574569080e+00 -3.882594272893669984e+00 -8.277576298602921101e-01 -4.206288872001739065e+00 -5.206049832676094447e+00 -5.467542167551756371e+00 1.841475026708812379e+01
-6.074619393949927115e+00 2.465342024625120310e+00 7.175307244557570741e+00 -1.851599059633137090e+00 -8.837722138034158625e-01 -1.824584321518668562e+00 5.006894457601512860e-01 9.975634459346008898e-01 1.494234962783878906e+00 -3.347537596212232902e+00 -1.148950662500049624e+00 5.200997733726462346e-01 -9.458058352419622672e-01 -1.903425724149940379e+00 8.698277192277185321e+00 8.159895231934670701e-01 -1.438014958840266422e+00 -3.321581927479961838e+00 -3.270574921466017582e+00 2.653747990041839699e+00
-3.918769459479843675e+01 -2.859624690584576356e+01 6.028834565812213775e+00 -2.378799919479133607e+01 -2.536195215017592730e+01 3.779896077074990330e+02 -4.283956367885108918e+00 -1.894305037056054886e+01 -1.247075186656911683e+01 3.672818231858032245e+00 -9.878327473214071119e+00 -2.125369949613840603e+01 -1.462951653068846625e+01 -2.898070228371498658e+01 -2.520071877731225385e+01 8.002690561286108561e+00 -2.572956483714291309e+01 -3.234162458994663325e+01 -4.583508319159016509e+01 -6.324052290184201297e+01
-3.244152335374829832e+00 -9.164946964990298284e+01 -9.421410641424536436e+01 -1.017898345914649241e+02 1.938283008671386085e+02 2.708753484772180968e+02 -6.183131568266839651e+01 5.924357439305729258e+02 -6.643470726483683109e+01 -3.586391466437358844e+01 -2.554830938020030828e+01 -6.140473594421738568e+01 -3.342189867890860455e+01 -8.458703259425480780e+01 -9.341208340403740351e+01 -8.337874036735651373e+01 -8.069318627354375906e+01 -8.509540724326477346e+01 -7.489599313554768401e+01 -1.228659261045269524e+01
-2.339195648029792665e+02 -3.492030204529809367e+01 -2.096725526280625331e+02 -1.749716893665444104e+02 2.111763680967948744e+02 -2.446841285737133660e+02 -1.892442524619853259e+02 -2.817082272123574285e+02 -1.139916393430112578e+02 -2.703627341587359183e+02 -1.505391303703437416e+02 -2.418888956885131449e+02 -2.556333190071738670e+02 -2.085598741028701397e+02 -2.634009804199951077e+02 -1.044368659271604542e+02 -3.244034936925696684e+02 8.677532169443492194e+02 3.783088066487669465e+01 2.149787288112239821e+03
-2.987360538307102331e+01 4.173686640544492832e+01 -3.835261389976581370e+01 -8.278891511924301483e+01 -3.299499748865324733e+01 -3.954712589862599259e+01 -4.298853729941387591e+00 -6.930253314143304522e+01 -5.173303264853857542e+01 -2.127512170418374282e+01 -7.600405749855491422e+01 1.087405243520605893e+02 -5.030473777056490903e+00 -2.274891879551206486e+01 -6.205172042000040022e+01 5.394284573478773126e+01 3.652857657424329432e+02 -7.869696881068468031e+01 7.562493112996992295e+01 -4.124240739842490200e+01
