-2.696068014999314855e+01
-1.431777881446448930e+01
-1.060652016547206244e+01
-8.342620159176078687e+00
-6.603474233111731095e+00
-5.231089472409101937e+00
-3.912134693344083036e+00
-2.724238776122957617e+00
-1.515224989361452446e+00
-3.701299779859686390e-01
7.120797134632482761e-01
1.827674286625269540e+00
2.923734775349144943e+00
4.095657349104481426e+00
5.355491727829102544e+00
6.787596246265977129e+00
8.386816276888195532e+00
1.039332489011390770e+01
1.322840929670924481e+01
2.033182641881467134e+01
