-5.585380984461733256e+00
-3.017868079070234799e+00
-2.267904120942467738e+00
-1.781447800292649708e+00
-1.407189637979156638e+00
-1.100399242373812259e+00
-8.291514947270861580e-01
-5.763530403020875603e-01
-3.429667367593772220e-01
-1.147775919867480426e-01
9.874123612347988910e-02
3.177270812427710478e-01
5.505402937079779679e-01
8.025481505719119779e-01
1.082588225007588445e+00
1.393496809410975867e+00
1.767631124587258240e+00
2.254952797311176038e+00
2.957395224447085358e+00
4.681417577124928897e+00
