7.183524175564341974e-01
2.605037849222562318e-01
2.590235621968769442e-01
2.004603492068746384e-01
1.443172287303745860e-01
-2.218926521337483970e-01
-1.946138312100964829e-01
-1.825549622621412960e-01
-4.876041076140857911e-02
1.447874438044444434e-01
2.030283426741206765e-01
2.065347674219728258e-01
1.207429135316292479e-01
1.073195565140269703e-01
1.299112503557637577e-01
2.723594163782172006e-01
2.879488046321090344e-01
-7.048102286639794899e-03
-1.120406165778268653e-01
-2.937446595231557600e-01
