3.859676989749881589e-04
3.782536185930628395e-04
3.735030790232395223e-04
3.688602497989538088e-04
3.700610954255809364e-04
3.746611719063407619e-04
3.769465564790306809e-04
3.760572698085947992e-04
3.706120529659152180e-04
3.697341183920106939e-04
3.684579339046237050e-04
3.673422325173151832e-04
3.660659814588978220e-04
3.684278515970596901e-04
3.687645305367821444e-04
3.708572665555536071e-04
3.723644042865276236e-04
3.788778354897564919e-04
3.972025421736220070e-04
4.272494841641791144e-04
