5.114356519199455420e+01
3.268637475366791278e+01
3.117708743211404965e+01
3.019398714519883953e+01
2.980941054974886484e+01
2.943847564108559922e+01
2.916813810901441073e+01
2.903144069898430502e+01
2.880469153154015416e+01
2.861508362936544003e+01
2.841590891643520678e+01
2.821443475184268834e+01
2.817860144334747474e+01
2.831374529136556362e+01
2.828791724018298837e+01
2.850753721284475972e+01
2.855259561494284881e+01
2.893080600889430087e+01
2.921611244242550498e+01
3.007688752586448899e+01
