1.584147077269121884e-05 6.096838196309110142e-06 5.189990017143967613e-06 4.748094141894048505e-06 4.543208739000806813e-06 4.424044816977708381e-06 4.344823858917609675e-06 4.247919670840234672e-06 4.196803487031566208e-06 4.123313087453664616e-06 4.083331494874320580e-06 4.025104490497421573e-06 3.988923669813572005e-06 3.994330849792164287e-06 4.009286324580788293e-06 4.006897296698063627e-06 4.066784882976607573e-06 4.274601644211211209e-06 4.573856161078096497e-06 6.512674395340326720e-06
8.853527690565588768e-06 3.170661069173771460e-06 2.694959025356403879e-06 2.462201078203111517e-06 2.356552543421184514e-06 2.296000484851730778e-06 2.258576990663037094e-06 2.207776406815791010e-06 2.176191359846939469e-06 2.137768417970361142e-06 2.119329823498132935e-06 2.086665315270139489e-06 2.071805201378054445e-06 2.074232670329888955e-06 2.079522394307115807e-06 2.075227755465029602e-06 2.105720783212338157e-06 2.211768288114836805e-06 2.372392404802348904e-06 3.354602484399086078e-06
4.477023202831867423e-06 1.402949251789895475e-06 1.203132404280432902e-06 1.107034937289683517e-06 1.060712968726919116e-06 1.039851284908833619e-06 1.032127354871481443e-06 1.010175188732852772e-06 9.847144061727003063e-07 9.663537891419122715e-07 9.605718522069069874e-07 9.447355582632345017e-07 9.625237963627768243e-07 9.612325859973975400e-07 9.535982075774375240e-07 9.375020659487072853e-07 9.571933217056436005e-07 9.878947767662662391e-07 1.053808308076594266e-06 1.419207906217804770e-06
3.165481109097520167e-06 9.507780869316192320e-07 8.423172674003010214e-07 7.935950658998000336e-07 7.598008032200663218e-07 7.579617020023181957e-07 7.571636691979156604e-07 7.461190633364102019e-07 7.242878977291994714e-07 7.085292112805578020e-07 6.998085037795888888e-07 6.839094694599829034e-07 7.233605770526592596e-07 7.113878128391189300e-07 7.106577106085039597e-07 6.836367888316107481e-07 7.062058685098637685e-07 6.958895211019357326e-07 7.242523578998525095e-07 8.965476052753616351e-07
2.625245851730483613e-06 8.258581728427571227e-07 7.512153694676642103e-07 7.132379524770892249e-07 6.815895625398423703e-07 6.933259064359924753e-07 6.869543099225031668e-07 6.857826025752773082e-07 6.671062979481172340e-07 6.535651066323698410e-07 6.398513063268126029e-07 6.249540731864590558e-07 6.564476901667006005e-07 6.480193158635990640e-07 6.523835193770011590e-07 6.256044763381654379e-07 6.382145277003624749e-07 6.104811385477463458e-07 6.228129969639115481e-07 7.047611207420414188e-07
2.461030940457147735e-06 8.509971950945446259e-07 7.675572159384889817e-07 7.172175081418138286e-07 6.855886770942675195e-07 6.984956300680108077e-07 6.890498940348263207e-07 6.905909272051487523e-07 6.701132543763545871e-07 6.603356141149961249e-07 6.476095979330288481e-07 6.390677806257242666e-07 6.528614061039702261e-07 6.488389104211435590e-07 6.524728405151061965e-07 6.332184530500311143e-07 6.275768185413674600e-07 6.053483904734285656e-07 6.046880208870046052e-07 6.431888195647522643e-07
2.552215582218481013e-06 9.786281522756936490e-07 8.355200321760118750e-07 7.635437826253434356e-07 7.296564911670089701e-07 7.366335441045690668e-07 7.279532531021210432e-07 7.293092165517282762e-07 7.109246225374371113e-07 6.976382286179537037e-07 6.876864061686976475e-07 6.851179316142248254e-07 6.907291602712088477e-07 6.840068098088227223e-07 6.880213010043690990e-07 6.738387322406225887e-07 6.503051946887080248e-07 6.401399884875325995e-07 6.324858082771638527e-07 6.559430805880482148e-07
2.795181224554283974e-06 1.203790527663468057e-06 9.525903002069997762e-07 8.514402566667262433e-07 8.067399351132192533e-07 8.062449601744719967e-07 7.987885227511478184e-07 7.958015963524106367e-07 7.779176905347067055e-07 7.582671691667548740e-07 7.506419670237354963e-07 7.486730549347698977e-07 7.532463174424012112e-07 7.491191586551886570e-07 7.500645926001497520e-07 7.303338154361103423e-07 7.019492484134531209e-07 7.002757798124578125e-07 6.971868658008961955e-07 7.249907411952146479e-07
3.185389846538986376e-06 1.506990974239284488e-06 1.144692152251124662e-06 9.938614024639062709e-07 9.204364678077059991e-07 9.058942740891046500e-07 9.089394582582970634e-07 8.966481484656922333e-07 8.761435663921682351e-07 8.562234230869824512e-07 8.581871931062995833e-07 8.365794211943853346e-07 8.387176071400614874e-07 8.535350976533463774e-07 8.454509053811642878e-07 8.133281136358729557e-07 7.934577686467383641e-07 7.953901940479696393e-07 8.012730685414818915e-07 8.532358273262203259e-07
3.834728197971439646e-06 1.870199823588407952e-06 1.421520158895993493e-06 1.223023663030665506e-06 1.104455545186817740e-06 1.069375465794455413e-06 1.086505882859287446e-06 1.053228161000243007e-06 1.033967194878870135e-06 1.014245993356644112e-06 1.029915597329072316e-06 9.676808095574866092e-07 9.720435662135855311e-07 1.015698142428623559e-06 9.880469217619903740e-07 9.485759375585997724e-07 9.422911707151352116e-07 9.432000796964651091e-07 9.578156307490169547e-07 1.045761121903364137e-06
4.685292743737683845e-06 2.314208044376130664e-06 1.788739041995115883e-06 1.540280713944724769e-06 1.383021440537369760e-06 1.326093419137010173e-06 1.346238872207938437e-06 1.299186302812463688e-06 1.267500452121404689e-06 1.260494072251947972e-06 1.274203383180520619e-06 1.198400444214830803e-06 1.196797708489140424e-06 1.265672502458282941e-06 1.189639493535174704e-06 1.158170237849751407e-06 1.160195435640022737e-06 1.166399535562702485e-06 1.190929085828190117e-06 1.313047428147103639e-06
5.539367369327795360e-06 2.830208507315749392e-06 2.226598050165304740e-06 1.918164226993825182e-06 1.734834744156051773e-06 1.657722855754655988e-06 1.675092099299264037e-06 1.632218700399869944e-06 1.573053293960441449e-06 1.602133284595267771e-06 1.622666123399475537e-06 1.540726319504574556e-06 1.546892459422584979e-06 1.657329206453189795e-06 1.524518752306285017e-06 1.461152736478590718e-06 1.465042373980326102e-06 1.495919779092525018e-06 1.535620329890743353e-06 1.711144252262173665e-06
6.398762255655778439e-06 3.490132789335088442e-06 2.758186051734436460e-06 2.363683269898234924e-06 2.144381801421587896e-06 2.030273174155236318e-06 2.068843123815574820e-06 2.037178275962781506e-06 1.970154491410497136e-06 2.028753433872087670e-06 2.048874246598873839e-06 1.936365670412772268e-06 1.945578449187163067e-06 2.114935137881709787e-06 1.977962699713445960e-06 1.869997104259058217e-06 1.889616762317415124e-06 1.936858392392359516e-06 1.965111491167871667e-06 2.277834838339919810e-06
7.389264108071911780e-06 4.391223757796772639e-06 3.513285055142093156e-06 3.002911827770127753e-06 2.757606184475848349e-06 2.646853054055774342e-06 2.676596720138417769e-06 2.652808625683904656e-06 2.559787922685015509e-06 2.606533860720542083e-06 2.601225373505495503e-06 2.493275198623923139e-06 2.463375731889586346e-06 2.622160463671696606e-06 2.496231277760065301e-06 2.451124960458375731e-06 2.484075815431680712e-06 2.573018944122234347e-06 2.580885411295657539e-06 3.041740366563330831e-06
8.835708522042698247e-06 5.812260848816689355e-06 4.898158004566426688e-06 4.265576481888289378e-06 3.951410208067084749e-06 3.891081320167458311e-06 3.816958782765786212e-06 3.748664310780548612e-06 3.605333171259131274e-06 3.555678692132569868e-06 3.497484440110580854e-06 3.428894121991390722e-06 3.353643034631041240e-06 3.430929639550795554e-06 3.343920610587199540e-06 3.377906844906648539e-06 3.360940795517390326e-06 3.553357448022350185e-06 3.650722808228431853e-06 4.276723562156006304e-06
1.093714516207923315e-05 7.987550709358840642e-06 7.298732657369574325e-06 6.590086992761754569e-06 6.098185785069807278e-06 5.999484034323949664e-06 5.678136494424472280e-06 5.512544923328341058e-06 5.314021747153933493e-06 5.114709398638873672e-06 4.975593969559656577e-06 4.813148370025962029e-06 4.677330800297946392e-06 4.638057386461209343e-06 4.576877408188563470e-06 4.606815838567603287e-06 4.549751672709202969e-06 4.824692265514590247e-06 5.150776940343917062e-06 5.983677076968036948e-06
1.279717410532304528e-05 1.050819708990022361e-05 1.032994344874088790e-05 9.597385924068203072e-06 8.738511951931021457e-06 8.471005078451050843e-06 7.966637763591698218e-06 7.644735848506629321e-06 7.381048967569094756e-06 7.060522686816718398e-06 6.821549226999807501e-06 6.441072475367816688e-06 6.218566244986744260e-06 6.018036562383434964e-06 5.958969429229994852e-06 5.966206655030908069e-06 5.867424593731948796e-06 6.174704328425825451e-06 6.671474497360507933e-06 7.780266858949593943e-06
1.473805175658318079e-05 1.319103719016659530e-05 1.292860305813233202e-05 1.219868650772169839e-05 1.140040547841799880e-05 1.100239904047538857e-05 1.036654374138452748e-05 9.887437876843095249e-06 9.552252608077766981e-06 9.113620995397276564e-06 8.658357065420866508e-06 8.150351768647014041e-06 7.833251185608179276e-06 7.548952832985371274e-06 7.518520122905454537e-06 7.497141208807419922e-06 7.311281778614704049e-06 7.550733477070890487e-06 8.028629668413863826e-06 9.294457015134016857e-06
1.697865080299888288e-05 1.701699495807050660e-05 1.654800359328061567e-05 1.604863691182440417e-05 1.557103436855918725e-05 1.489431149745552537e-05 1.393383766554960585e-05 1.341231565368568612e-05 1.282716915532306409e-05 1.202594908144899436e-05 1.123395812076920846e-05 1.060257669437550102e-05 1.016115860917152703e-05 9.879841805270328628e-06 9.873937162799544410e-06 9.702706248701269676e-06 9.386024660076531642e-06 9.318896002469267631e-06 9.608069051074095087e-06 1.067242869365551402e-05
1.964317498617267183e-05 2.129698046904786727e-05 2.111501142342575677e-05 2.067372230753606224e-05 2.027708153033025299e-05 1.947380785847482987e-05 1.843031979808288344e-05 1.785385173064899525e-05 1.694113993332579704e-05 1.590531288763612666e-05 1.497599105275288735e-05 1.438624431532980533e-05 1.394886615764317703e-05 1.369484671783818368e-05 1.373067361531642546e-05 1.328687606673072855e-05 1.279577593248629506e-05 1.217523561394839339e-05 1.194469855909115316e-05 1.244131462127519104e-05
2.314467480413107513e-05 2.514656988673806995e-05 2.478625445632880647e-05 2.409518989872225792e-05 2.376176114185756796e-05 2.316219951896704489e-05 2.250776525021863766e-05 2.169573050892698162e-05 2.079223113230770718e-05 1.997709476120967758e-05 1.941179656963576086e-05 1.886129344311965461e-05 1.854785197604278212e-05 1.843306560587466679e-05 1.844861984271048408e-05 1.776991925703115787e-05 1.718399539042857129e-05 1.611521678656414766e-05 1.531970211180674359e-05 1.523412674069840448e-05
2.803705673345694135e-05 2.929394116377964760e-05 2.868315974966558968e-05 2.800518439729667076e-05 2.777478673251248560e-05 2.724080475887430300e-05 2.685156193138039550e-05 2.596799607930846238e-05 2.516048825372033839e-05 2.456714725180392765e-05 2.406565013317669201e-05 2.338549933320080185e-05 2.314050416011496401e-05 2.314010511720190173e-05 2.300181379698460572e-05 2.236030737390283927e-05 2.218773862331075119e-05 2.140600264195836639e-05 2.027488791361232111e-05 1.938279334729557792e-05
3.877019739321470548e-05 3.684123203111516217e-05 3.547819371279828566e-05 3.459580934566841608e-05 3.423354940359010909e-05 3.398341322826339833e-05 3.379870507468626191e-05 3.277875497262864755e-05 3.179107543487672997e-05 3.093926049288168317e-05 3.028695609471078861e-05 2.968105736125322485e-05 2.959996369564501522e-05 2.937226158787733182e-05 2.935848107556699905e-05 2.884210937538632768e-05 2.846526126987337400e-05 2.806319248134118426e-05 2.671118062494762168e-05 2.503947503058983053e-05
5.275696489502939641e-05 4.869778228651124979e-05 4.552007005089250694e-05 4.358846630275371053e-05 4.279430778530949751e-05 4.255823936056133452e-05 4.183998425404207626e-05 4.034109710366270849e-05 3.932968397519243119e-05 3.826486105079894448e-05 3.781162660650834678e-05 3.764073497319342252e-05 3.724849177766574945e-05 3.736745208521509198e-05 3.758295021303903097e-05 3.672458651307938517e-05 3.606313841024996676e-05 3.622365229387119518e-05 3.532109228423902344e-05 3.411017146307586482e-05
5.644664890430804179e-05 5.068500218607422482e-05 4.671158018158286468e-05 4.439103649044314972e-05 4.334954772196127266e-05 4.253809526967189012e-05 4.161236528557285438e-05 4.036922124087749867e-05 3.946451838393445858e-05 3.872450632449036140e-05 3.837094822835782624e-05 3.804039582957904279e-05 3.754671722527372222e-05 3.781566825868953749e-05 3.811489605161778020e-05 3.738770140616912087e-05 3.717550348306958302e-05 3.773097759123056132e-05 3.786477174933767592e-05 3.863205920427831942e-05
4.076712937553276600e-05 3.488644123770807785e-05 3.193496523465939472e-05 3.060064134107438270e-05 2.976426292239430375e-05 2.933480605195125013e-05 2.901058105132763964e-05 2.865902079787643634e-05 2.805738253352855463e-05 2.769087892735119910e-05 2.705014303404831353e-05 2.678455502824028978e-05 2.634166730035802399e-05 2.614705843907163488e-05 2.634075023913623581e-05 2.640273398642010029e-05 2.674438250293756082e-05 2.805016623292684534e-05 2.924017925519327749e-05 3.221307866705648923e-05
3.602062384463057369e-05 3.039089508198091424e-05 2.875028343155024740e-05 2.793125374342434418e-05 2.765394258897894346e-05 2.745632836612653890e-05 2.733622470375276372e-05 2.708178823598432708e-05 2.663428808341794995e-05 2.629231289123072171e-05 2.607704978450167021e-05 2.590350701068315162e-05 2.591388234377141851e-05 2.608353515250341100e-05 2.617469282083977820e-05 2.659082191637600798e-05 2.695169605333966084e-05 2.711667048859155046e-05 2.698210069154217779e-05 2.851155845059232056e-05
3.519365559733336551e-05 3.222991524870385789e-05 3.059645848228724751e-05 2.971722229498886738e-05 2.933831709654500486e-05 2.912734191078551589e-05 2.886369782420282885e-05 2.859296499875487149e-05 2.833761219186917886e-05 2.828187114710735449e-05 2.818984836422490627e-05 2.814254377237807345e-05 2.804266812871610329e-05 2.811470587503037859e-05 2.822823730857296741e-05 2.834850079631497053e-05 2.851953322380816874e-05 2.900207300046454421e-05 2.955007697330692959e-05 3.216000389155320761e-05
3.669719455195050243e-05 3.313250295654747055e-05 3.185692367484060819e-05 3.099940541356292209e-05 3.067512351653840102e-05 3.055143934603555807e-05 3.026328413360022485e-05 2.991688206784863223e-05 2.983374227726413310e-05 2.961155810182411553e-05 2.955167255137608725e-05 2.939941372021513780e-05 2.932681539245699808e-05 2.923244267389633614e-05 2.925308578551763530e-05 2.943811852831150285e-05 2.994034731317117125e-05 3.086488411476267065e-05 3.145354878908120029e-05 3.364091077022962975e-05
3.432447232050822415e-05 3.138465687511578678e-05 3.007872158388389809e-05 2.933295130910913392e-05 2.901377446593306011e-05 2.884231470213634196e-05 2.865345346969977358e-05 2.828817528838219205e-05 2.814708840499013928e-05 2.793211872943452393e-05 2.780294211534236628e-05 2.767305952588028221e-05 2.771883992280892772e-05 2.778470466517071399e-05 2.779727757764100245e-05 2.793369011555451407e-05 2.820121458054695144e-05 2.883497880158914246e-05 2.943095169788055804e-05 3.173775808301943868e-05
2.936812109598650375e-05 2.931087604292181763e-05 2.844252798660383590e-05 2.795380214751268382e-05 2.753327843579577740e-05 2.715403493532674101e-05 2.698093975256062282e-05 2.677029651258894306e-05 2.669818336747681596e-05 2.658480861640460721e-05 2.651077354265361243e-05 2.644634736888700215e-05 2.641114948153177203e-05 2.645709228542863191e-05 2.643375953042565398e-05 2.625073988051869323e-05 2.615393252473886709e-05 2.611798318066858686e-05 2.589428561143487941e-05 2.622171787135346192e-05
2.267149532679828524e-05 2.419869093240944536e-05 2.443374768238857161e-05 2.423607927107254817e-05 2.410062049168650413e-05 2.401583564728425909e-05 2.401102556015268587e-05 2.394034834194904034e-05 2.382030709334658367e-05 2.375091698843587564e-05 2.376810146770189962e-05 2.375509090906833073e-05 2.383813147354297757e-05 2.376205616306589430e-05 2.374852694765661502e-05 2.337762428533049565e-05 2.313530496308676383e-05 2.287695790246790318e-05 2.216926117612576434e-05 2.134614553145081100e-05
1.623601191697832781e-05 1.795550706274987474e-05 1.873456047367324744e-05 1.902890294025456316e-05 1.922751979711803135e-05 1.927315718365153497e-05 1.941042941341053271e-05 1.920961063282838497e-05 1.899124492848779515e-05 1.892411992015412617e-05 1.878538710092460503e-05 1.866659704858083634e-05 1.858306446194997005e-05 1.863663802608676929e-05 1.864380399364436644e-05 1.851716341961717605e-05 1.833850429022068252e-05 1.781771797538113960e-05 1.683857958216402101e-05 1.535144955169837693e-05
1.700239099027144756e-05 1.997654788496351240e-05 2.045165614104682084e-05 2.060533850624292356e-05 2.071542330611465222e-05 2.070346548167940735e-05 2.058552357233439003e-05 2.016822979663886821e-05 1.982739399801280940e-05 1.966857540683581481e-05 1.951059292516192864e-05 1.943022385899797067e-05 1.938938446154787413e-05 1.927961576645218414e-05 1.903568204082667852e-05 1.886680235136370927e-05 1.853943628539658688e-05 1.814384014247747752e-05 1.711945496041369962e-05 1.583774535954342828e-05
1.724179046813612367e-05 2.052949240016601007e-05 2.095544659838562105e-05 2.101550629188261241e-05 2.107864512485121462e-05 2.095238733065822413e-05 2.082675641347662754e-05 2.039506222223398115e-05 2.009059875349279318e-05 2.010033060040111383e-05 2.007696777364117863e-05 2.001570171997802707e-05 1.992717157480768995e-05 1.993018408084896339e-05 1.972328443130069719e-05 1.938902875288816942e-05 1.910992975497502886e-05 1.849860767020868551e-05 1.738369256706584319e-05 1.590416438965205656e-05
1.655835131142680108e-05 1.841624081462359751e-05 1.853808755977529846e-05 1.832499142447617917e-05 1.820761741530388422e-05 1.812701465121734033e-05 1.803920961590812843e-05 1.787802845998835084e-05 1.764217945575559230e-05 1.756980128164241752e-05 1.753371525651026939e-05 1.740675980207768183e-05 1.732710208444111191e-05 1.733420846241500081e-05 1.731435211344536571e-05 1.713453549303377112e-05 1.707856272836588324e-05 1.687539173368134124e-05 1.643200708389276927e-05 1.550069292414409962e-05
1.719948526071603902e-05 1.806349133453830135e-05 1.755312949282336130e-05 1.717915436452424122e-05 1.689042047239055740e-05 1.680375059912493651e-05 1.651252521192779919e-05 1.639786251276650268e-05 1.624182472934085992e-05 1.617205337108694208e-05 1.608601667671433566e-05 1.599401313996130702e-05 1.593096391534890821e-05 1.588207506320790912e-05 1.580765565287768276e-05 1.584108181155327941e-05 1.581889927235647061e-05 1.600111149505735247e-05 1.603278464764903809e-05 1.616998655552101993e-05
1.667172197197350106e-05 1.703203343869276549e-05 1.628480331196028143e-05 1.601539294057508224e-05 1.580797013760165055e-05 1.573447266486886588e-05 1.549752729982338748e-05 1.529867409916890506e-05 1.528542774518616807e-05 1.517886890478678298e-05 1.512101640113638102e-05 1.503827670825513593e-05 1.507378476001302332e-05 1.515088589385416712e-05 1.519456158560202703e-05 1.526714156050933182e-05 1.514400068996787113e-05 1.503338643492023994e-05 1.510266905823390014e-05 1.557688788811981281e-05
1.657050852742096363e-05 1.641646801141900049e-05 1.533968666750847460e-05 1.513134727466776397e-05 1.509329458814757457e-05 1.509488732018900762e-05 1.494346510397978026e-05 1.481670046506381572e-05 1.473788832423279468e-05 1.456154226666327090e-05 1.450645432662870646e-05 1.436886176640806255e-05 1.443064575232979175e-05 1.448337470031886494e-05 1.458408390502486995e-05 1.449477381786767504e-05 1.449108477645078489e-05 1.461622854463126075e-05 1.494501594144331690e-05 1.457595502395976782e-05
1.680632883652508877e-05 1.609414108446644511e-05 1.523547749203792437e-05 1.508842655413607310e-05 1.487146321381092828e-05 1.484943645810076514e-05 1.467310956000273096e-05 1.468228193572763542e-05 1.447869988666173240e-05 1.427927620331592380e-05 1.424172978518936300e-05 1.412446879963655208e-05 1.413666842058753245e-05 1.407771948654312904e-05 1.410452061181643614e-05 1.405925484733597182e-05 1.402857494968970706e-05 1.431387587788303939e-05 1.469007071070175072e-05 1.479408333445392353e-05
1.546020518469263575e-05 1.452353215487006071e-05 1.386663546039336700e-05 1.384573706303489239e-05 1.380200324047919878e-05 1.390814862363121379e-05 1.395495784180743338e-05 1.403146497039770317e-05 1.401380648006572233e-05 1.390285022153514363e-05 1.394488090604356044e-05 1.386430242159563417e-05 1.381406096388952559e-05 1.374363251058769389e-05 1.375308981653438630e-05 1.375002986169141295e-05 1.364140308078170776e-05 1.381273406070960969e-05 1.374715519742634584e-05 1.410805181665385373e-05
1.342828152152383993e-05 1.363223614728969167e-05 1.340432366783193047e-05 1.330926955507802061e-05 1.320008608359353172e-05 1.330028809659873833e-05 1.349175245856253349e-05 1.359191657889867744e-05 1.364270311138513128e-05 1.365959708767783787e-05 1.364640710980308440e-05 1.360745824153646258e-05 1.362876217252051981e-05 1.361438164767215671e-05 1.363362552663535333e-05 1.364940258735378310e-05 1.352658103313731963e-05 1.372970260728003825e-05 1.392911370097360541e-05 1.398846744694431029e-05
1.314343570100041762e-05 1.355468127135162660e-05 1.322028851667697555e-05 1.327266335528740182e-05 1.330710708066859137e-05 1.325344110425238453e-05 1.328885826092087362e-05 1.327106270902966227e-05 1.329014721156321622e-05 1.337249067842284365e-05 1.344798911721303985e-05 1.346611751577463770e-05 1.364614609718497116e-05 1.375371082363902464e-05 1.385048255974916479e-05 1.389548468185569894e-05 1.391270261251447125e-05 1.396434296589577564e-05 1.387776521424026233e-05 1.337117233112860807e-05
1.277533550478600035e-05 1.301256604991709329e-05 1.318908823821924555e-05 1.346353478234273420e-05 1.361792578213975643e-05 1.338784422070483037e-05 1.337584604551418454e-05 1.331225086443225368e-05 1.331592948911464209e-05 1.339120766933294872e-05 1.347224507405839379e-05 1.350663386159677823e-05 1.362879413040043350e-05 1.358537682735857053e-05 1.366893095291009810e-05 1.352788393588004221e-05 1.360659661626287995e-05 1.365684196583625353e-05 1.336542645952313805e-05 1.245492754690434123e-05
1.266433140260681971e-05 1.290644033254340719e-05 1.337704150553278806e-05 1.373485817472594926e-05 1.380627222782709591e-05 1.369790276852410296e-05 1.366919482517440631e-05 1.368904259944851896e-05 1.362038616566239646e-05 1.361183573553484581e-05 1.358012550671864710e-05 1.359236232406888305e-05 1.365298466815355548e-05 1.367759879612895780e-05 1.383351172948887975e-05 1.361950949448308801e-05 1.365887049274894727e-05 1.375372137195640676e-05 1.352960139403960281e-05 1.256902963468306176e-05
1.145499402233915383e-05 1.242097915787798422e-05 1.308071192338453614e-05 1.363154895126355776e-05 1.389480674720703217e-05 1.381873649309133690e-05 1.378650047529132447e-05 1.372873353038669153e-05 1.366582135259533969e-05 1.362677930161388787e-05 1.359623395152641866e-05 1.357350861674919350e-05 1.353779046530281665e-05 1.367745138840631087e-05 1.368950520079859980e-05 1.360209937138677654e-05 1.359504584265972889e-05 1.356533729074060147e-05 1.300398377026591892e-05 1.199225470423202642e-05
1.093781897934375227e-05 1.296461494069192758e-05 1.308772834645808662e-05 1.330783350481294609e-05 1.334224953847986264e-05 1.318636591818802342e-05 1.313543348701912312e-05 1.321631119537079126e-05 1.318772781162851469e-05 1.326845133909665311e-05 1.329463936301079237e-05 1.330578389110476681e-05 1.326877334685216554e-05 1.342046378492849169e-05 1.341012743668482163e-05 1.335748280829525018e-05 1.341916477841964650e-05 1.347398130707838796e-05 1.314176301559384325e-05 1.218756663303764763e-05
1.128612040155423232e-05 1.342891664904010872e-05 1.330290262087119447e-05 1.313114949275468424e-05 1.291242738397346293e-05 1.260128425206987683e-05 1.242329243373914816e-05 1.244167854243561307e-05 1.242814431303058105e-05 1.248625512635764722e-05 1.245163083354510452e-05 1.252008172975331965e-05 1.260696741994785722e-05 1.266398024456744952e-05 1.291952613000751599e-05 1.293311566540762388e-05 1.310787157162323477e-05 1.324138158926223886e-05 1.331741242930767524e-05 1.236273094451098431e-05
1.226092428960242690e-05 1.330969967817247340e-05 1.318625630300243083e-05 1.294836138297605330e-05 1.267955008584070201e-05 1.238472894994584788e-05 1.218566296529723771e-05 1.206292528519045650e-05 1.209362068085910675e-05 1.203686443783899584e-05 1.197553279194162450e-05 1.197941896386362918e-05 1.207429276852924120e-05 1.210734891333340231e-05 1.242058669929555379e-05 1.260733357199150913e-05 1.288274680006170959e-05 1.306282973585166079e-05 1.308073597170112740e-05 1.218392279664149917e-05
1.331193297914443676e-05 1.320040235031468387e-05 1.291716459553606870e-05 1.268505561454703000e-05 1.237640613488153028e-05 1.226642882878332586e-05 1.217628452192603896e-05 1.208721610312498452e-05 1.197781524545414946e-05 1.194365729411419781e-05 1.193520476841260248e-05 1.190751601978022799e-05 1.186398077123633665e-05 1.180233172001942028e-05 1.190074997831945770e-05 1.197487135426947036e-05 1.227339503551459028e-05 1.253277529819389141e-05 1.255495091933508413e-05 1.241555832322563167e-05
1.323989848251915694e-05 1.317170299733233867e-05 1.294925660525233691e-05 1.267313580852454901e-05 1.224361014812886075e-05 1.198473997488813793e-05 1.191004561168725444e-05 1.181898704263755921e-05 1.170120248844940901e-05 1.158963080551139594e-05 1.158360995498512456e-05 1.150898266554166778e-05 1.152008015452819010e-05 1.146873090325471463e-05 1.148995244541199796e-05 1.149343584240111853e-05 1.174793284786165955e-05 1.208936561553195885e-05 1.223583413206743775e-05 1.219987729659349617e-05
1.303392702141538615e-05 1.263260195444774423e-05 1.236275811548577957e-05 1.197763125466236661e-05 1.152371042280641284e-05 1.127660485130821631e-05 1.116255507159518786e-05 1.094554427882911181e-05 1.089469271884784367e-05 1.084881530716864420e-05 1.086041401787845676e-05 1.088226018985374090e-05 1.083617163651301199e-05 1.086514161468010301e-05 1.094061435011089914e-05 1.103793766712104458e-05 1.123116686640878913e-05 1.167262125458904034e-05 1.229768311160055425e-05 1.307804024721178870e-05
1.257904804838648841e-05 1.195098706934261213e-05 1.141617572006620587e-05 1.108425006648457297e-05 1.086949615864229207e-05 1.085032160507493407e-05 1.067417464908774336e-05 1.053241916685840904e-05 1.051027769286585821e-05 1.049954098686652427e-05 1.047452372288341864e-05 1.062208051240779888e-05 1.067566410923236936e-05 1.067071552394021064e-05 1.074687261025754029e-05 1.094547046052033621e-05 1.116283614171939419e-05 1.173852433303885552e-05 1.252128196223532468e-05 1.391762312410905971e-05
1.449888999656378082e-05 1.192088304870216490e-05 1.116395641036158420e-05 1.083981352106979995e-05 1.081922196668008186e-05 1.084802076202795789e-05 1.065891176285082239e-05 1.051598635938254290e-05 1.046438158387458008e-05 1.050882016164154175e-05 1.058601411475661822e-05 1.063309536063590151e-05 1.068735932212268593e-05 1.068895236464528585e-05 1.084402276720067646e-05 1.103806922733604561e-05 1.115831540778969988e-05 1.142494225933655135e-05 1.200755753578760325e-05 1.282370655634319339e-05
1.306899904034466581e-05 1.115193527874793959e-05 1.110255525098948387e-05 1.103591351883875891e-05 1.099286597582581324e-05 1.100193347601376212e-05 1.104947307048822617e-05 1.091467714577282807e-05 1.086922919090030312e-05 1.092624475771223118e-05 1.104991964993307571e-05 1.103133133534087952e-05 1.104098666379061997e-05 1.116696625680271742e-05 1.124312985526587556e-05 1.153615231063325008e-05 1.183480134004069057e-05 1.224198745168461710e-05 1.256996664006113973e-05 1.298035278751262540e-05
1.290664274300712266e-05 1.228635843917764178e-05 1.213100405708741908e-05 1.202075587322060092e-05 1.221833452075056462e-05 1.253431698281135293e-05 1.287784294331123569e-05 1.285082734654130545e-05 1.254162455246322245e-05 1.258721448357425750e-05 1.271553425077906109e-05 1.264086251547093511e-05 1.266896146509007394e-05 1.256153843657039539e-05 1.242316129394201499e-05 1.246256202478484062e-05 1.274001670100984286e-05 1.306040461816474870e-05 1.335321863613759347e-05 1.297950885479467628e-05
1.448499552944030763e-05 1.397954230188411835e-05 1.397658190466269798e-05 1.335407520523005703e-05 1.342433251161706375e-05 1.378917874285568731e-05 1.410700833761093846e-05 1.415346477181067437e-05 1.379684711158324157e-05 1.388173317312405429e-05 1.405847266812352166e-05 1.412661361969252815e-05 1.409335447131993212e-05 1.401101709875927966e-05 1.377284341662886143e-05 1.358277400804728598e-05 1.355570286294775457e-05 1.363451956788217889e-05 1.414305373196846289e-05 1.319106479377892163e-05
1.557020916877777596e-05 1.523935308197986518e-05 1.504722501055981635e-05 1.437157661097598380e-05 1.429508579601914324e-05 1.451274096847997751e-05 1.463700937075395981e-05 1.457257667166666216e-05 1.450562085603904899e-05 1.447270389065672399e-05 1.451824282245818456e-05 1.447975415667225784e-05 1.459422510684171208e-05 1.469470116288954117e-05 1.484283251139442289e-05 1.521254903769295547e-05 1.527839953708466563e-05 1.536032011711737266e-05 1.542001663520550634e-05 1.456936940503147880e-05
1.470676867280382349e-05 1.547129710422987805e-05 1.527203758285984413e-05 1.481008765451214173e-05 1.470872551066486145e-05 1.485899970845910261e-05 1.486797174878272218e-05 1.492452274256665881e-05 1.477163091084551237e-05 1.476847511241594195e-05 1.485490936641122026e-05 1.490255155813758111e-05 1.494979913367203734e-05 1.479752467923554170e-05 1.472052032628960413e-05 1.484119796578309341e-05 1.483049871593685087e-05 1.481225451552771074e-05 1.503753594180623926e-05 1.487727239253750304e-05
1.298529357769710208e-05 1.497117651335561804e-05 1.492718095607654716e-05 1.458006122883985003e-05 1.451388157193595301e-05 1.455579959620135440e-05 1.457642002231146577e-05 1.468106029419476601e-05 1.456743711965159294e-05 1.451488567496986549e-05 1.455209819318675688e-05 1.448457490946157168e-05 1.444143354336052151e-05 1.425443006238640483e-05 1.414749000314312815e-05 1.398040695347373042e-05 1.390613364957989159e-05 1.374882534585885786e-05 1.367249024768437451e-05 1.270825049771317828e-05
1.335908928161963097e-05 1.460675919722057475e-05 1.414367824042538889e-05 1.396351730730683557e-05 1.397055600157154022e-05 1.395438338601534003e-05 1.397040354706654667e-05 1.394946682672926716e-05 1.401383939224389482e-05 1.397025177771605516e-05 1.386957116360622895e-05 1.381177683135730303e-05 1.369625141024381693e-05 1.355869420754042750e-05 1.350326859977877064e-05 1.338192795878778271e-05 1.320830726605071029e-05 1.302791890560889270e-05 1.273575179364783540e-05 1.099000984972110060e-05
1.184102020940968076e-05 1.366228765085181141e-05 1.333264278977019959e-05 1.293604244376307781e-05 1.280474472893700820e-05 1.279876934959831258e-05 1.278673442564481204e-05 1.279287114183869240e-05 1.286004254762130203e-05 1.282000229135388192e-05 1.271955669964919305e-05 1.269148750432325228e-05 1.264618199967472248e-05 1.251896248112638374e-05 1.251994169843423953e-05 1.235594430284368772e-05 1.208763638603430967e-05 1.189462391666517026e-05 1.145447256640828257e-05 9.645634232998070046e-06
9.696363564461718928e-06 1.223282844381881569e-05 1.266499613163123131e-05 1.243750015657612139e-05 1.235278909857736198e-05 1.235756011048041718e-05 1.222924123610116943e-05 1.202995298949966606e-05 1.188852440161650835e-05 1.175256004464177764e-05 1.166491445460333228e-05 1.155687498221000523e-05 1.142090520419516065e-05 1.124689680553859183e-05 1.120842941843338346e-05 1.105322441190017414e-05 1.089231178996038986e-05 1.072783841677416231e-05 1.021097515283328625e-05 8.639195510787782390e-06
9.277057452660421324e-06 1.178458155619910294e-05 1.170725757883141427e-05 1.140601288159815621e-05 1.120175313168055664e-05 1.114103965946245681e-05 1.099103279560439946e-05 1.074480095538948544e-05 1.061762396642051766e-05 1.049578512085660333e-05 1.033623071671661810e-05 1.021176749958006357e-05 9.950293870520541815e-06 9.753521767462734689e-06 9.569978423952276830e-06 9.376298008675448522e-06 9.257038905490734936e-06 8.930824797062235070e-06 8.360430123768739717e-06 7.317460934874525717e-06
8.756559289139976605e-06 1.076008267481501102e-05 1.054374163522037245e-05 1.029497660968523511e-05 9.995222391643337665e-06 9.869998991991590757e-06 9.736551588809493526e-06 9.579003647773090671e-06 9.512916560710061732e-06 9.409251064460724302e-06 9.244536275194719052e-06 9.107906705864934717e-06 8.909727210807578821e-06 8.779786639849943898e-06 8.716642515281128399e-06 8.496157586845241635e-06 8.314629220254854099e-06 7.940898398707220816e-06 7.349288634538682615e-06 6.591950824002988406e-06
8.731529468150832769e-06 1.024448495147919710e-05 1.019054490701436784e-05 1.001802733830628406e-05 9.744817745780834527e-06 9.575141350708233354e-06 9.371816501250943072e-06 9.191705296171677657e-06 9.134698061132919407e-06 9.025385149380359549e-06 8.852921789598801184e-06 8.672711769450981318e-06 8.547708276387900724e-06 8.500616608637499527e-06 8.436370874292888997e-06 8.298407060986988010e-06 8.119284413154612758e-06 7.880440301133337751e-06 7.427483316127985487e-06 6.938774461706937043e-06
8.256234532706179993e-06 9.412423577197480813e-06 9.290753912601827655e-06 9.069923208034390901e-06 8.866774332056126122e-06 8.719442903785082856e-06 8.576562633170548019e-06 8.459183068284320406e-06 8.412370060010167301e-06 8.336896137157804386e-06 8.216105869736307953e-06 8.072894119498390567e-06 8.009742794916531748e-06 7.975290054330404926e-06 7.901366138471034226e-06 7.762532486817073503e-06 7.692627255901631975e-06 7.497265527480597368e-06 7.129678032609521987e-06 6.617563878789791742e-06
7.546340287680695360e-06 8.410264110120477954e-06 8.358617787329470557e-06 8.167570663556592486e-06 8.035283363638853280e-06 7.956377142019826554e-06 7.870474497884999922e-06 7.779628150370210851e-06 7.762591209711222008e-06 7.713499110406691307e-06 7.669131153724820292e-06 7.610996631740688610e-06 7.582098118418021726e-06 7.559023030853578678e-06 7.512786469055490218e-06 7.409140681467643931e-06 7.376292678496767794e-06 7.209398433250461386e-06 6.749795033371713876e-06 6.103206221287496408e-06
7.455105210770054639e-06 8.066540046282219919e-06 7.996236118989677246e-06 7.908978653085211054e-06 7.905935062931807717e-06 7.847565577672345116e-06 7.763586209953217776e-06 7.727806800640326458e-06 7.740471748164079018e-06 7.721248898292660051e-06 7.666778510172613656e-06 7.572219331998019992e-06 7.475851922540550752e-06 7.423924898248606374e-06 7.423058276596256110e-06 7.349489964764826829e-06 7.373530483815257714e-06 7.209374033392016265e-06 7.073357628280239093e-06 6.566846413633649335e-06
7.632187896226458166e-06 7.561079555257769034e-06 7.533150129294023743e-06 7.502284547152344910e-06 7.494337199465810016e-06 7.535837597620276965e-06 7.468291032460498573e-06 7.452580476595572927e-06 7.493341626426914683e-06 7.444180507639810927e-06 7.449258904810132787e-06 7.357506050102625660e-06 7.331008861536725440e-06 7.350630830615220151e-06 7.409952074679513331e-06 7.397796377422605506e-06 7.399808473217343994e-06 7.378835360616661929e-06 7.394338853199065334e-06 7.034528647527070905e-06
8.318943048849660837e-06 8.169486772160075002e-06 8.087732086153670634e-06 7.958167159583989699e-06 8.048460536024148161e-06 8.162129491682715860e-06 8.085884690409058574e-06 8.064992358910634415e-06 8.140731990141509604e-06 8.205364487013223733e-06 8.274346464153123769e-06 8.193675495537288824e-06 8.169614767527247077e-06 8.236615334156123400e-06 8.267678901789085800e-06 8.140960316275364591e-06 8.060945910292470387e-06 7.926020439674397609e-06 7.832870277923687383e-06 6.831606282191738268e-06
8.173549718659037274e-06 8.027495355726091037e-06 7.950168026609092477e-06 7.864330126862612046e-06 7.723328194579086588e-06 7.669575548205447883e-06 7.628094261822008319e-06 7.582435240552245535e-06 7.639736373131156708e-06 7.632693693087615910e-06 7.682245956726845067e-06 7.633644679423840922e-06 7.573083975620958545e-06 7.514851920582481594e-06 7.567198190694970783e-06 7.522717478993645955e-06 7.486797545984522416e-06 7.468987581474459292e-06 7.375341041293190757e-06 6.752060949993267065e-06
7.049131169434255869e-06 6.869465546320458186e-06 6.840762221589898172e-06 6.811592377640553330e-06 6.830124310043284583e-06 6.821864002052583309e-06 6.728873028750309468e-06 6.681943207557296920e-06 6.796666536816554399e-06 6.886593168254431807e-06 6.967640093738389604e-06 6.886974105337380703e-06 6.820749832274000024e-06 6.868259122474136544e-06 6.822616137987102656e-06 6.649626522788157491e-06 6.520881886777908542e-06 6.443650860688529228e-06 6.428144716653194032e-06 5.608708687500583809e-06
2.545035704531098923e-05 2.217163435310890221e-05 2.190332652226390525e-05 2.201407458728289301e-05 2.184095723547655742e-05 2.196189306592471126e-05 2.199203910067472998e-05 2.211629514778924474e-05 2.264348564796464627e-05 2.285888462539120326e-05 2.320169096737996890e-05 2.327416357013447205e-05 2.325548290038086642e-05 2.327925058494255829e-05 2.347170129519940535e-05 2.326170675792370662e-05 2.321535672133410254e-05 2.338851168667077050e-05 2.331159343452259247e-05 2.200728851837201967e-05
