1.186802416152811368e+01
7.336031963703303127e+00
7.190369692984431182e+00
7.069177738752643769e+00
7.090881277574553110e+00
7.181439361588986436e+00
7.220568396391334964e+00
7.250030247140125894e+00
7.214146892690693313e+00
7.188468781709875799e+00
7.194680056177204186e+00
7.176204205711417927e+00
7.212995984610203415e+00
7.242165535568519275e+00
7.265889057934706408e+00
7.312817927102644333e+00
7.314773261774592861e+00
7.444671055843754104e+00
7.771602968154743607e+00
9.872979931037990653e+00
