1.673302409712050520e-01
1.639859224372790802e-01
1.619264005315009247e-01
1.599135747563102672e-01
1.604341825393096332e-01
1.624284735332339746e-01
1.634188314251677487e-01
1.630337298772854548e-01
1.606730415377021770e-01
1.602924267759007759e-01
1.597391570117073500e-01
1.592554621779530277e-01
1.587021635529337060e-01
1.597256903866316469e-01
1.598720771718043498e-01
1.607793500426692446e-01
1.614327459625102268e-01
1.642565418803553778e-01
1.722009309918819675e-01
1.852268185742133033e-01
