6.138810683933569601e-02
5.380462909513216568e-02
5.141859996422885881e-02
5.017458627909751612e-02
4.986200461855407051e-02
5.012544360434260243e-02
5.041294866080505560e-02
5.023706805531532454e-02
4.981844096383900716e-02
4.980597433156620096e-02
4.950125487604979668e-02
4.904635466296070057e-02
4.872966501150574614e-02
4.905503115352898708e-02
4.921483888097890474e-02
4.906924335727534670e-02
4.884334419163112451e-02
4.939678942821598695e-02
5.089501103289768846e-02
5.339152846429152249e-02
