1.179688982694308413e-01
7.539512749329242702e-02
7.191377139644372640e-02
6.964613015359384651e-02
6.875905712504902512e-02
6.790345031820234356e-02
6.728006266604889818e-02
6.696457436192920776e-02
6.644154963014761717e-02
6.600419577656389813e-02
6.554477490202564871e-02
6.508005006054248809e-02
6.499739614487079487e-02
6.530929572514940218e-02
6.524954642160099572e-02
6.575612679228128032e-02
6.586005951643413014e-02
6.673244812135453730e-02
6.739054236070812776e-02
6.937621009530538230e-02
