2.634683160347129315e-03 2.299109683004582280e-03 2.180106314004389562e-03 2.120276175739235595e-03 2.104207261894365001e-03 2.113634727687877923e-03 2.123316230251012359e-03 2.112969301775469762e-03 2.091184508189407494e-03 2.088085327190064913e-03 2.071507188118388264e-03 2.049890007022130665e-03 2.034339685805569044e-03 2.045116657318933259e-03 2.050208588720319434e-03 2.042297051036629559e-03 2.033346581886198625e-03 2.059724333323775022e-03 2.128112950104018176e-03 2.243801349747261663e-03
2.765395517004925769e-03 2.440693900064021867e-03 2.313206345327106696e-03 2.249320605658569703e-03 2.232572497203882608e-03 2.241988198158519421e-03 2.252500419758326784e-03 2.241948131753797660e-03 2.218961296766739852e-03 2.215346071479099531e-03 2.197549636991272259e-03 2.174111708567964991e-03 2.157411285323230024e-03 2.168377129280520295e-03 2.173172572394312194e-03 2.164409480599979903e-03 2.153269440980147120e-03 2.180393053815802163e-03 2.251332771487893954e-03 2.371862081374632916e-03
2.837311223892438356e-03 2.520778777399492430e-03 2.388895130685435818e-03 2.322792243136259129e-03 2.305754269601900837e-03 2.314925473363649289e-03 2.325842917073189364e-03 2.315178818104443332e-03 2.291630210103389777e-03 2.287745918793945756e-03 2.269351642231756672e-03 2.244969042813908106e-03 2.227554228795236308e-03 2.238571418333135891e-03 2.243204278947198184e-03 2.233936959825889509e-03 2.221390437663561812e-03 2.248959022969617121e-03 2.321131207127622061e-03 2.444109845108836943e-03
2.892413130440134317e-03 2.583835833871549106e-03 2.448945464093537153e-03 2.381305165449596958e-03 2.364135729574764599e-03 2.373078991021058872e-03 2.384351134016648305e-03 2.373573615783314879e-03 2.349644830524388970e-03 2.345597793646057340e-03 2.326820553667303688e-03 2.301703259900369884e-03 2.283680527988992109e-03 2.294802253630343156e-03 2.299280860960946533e-03 2.289641282815805309e-03 2.276002217187388793e-03 2.303966461805960399e-03 2.377171333531142780e-03 2.502268483486562185e-03
2.940074391968067798e-03 2.639230242551564125e-03 2.502154412847302709e-03 2.433280891771096108e-03 2.416092980940237351e-03 2.424828003304964341e-03 2.436471893576526958e-03 2.425559844725211096e-03 2.401313425555974979e-03 2.397125402656251607e-03 2.378080333679037390e-03 2.352403134324085147e-03 2.333826991637477644e-03 2.345026850323944558e-03 2.349333654111687448e-03 2.339426030575149102e-03 2.324792078774256220e-03 2.353181130662772031e-03 2.427352979367245096e-03 2.554615870831952653e-03
2.983259350333027169e-03 2.690243070490910566e-03 2.551561335436288054e-03 2.481778798808068759e-03 2.464662243534653224e-03 2.473214712030245583e-03 2.485229343573243030e-03 2.474203379827311002e-03 2.449683760945369458e-03 2.445412813596273792e-03 2.426159760437461912e-03 2.399940976266059893e-03 2.380887607439539574e-03 2.392181045485067270e-03 2.396293524837861833e-03 2.386136722302617530e-03 2.370705068491879130e-03 2.399334951849366182e-03 2.474552397188254163e-03 2.604022061481490145e-03
3.022913738380185022e-03 2.738165867306601407e-03 2.598572953162502867e-03 2.528126547777640419e-03 2.511210880693160591e-03 2.519609564389234477e-03 2.532048975342800733e-03 2.520910322045019029e-03 2.496177060445243460e-03 2.491877420068991725e-03 2.472444093146033712e-03 2.445748246595578785e-03 2.426229795624726925e-03 2.437580794641863117e-03 2.441542378233597758e-03 2.431170154876418407e-03 2.414985677083177854e-03 2.443837092518484112e-03 2.520070741875928867e-03 2.651881711326211505e-03
3.060048371988692562e-03 2.783209453680191101e-03 2.643702539482122981e-03 2.572977601990504484e-03 2.556387691784314971e-03 2.564644288413752554e-03 2.577559471079627230e-03 2.566386745575262480e-03 2.541508394562443530e-03 2.537193719959545627e-03 2.517617196508133755e-03 2.490521790372000367e-03 2.470535416748654949e-03 2.481938633653445626e-03 2.485749188773632348e-03 2.475221827280201046e-03 2.458314217422626850e-03 2.487270816924553804e-03 2.564582546585402953e-03 2.698828539734817074e-03
3.095552599917781363e-03 2.825795556330793802e-03 2.687081494918281289e-03 2.616515047568995431e-03 2.600485663745727254e-03 2.608744895800522816e-03 2.622083020267907891e-03 2.611001258478990329e-03 2.586054968225170135e-03 2.581775962262099992e-03 2.562085425237151017e-03 2.534685257552270372e-03 2.514248505383693405e-03 2.525654636368265381e-03 2.529329623898766283e-03 2.518721461082365672e-03 2.501055368175512505e-03 2.530025341755819373e-03 2.608425904857796483e-03 2.745299814604991624e-03
3.130089141649652473e-03 2.866528348160801102e-03 2.728860605039253560e-03 2.658833454372639977e-03 2.643595668889867425e-03 2.651967703952318612e-03 2.665783337464088052e-03 2.654879878732193527e-03 2.629943687883399585e-03 2.625682136322585007e-03 2.605842687446204703e-03 2.578397235663078095e-03 2.557482477933590518e-03 2.568844100902691833e-03 2.572412450158487358e-03 2.561889019565830646e-03 2.543418644629890681e-03 2.572311815140907332e-03 2.651907024477178319e-03 2.791439486726449669e-03
3.167020954178002227e-03 2.905940791443196222e-03 2.769307967026839179e-03 2.700082684733826413e-03 2.685867416354461093e-03 2.694523443059152184e-03 2.708791472246777597e-03 2.698260980528893824e-03 2.673366634839087052e-03 2.669007447780450022e-03 2.649156844326662572e-03 2.621636377411041760e-03 2.600314688675675352e-03 2.611638213827851152e-03 2.615198963832691612e-03 2.604936148009383366e-03 2.585663166709144950e-03 2.614331447905723482e-03 2.695185942207533464e-03 2.837333384680566957e-03
3.210129600038022241e-03 2.944714870995301676e-03 2.808854029836738500e-03 2.740944445292377990e-03 2.727760947667619371e-03 2.736782434979952768e-03 2.751583326693660993e-03 2.741319251944005896e-03 2.716723015456116302e-03 2.712168972467749600e-03 2.692480062526943392e-03 2.664605555280762789e-03 2.642942603072620175e-03 2.654259928544075789e-03 2.657913136645095008e-03 2.648141555028802122e-03 2.628115239802400471e-03 2.656122223443630262e-03 2.738279510903311557e-03 2.882809901827155120e-03
3.261753593417857870e-03 2.983958192600336817e-03 2.848149181462201942e-03 2.781807196019974414e-03 2.769604050643042440e-03 2.779017157333086609e-03 2.794455338219866986e-03 2.784446243203364015e-03 2.760342216159292553e-03 2.755795998595899233e-03 2.736496357756460027e-03 2.708116526428509287e-03 2.686273460930757410e-03 2.697671029680033181e-03 2.701115598693320206e-03 2.691986713680243753e-03 2.670955366689109663e-03 2.698168483873309396e-03 2.781872055183385543e-03 2.928307975772174651e-03
3.322491256950043173e-03 3.023940520972739909e-03 2.886801939821860563e-03 2.821879132856846412e-03 2.810369022049465180e-03 2.820067547230607069e-03 2.836562327496072299e-03 2.826981210027905769e-03 2.803707127103375902e-03 2.799602568636147711e-03 2.781167351720238625e-03 2.752302194316663762e-03 2.730547291939684935e-03 2.742604399037834075e-03 2.745386552575229764e-03 2.736534344417466437e-03 2.714192116365625289e-03 2.740467183169776125e-03 2.825478921392573541e-03 2.974312630056473797e-03
3.381767476525515161e-03 3.060332026378837725e-03 2.921808705952080344e-03 2.858727237784415998e-03 2.847841217363835959e-03 2.857469583678538729e-03 2.874855788481065540e-03 2.866101993068840507e-03 2.844129371724409862e-03 2.841001482673420012e-03 2.824220207734979508e-03 2.795036060787265287e-03 2.773506759545124080e-03 2.787226831627168892e-03 2.788408659894497151e-03 2.780571875378451494e-03 2.757421234281518582e-03 2.781785605286798708e-03 2.865980645597409910e-03 3.014997679477582435e-03
3.418694695161313395e-03 3.087660113699449912e-03 2.952444668167076604e-03 2.892592829022295076e-03 2.881770821304359236e-03 2.890476439842893340e-03 2.907786777297517462e-03 2.900406947593936816e-03 2.880181789415209304e-03 2.877360520043847208e-03 2.863231612483899038e-03 2.834463704982673974e-03 2.814028275508600411e-03 2.830070023246090451e-03 2.828249358952101677e-03 2.823158915964169621e-03 2.799972564652448027e-03 2.821076492392598969e-03 2.900345080398540609e-03 3.047199692977173909e-03
3.447527158562520462e-03 3.121408406556739658e-03 3.000682608316357532e-03 2.943583822184029242e-03 2.928631815660323687e-03 2.933502066141925862e-03 2.945328618931144279e-03 2.938121279260776531e-03 2.919616372479453843e-03 2.913948344905718541e-03 2.902597206942000244e-03 2.872697629209106270e-03 2.855128546717572435e-03 2.873760425050555893e-03 2.867387939159285384e-03 2.866135582206164045e-03 2.842014087234447442e-03 2.858116542397694422e-03 2.929274804117045893e-03 3.068447576445013873e-03
3.496509729914866037e-03 3.196488610645966452e-03 3.105094376126114279e-03 3.045984498498026556e-03 3.015746642390533701e-03 3.010902059377199534e-03 3.009691654776601964e-03 2.998245893319656172e-03 2.981565080983455875e-03 2.968476123158115924e-03 2.957899970492577739e-03 2.922488860149382705e-03 2.907016561449623452e-03 2.925838793343816472e-03 2.914344257219722220e-03 2.916785817692974393e-03 2.889604265417058167e-03 2.897771919638999442e-03 2.958722629579779804e-03 3.087714026297064002e-03
3.601479446197947826e-03 3.342060996797705137e-03 3.271945744792167671e-03 3.211512270222778749e-03 3.167930485717760508e-03 3.152776780303241221e-03 3.129998083782105107e-03 3.107374897635687989e-03 3.089766628044418855e-03 3.062456096517225928e-03 3.046608633567832007e-03 3.000160842559405471e-03 2.982925100382121438e-03 2.997051311393728219e-03 2.981205653710702549e-03 2.986453790004686693e-03 2.954311360337471930e-03 2.951676464681588646e-03 2.999454414755188449e-03 3.120902408857468766e-03
3.785813934241418020e-03 3.624642650603835965e-03 3.566257793083955040e-03 3.525776859530403446e-03 3.474731911731801168e-03 3.442029251012465683e-03 3.375965638254875036e-03 3.340614521443157747e-03 3.309171732464598597e-03 3.248364213884092841e-03 3.213221643054584020e-03 3.143110916078354841e-03 3.119142575591564090e-03 3.122607562101268209e-03 3.104797055619887454e-03 3.106087911352116166e-03 3.059317090310828026e-03 3.043434393530317084e-03 3.071977302000195292e-03 3.183475801737321777e-03
4.048990210538187286e-03 4.062797518416962073e-03 4.013872034052129965e-03 3.993811748035014896e-03 3.933822729830661197e-03 3.882369403791332933e-03 3.776834178847865084e-03 3.725519888619462355e-03 3.665772652356814269e-03 3.557748692838854764e-03 3.499916398812638347e-03 3.405357887697716031e-03 3.377238790690967416e-03 3.366828406276423623e-03 3.351405381190564366e-03 3.335017096304349494e-03 3.254087849963249648e-03 3.213769553105376171e-03 3.206447309817520887e-03 3.296046573395870673e-03
4.386168994115982427e-03 4.589802771714191279e-03 4.525563149778984162e-03 4.494024715523704631e-03 4.435868035035074597e-03 4.373791470333416448e-03 4.266540362766125388e-03 4.194163138992030443e-03 4.115297422132219336e-03 3.974714482056674811e-03 3.918577636135947215e-03 3.810198837042270883e-03 3.782341441716175617e-03 3.767951300336436996e-03 3.759647833609167013e-03 3.717170466006950152e-03 3.595780074976394260e-03 3.514048378907601994e-03 3.451709417920202638e-03 3.493094314103056906e-03
4.860586837077991197e-03 5.164202627549594436e-03 5.070213949024940728e-03 5.008695348809290987e-03 4.965751784855997053e-03 4.893442620902747203e-03 4.821451364269219858e-03 4.735164388857144441e-03 4.645291646898599969e-03 4.507507985157210156e-03 4.462857317583833125e-03 4.355423421811112708e-03 4.333732788466469928e-03 4.327979190636166602e-03 4.329651056365367567e-03 4.274464903061219942e-03 4.136397753822127106e-03 4.020287572671297528e-03 3.885838378773100090e-03 3.840459655189203299e-03
5.673031005631083527e-03 5.899772664587256930e-03 5.761195659817345063e-03 5.646031362790842646e-03 5.610199074984375221e-03 5.548519344564932163e-03 5.523401514324918424e-03 5.424248070500905031e-03 5.320279151241267580e-03 5.196976447508334929e-03 5.151175581784246671e-03 5.059339792434834268e-03 5.055489092571753898e-03 5.060207463612615905e-03 5.074894700140146313e-03 5.022862455559409973e-03 4.892640731941250848e-03 4.771927020181481946e-03 4.578554601204829280e-03 4.420692167612959474e-03
6.926064394482514368e-03 6.956286755515239673e-03 6.708733789888423477e-03 6.499690717483516851e-03 6.474286445072788623e-03 6.415721753912922640e-03 6.420608303386864633e-03 6.290815020447673885e-03 6.177154701821428034e-03 6.071102791618256285e-03 6.023168321994058771e-03 5.944656077670715764e-03 5.949068561564819883e-03 5.978788966864390271e-03 5.997470186204244269e-03 5.945502049120082212e-03 5.833241486436570138e-03 5.745787291589117898e-03 5.548422445251883009e-03 5.379914113858561865e-03
9.875622491961059263e-03 9.325082292539654122e-03 8.731713807082902568e-03 8.365186107267857940e-03 8.248746732478294541e-03 8.173435592659476778e-03 8.153586600967835385e-03 7.996309317358349725e-03 7.871873790412899780e-03 7.785551239584178815e-03 7.711228056661976853e-03 7.640837239954107948e-03 7.615328433478591764e-03 7.651851312138318109e-03 7.698816628109928471e-03 7.666731446629654681e-03 7.659861247587132667e-03 7.711332775825112049e-03 7.711243284585893483e-03 7.952347501385395243e-03
1.378866147607924267e-02 1.248536333742684447e-02 1.185175056087524846e-02 1.153201599833284137e-02 1.142865590049563229e-02 1.134757297226643077e-02 1.127716720103172539e-02 1.114763823639223529e-02 1.098788586036276299e-02 1.087270436604625447e-02 1.074360069417980637e-02 1.062149244188389900e-02 1.052125298416737784e-02 1.049140393730236230e-02 1.053011296681649438e-02 1.055031770693094784e-02 1.057138558074762098e-02 1.078521641093904866e-02 1.087759896813383052e-02 1.154474189940023557e-02
1.528466872452869697e-02 1.386347348573419361e-02 1.352049694203242940e-02 1.322775645824968670e-02 1.316700814765854599e-02 1.318653727044010252e-02 1.311865371298435654e-02 1.304492139243456673e-02 1.285176324015572039e-02 1.272563277359845500e-02 1.262949609046811784e-02 1.252119178015995149e-02 1.247091091698709908e-02 1.250317732665703722e-02 1.252490198760458640e-02 1.257251346319285777e-02 1.256825865525458379e-02 1.262086990355893064e-02 1.255986920710296280e-02 1.342332888579606844e-02
1.476005290024957721e-02 1.464820703057241602e-02 1.460525945567379448e-02 1.432793526881078611e-02 1.426929891858349890e-02 1.433323533121459194e-02 1.426908212483534930e-02 1.424625360168394091e-02 1.405768005762905552e-02 1.397355016276631903e-02 1.396221343522701004e-02 1.389004023871727271e-02 1.392375434893491741e-02 1.391806175766578321e-02 1.393640475170079829e-02 1.388873997451243146e-02 1.381555926399216996e-02 1.366843087752088980e-02 1.362760418028691710e-02 1.455744686756350187e-02
1.412241556330793429e-02 1.507046427565216298e-02 1.520010382893331215e-02 1.498381254815053798e-02 1.499031198813331918e-02 1.510638905436050006e-02 1.504523373292286463e-02 1.499958327323265214e-02 1.483242953678140345e-02 1.473013539193657705e-02 1.480076307826666548e-02 1.472956425922186847e-02 1.479937722182106570e-02 1.469926644651402443e-02 1.466610579883723814e-02 1.454435544784615959e-02 1.444344434998609539e-02 1.423798014673229376e-02 1.424362944440979960e-02 1.507262953426194083e-02
1.362366472000598253e-02 1.494692727558026742e-02 1.495825870677182888e-02 1.475888901839641533e-02 1.482377429710421239e-02 1.490639554829770001e-02 1.480570204928695517e-02 1.469555535283317838e-02 1.451394194510243624e-02 1.441087415786510006e-02 1.445284304006721511e-02 1.434092352571789998e-02 1.439548403971798417e-02 1.430831543994557503e-02 1.422873181506669783e-02 1.411517714059409324e-02 1.402798429829892404e-02 1.384829008831776204e-02 1.398752756385227870e-02 1.499353300700661737e-02
1.244814047920731089e-02 1.398293521903517557e-02 1.380189083733376378e-02 1.359171119023932714e-02 1.353037257229245185e-02 1.350698160939483791e-02 1.332116485764868290e-02 1.314861146410633251e-02 1.297342519101880344e-02 1.286494672514337627e-02 1.283888308202743578e-02 1.273010816508816229e-02 1.270283083199644919e-02 1.269266359865586953e-02 1.259642325097620925e-02 1.256801286203623053e-02 1.257158473665657104e-02 1.255543293732667987e-02 1.283765640077634898e-02 1.388197680090629341e-02
1.117184845461853537e-02 1.247121624032709701e-02 1.224378297279416633e-02 1.196191032791766098e-02 1.171889122262274353e-02 1.165453041979314618e-02 1.142580100400098116e-02 1.131677411868132685e-02 1.121042921020060090e-02 1.106754408773158796e-02 1.102769754484927978e-02 1.098198223779718249e-02 1.094401203970256364e-02 1.097610459730152983e-02 1.088980663353833651e-02 1.096903546522061748e-02 1.105864164035494542e-02 1.123885638012881577e-02 1.165943669662744021e-02 1.275871869364550437e-02
1.070336343590280737e-02 1.082108532685431557e-02 1.059817529819061417e-02 1.035662970962110234e-02 1.015319082249357789e-02 1.017145044706159289e-02 1.004048266837199825e-02 9.936404648684456220e-03 9.903524947022545807e-03 9.739555936914058923e-03 9.712829502747486951e-03 9.668149467931536414e-03 9.637705893636180562e-03 9.692375039295507422e-03 9.648331247175933809e-03 9.726087823847977265e-03 9.826562412114450695e-03 1.018189871751724006e-02 1.068959416451963421e-02 1.163892921075055514e-02
1.125988700487024971e-02 1.050385448686160135e-02 1.015298948325413751e-02 9.877942807959632157e-03 9.779779155305550267e-03 9.815850872993735557e-03 9.746756765118097868e-03 9.571625615817485819e-03 9.558182087550447931e-03 9.444331512483418803e-03 9.409824970467777980e-03 9.383461842496184854e-03 9.383369681816364563e-03 9.449432097939936340e-03 9.409025912122642721e-03 9.497664928575653281e-03 9.562402047336233252e-03 9.889529259533810443e-03 1.037805132409918077e-02 1.126918636150322367e-02
1.182253159101512123e-02 1.051260371259412491e-02 9.914839141759118277e-03 9.504333193622385711e-03 9.399716707312833971e-03 9.442254703566565002e-03 9.452853922820424887e-03 9.302792317709807079e-03 9.291389870040677249e-03 9.270971484994372167e-03 9.292676493841788357e-03 9.338515106055348888e-03 9.372905332171287823e-03 9.454375723215143260e-03 9.444105841761982548e-03 9.538941019129295804e-03 9.664317660530748547e-03 1.002634705554708572e-02 1.055789533547714897e-02 1.151857043047669997e-02
1.210041994180286601e-02 1.017934746652138060e-02 9.330800675734879715e-03 8.836046093036207388e-03 8.753684438552018776e-03 8.859640574099891114e-03 8.907115654703172056e-03 8.861324709634440036e-03 8.884156288761137221e-03 8.924382557662854931e-03 9.001411519368706857e-03 9.086128056600950229e-03 9.129626824534919569e-03 9.243021975500562842e-03 9.331392120114748862e-03 9.458108121184085129e-03 9.698942813896981388e-03 1.020340340660968320e-02 1.093037416598548542e-02 1.202947039090206290e-02
1.221252311130312414e-02 9.663940820076374200e-03 8.682979317027767277e-03 8.248739382943326079e-03 8.227255468693087104e-03 8.383344982360551451e-03 8.404619721555060818e-03 8.399401185131610478e-03 8.468143146930688994e-03 8.535825757713517287e-03 8.613457642923162336e-03 8.651815643058410540e-03 8.697020201521485014e-03 8.804193820741346502e-03 8.907915896435789072e-03 9.084764254698805830e-03 9.358731573629456776e-03 9.920891557128917043e-03 1.085829492337560959e-02 1.248851469599173043e-02
1.223037760912003107e-02 9.326665494668560930e-03 8.389941079559188816e-03 8.051650723969834209e-03 8.084249717730558962e-03 8.143060012664099512e-03 8.113912372035413795e-03 8.113470925663331806e-03 8.201007178092542191e-03 8.249928381333603705e-03 8.301929682614631045e-03 8.288449067263342282e-03 8.353022541395933170e-03 8.411309821700784298e-03 8.408630207128078848e-03 8.556372208348683381e-03 8.728456558536518139e-03 9.272133369541272693e-03 1.036934167876064385e-02 1.235842355078387543e-02
1.231226493423957270e-02 9.437879089743939423e-03 8.535290259592563655e-03 8.214708917288664550e-03 8.273218872318381309e-03 8.251115407623799136e-03 8.170305920674972994e-03 8.196017919298964963e-03 8.244233806599065434e-03 8.243360859503116173e-03 8.246388490012900377e-03 8.200664713713888207e-03 8.275670883451680462e-03 8.303627653861783350e-03 8.225770001074125468e-03 8.279439075124593594e-03 8.354547953225321955e-03 8.825287106723533892e-03 9.914880790331058458e-03 1.206801871092184897e-02
1.223459356016764685e-02 9.682354977029836163e-03 8.905571194116437481e-03 8.577498394016488947e-03 8.650325874956940608e-03 8.666820519473830697e-03 8.572138561336404422e-03 8.577364913668559729e-03 8.520779636053861517e-03 8.436180215267999327e-03 8.422767854797279241e-03 8.345123691059568374e-03 8.397836688628871477e-03 8.430032681077746781e-03 8.386391076376323653e-03 8.428119334611560223e-03 8.510688651305815464e-03 8.937297097963009529e-03 1.006783425460300654e-02 1.238750125753840421e-02
1.209336186535943727e-02 1.001347939681487310e-02 9.320508606068656984e-03 8.944475805990793546e-03 9.011546453900919074e-03 9.081720544933865116e-03 8.996559871329254734e-03 9.022246053515002584e-03 8.908450595615541312e-03 8.807284764012575720e-03 8.808023070890524248e-03 8.732881203974786344e-03 8.758380482621156218e-03 8.800124337877478914e-03 8.826762027683579537e-03 8.965189452883768825e-03 9.101228200736199633e-03 9.624771784411742873e-03 1.073706974579011555e-02 1.294283612150964879e-02
1.236671939612252191e-02 1.046460016059276230e-02 9.835672899542558661e-03 9.390985931343185864e-03 9.434634440380264275e-03 9.507562347411017273e-03 9.412340900211573630e-03 9.464389764607556224e-03 9.343678336883690441e-03 9.315023079183011243e-03 9.309817116409078303e-03 9.268842589387569358e-03 9.290845598432814420e-03 9.365722641298838622e-03 9.478076994397259189e-03 9.732112651241372689e-03 9.970171801383639898e-03 1.064185881076933418e-02 1.174294455565661616e-02 1.395575297370917935e-02
1.287933460405696860e-02 1.082277538045854463e-02 1.029847191493331489e-02 9.875936837385173445e-03 9.903844724305110869e-03 9.948737833808457207e-03 9.864294576885477769e-03 9.891777364810745016e-03 9.782700789701144831e-03 9.814590835593051121e-03 9.805728827944526840e-03 9.778062993303244035e-03 9.790654254061904524e-03 9.872176013325998159e-03 1.006519522544708188e-02 1.037942498084741365e-02 1.073167520746999386e-02 1.144921757044079814e-02 1.250858575784415117e-02 1.459667424809087469e-02
1.334006743500205060e-02 1.133864112186032565e-02 1.086039027546578661e-02 1.042856256498793377e-02 1.040523239457363629e-02 1.042329697260231322e-02 1.041757566386336369e-02 1.043529586512887547e-02 1.035856199942022417e-02 1.040702284588246491e-02 1.039203709498598763e-02 1.034015830492801373e-02 1.034690081201114498e-02 1.043226778860949222e-02 1.061346097168549413e-02 1.087326910101263713e-02 1.119247734284798020e-02 1.190174200851128357e-02 1.285350378521060016e-02 1.448926107313150934e-02
1.432568911349514119e-02 1.223672163971415740e-02 1.162283119984508332e-02 1.112828729745995136e-02 1.105393362655486024e-02 1.105522754189701418e-02 1.105819351710927989e-02 1.109029533214371185e-02 1.105312732976712793e-02 1.114863139336911765e-02 1.115490510964221860e-02 1.110502636530425261e-02 1.107947195416145517e-02 1.116498985701440405e-02 1.126637613368555203e-02 1.142483677659004646e-02 1.171404581790493234e-02 1.238955127327025403e-02 1.333590727138856714e-02 1.450000356760170958e-02
1.498954610342508043e-02 1.311632539970352708e-02 1.236852533421072854e-02 1.182281227804870063e-02 1.172103373936051081e-02 1.171105474616687681e-02 1.164302156826348134e-02 1.168564857882526536e-02 1.169619802086230113e-02 1.184074381347709030e-02 1.189201794637584179e-02 1.180399111100573044e-02 1.174362551804642406e-02 1.176125948095659707e-02 1.179531407698509483e-02 1.192166566624260245e-02 1.218537907113972571e-02 1.282183238275389631e-02 1.376208724122819638e-02 1.463022348724307177e-02
1.486878514711413753e-02 1.367740592217807361e-02 1.273222483484776242e-02 1.216024453638328388e-02 1.196157115365083408e-02 1.189836400667052332e-02 1.181145179881379868e-02 1.188495617195326273e-02 1.190472530334343686e-02 1.203748146005071545e-02 1.209556661499754278e-02 1.195853666978852030e-02 1.188744508188281299e-02 1.186343577599121082e-02 1.188337233255611775e-02 1.206459484777342231e-02 1.234458623051930617e-02 1.294463720298573775e-02 1.386057005954288886e-02 1.430134862980549613e-02
1.487236032649292584e-02 1.384600031880485992e-02 1.276268928226027138e-02 1.217588275133770458e-02 1.186057298390784907e-02 1.167671398704373149e-02 1.155069139155768913e-02 1.159038296323646779e-02 1.161830133494495994e-02 1.168387805892150480e-02 1.172381491827086987e-02 1.157747399706499959e-02 1.156263340204219392e-02 1.158722913835794587e-02 1.161125692153632850e-02 1.185678180323968336e-02 1.216231232445417164e-02 1.267500624259875613e-02 1.360936077393779323e-02 1.383039967886406756e-02
1.459199401054143627e-02 1.353500375800125582e-02 1.231433263530850447e-02 1.178202863028771606e-02 1.144980842373832797e-02 1.119363712407434215e-02 1.108599406095976680e-02 1.107634230834928825e-02 1.110029433788948562e-02 1.114993297240542310e-02 1.117017646011932153e-02 1.101478735619599268e-02 1.102166445083897252e-02 1.109122830487276924e-02 1.112617064678604779e-02 1.136823182405900107e-02 1.169359451466845529e-02 1.219568088602092891e-02 1.320481326485046895e-02 1.325519736902840660e-02
1.435681596511702122e-02 1.297010191520647608e-02 1.153132009451524574e-02 1.101440037074721129e-02 1.066706407091583611e-02 1.042030459846403703e-02 1.038306053964483007e-02 1.036358209418087456e-02 1.035622721740039887e-02 1.046066249070596796e-02 1.045199359141755005e-02 1.027541839772787118e-02 1.020559097851087178e-02 1.025934595426673292e-02 1.027644199755205906e-02 1.050217522106239136e-02 1.087507742244173126e-02 1.153480418557742242e-02 1.255500169769997384e-02 1.254257553017011639e-02
1.409551544895509476e-02 1.220515919359194991e-02 1.074242551591761061e-02 1.025561372043489947e-02 9.930014371629831971e-03 9.716917973076489440e-03 9.643792125346663593e-03 9.560047439512126682e-03 9.480879392832909647e-03 9.548292859033394656e-03 9.502052157894293541e-03 9.331393330219643623e-03 9.302764373962773767e-03 9.430150335648286933e-03 9.436075058944908348e-03 9.667021831792910191e-03 1.001703097264164920e-02 1.071619841885259987e-02 1.170907429273566024e-02 1.208944912703016974e-02
1.336675840572018430e-02 1.108517191988512944e-02 9.970574784580080868e-03 9.462681066356027140e-03 9.216762837433872119e-03 9.062677384677142456e-03 8.966822717498086279e-03 8.829798627534473851e-03 8.720619951549515164e-03 8.730068303888293552e-03 8.715552913911498237e-03 8.560832354492030338e-03 8.599135567984160511e-03 8.714981254598939270e-03 8.744420173489661149e-03 8.917665316686043675e-03 9.186251536166391979e-03 9.936104043389641996e-03 1.102200047184325078e-02 1.254570810376944706e-02
1.188058455515444978e-02 1.003690572623277925e-02 8.999974026176024017e-03 8.487867851354306131e-03 8.343284504104450314e-03 8.353788026353135832e-03 8.225206287451275119e-03 8.160345415558134183e-03 8.126203609552025420e-03 8.151062310373539954e-03 8.106765780225285573e-03 7.936694944077582817e-03 8.053177478207319134e-03 8.177601876835145778e-03 8.337941981028633084e-03 8.520751164386452386e-03 8.703789248691270672e-03 9.415672227276539533e-03 1.049498684993837964e-02 1.217609814822367964e-02
1.078026416385778619e-02 9.133693925082385714e-03 8.139280547421304940e-03 7.732406610085978092e-03 7.736529779584327450e-03 7.766001577429519805e-03 7.651541728854254279e-03 7.553949938662244193e-03 7.523344706963850693e-03 7.554080903890430729e-03 7.530738382957307721e-03 7.462055011718557104e-03 7.440161624921266467e-03 7.616397747171793631e-03 7.830047316014698486e-03 7.948884321679979340e-03 8.049840636170929251e-03 8.565164015483855628e-03 9.551029378624677560e-03 1.078885635380579314e-02
9.757248609477069123e-03 8.617841424294893707e-03 7.875604256756525354e-03 7.507236646962968905e-03 7.462322799190127670e-03 7.444430810769911422e-03 7.359347097824926569e-03 7.172726799147100853e-03 7.082741194262429096e-03 7.085251135881228887e-03 7.138966862399990891e-03 7.127637420750718156e-03 7.015327655349345125e-03 7.196513532182370089e-03 7.387331639482920195e-03 7.633217598430558880e-03 7.816769816162447843e-03 8.248354802740297254e-03 8.878332396594076220e-03 9.433567159165386073e-03
9.323647122227059214e-03 8.208972684554702998e-03 7.497450656812145592e-03 7.198514905894776335e-03 7.110581037857743349e-03 7.157542085351458784e-03 7.142850705680570469e-03 7.011738489614054159e-03 6.802731886449296141e-03 6.782458843762991657e-03 6.892313844710114094e-03 6.974150184747097102e-03 6.840477782878004800e-03 6.869150964525395399e-03 6.920564206906636498e-03 7.097654140441568213e-03 7.248603080113104682e-03 7.599605377619028657e-03 8.304732513979767167e-03 8.448370775362125384e-03
9.575337903593923380e-03 7.871713784917086856e-03 7.226301686638836146e-03 6.866106739634925647e-03 6.740882395613535978e-03 6.788230165829128339e-03 6.908128811204147617e-03 6.813650016593213871e-03 6.620351997642806054e-03 6.559199119037037971e-03 6.670844699465545806e-03 6.719932056416882092e-03 6.637728051879726067e-03 6.680009530088698404e-03 6.756070131522891840e-03 6.798542918894403576e-03 6.912463419123836099e-03 7.229189304975291129e-03 7.746426706339632449e-03 7.767635858647647940e-03
9.729444511923401526e-03 8.007058426553423716e-03 7.210397708799803039e-03 6.890159071441460253e-03 6.742245240663644404e-03 6.683783083950435577e-03 6.699475742346981504e-03 6.570209549844963429e-03 6.445937773445493089e-03 6.353977593301475893e-03 6.329392776797789812e-03 6.358671225462989192e-03 6.359679490545533907e-03 6.308529126892390045e-03 6.327111591898310593e-03 6.507111262813451875e-03 6.585555479666910239e-03 6.867449076038877748e-03 7.281849771736377888e-03 7.209122759052143288e-03
9.165759319511107561e-03 7.697883316441113746e-03 6.866549513211435592e-03 6.593914659234124953e-03 6.442195399957366224e-03 6.371920084934623238e-03 6.326944203887404500e-03 6.278244766754323761e-03 6.176529847835898757e-03 6.113482447186872545e-03 6.067887808934145470e-03 6.066648010222319524e-03 6.024205147185935673e-03 5.921324664310772569e-03 5.886436620175969706e-03 5.973195251903520332e-03 6.036061956678415857e-03 6.210740521124033867e-03 6.648155102998440716e-03 6.861326347323826874e-03
8.009731823425590702e-03 6.947034195352363994e-03 6.393230237452214755e-03 6.231520838935931082e-03 6.200555180631745628e-03 6.187345858615690176e-03 6.165983390753124183e-03 6.025788296123653180e-03 5.928826696232611382e-03 5.844160358082123134e-03 5.859903815822629577e-03 5.845026773570379322e-03 5.785287729787859552e-03 5.695002768082153659e-03 5.669274157031899825e-03 5.606950657928310225e-03 5.671051975034341330e-03 5.874822682068199693e-03 6.353350368861343175e-03 6.626344098765582676e-03
7.924845735306594932e-03 7.230134830288710221e-03 6.703648793453368532e-03 6.445447097825790853e-03 6.365142808107638814e-03 6.450031579128277619e-03 6.462817178631081322e-03 6.240560915496832020e-03 6.143798425465668567e-03 6.097664480975698541e-03 6.119308847547093658e-03 6.093502152339734350e-03 5.942436296654193990e-03 5.841258185341955539e-03 5.777174669751988616e-03 5.716553299988251340e-03 5.838768112473950549e-03 6.013069446910500153e-03 6.244970340659129239e-03 6.527074752778299661e-03
7.714925645636769823e-03 7.758326343513905973e-03 7.049155218193453414e-03 6.714696044032935317e-03 6.659662476491341396e-03 6.731818022463346811e-03 6.696405657950189882e-03 6.573899326617374875e-03 6.496045458122249108e-03 6.492555218242684022e-03 6.462174571745107204e-03 6.390459270536563881e-03 6.281190713471333092e-03 6.215396165025224157e-03 6.152079006859227130e-03 6.159804608906999102e-03 6.282576734697020888e-03 6.470174210662109696e-03 6.802953814537539452e-03 7.506951440093094334e-03
7.599534672003976574e-03 7.473663033984399677e-03 6.927747807014754226e-03 6.756207059011290830e-03 6.830765337504395886e-03 6.958525593674540211e-03 6.998465656969789922e-03 7.035528802094358040e-03 6.927705390064460914e-03 6.875570014753005360e-03 6.821519974148941914e-03 6.737825311100766913e-03 6.713831128661224001e-03 6.644353511518724491e-03 6.626684037410460887e-03 6.646454973159743318e-03 6.704404191695701593e-03 6.747909113484753564e-03 7.063622040392620975e-03 7.810808875729301388e-03
7.565117619809709308e-03 7.331543005348486672e-03 7.111418908954357521e-03 7.009544453067039979e-03 7.000832153867933387e-03 7.113718676659611800e-03 7.166119419225949402e-03 7.251308476079741314e-03 7.158687587141956965e-03 7.101801699979213081e-03 7.055802845616030231e-03 7.001836617051038734e-03 7.039960431470182120e-03 6.998456323182006451e-03 6.974558535113271895e-03 6.985111316722413498e-03 7.033572295688388792e-03 7.016708866347844131e-03 7.303607118859536083e-03 7.837908771499885879e-03
7.141451077919474741e-03 7.321863515057975072e-03 7.203207828965382115e-03 7.134151510948183103e-03 7.136967558731519522e-03 7.246427246611894697e-03 7.232350687209156137e-03 7.258758100942977638e-03 7.229466077422057844e-03 7.222545981280127821e-03 7.148726700429831535e-03 7.113082784731118366e-03 7.122049639713275496e-03 7.134597659488754740e-03 7.130807388950098115e-03 7.179570295201221676e-03 7.247062841883047946e-03 7.240677014748951243e-03 7.457166322568650058e-03 7.499261328972145653e-03
7.414946830259458790e-03 7.181015680592326214e-03 6.943966551756905123e-03 6.834911900618152909e-03 6.878783311420764469e-03 7.017384547359359001e-03 7.039417923459342051e-03 7.066828542156055118e-03 7.094864533931393227e-03 7.156404138671724167e-03 7.113747438743303966e-03 7.035560166906874337e-03 6.991726832640299781e-03 6.968732250177381467e-03 7.020394514435061503e-03 7.054781692373415965e-03 7.118364598755066650e-03 7.188355384193683383e-03 7.332323954323544633e-03 7.437436614927252741e-03
6.873839776941821286e-03 6.553028466054775306e-03 6.338023997862402871e-03 6.235122312500250563e-03 6.238420927858298604e-03 6.366435197064051858e-03 6.362861165696688179e-03 6.437013207659299588e-03 6.501155497201235693e-03 6.580668269411104991e-03 6.583805633708045973e-03 6.526635983121943478e-03 6.475442350485856140e-03 6.456599423116625436e-03 6.498828900125715180e-03 6.506056151476495922e-03 6.581017730547259609e-03 6.659126758040926491e-03 6.872234516991129229e-03 7.138714944626472526e-03
6.674885820731202811e-03 6.373356984610872161e-03 6.083449457111585884e-03 5.863458502866173393e-03 5.755259142020171213e-03 5.784392937562373403e-03 5.750198203432602996e-03 5.794330183016297743e-03 5.821642904165197710e-03 5.873078727751398533e-03 5.845725195644085534e-03 5.800187486178799527e-03 5.821791784206468631e-03 5.828513592775052578e-03 5.906463371312342669e-03 5.916166326573377328e-03 5.927976557389966379e-03 5.964697543420198304e-03 6.134576294273733077e-03 6.528819221598644758e-03
5.906201286481019275e-03 5.614051359199145365e-03 5.471622493232210921e-03 5.263399478584187240e-03 5.140835132994247408e-03 5.128797154908716974e-03 5.081964918570962796e-03 5.087117956289566138e-03 5.127445412697860701e-03 5.182132626458877712e-03 5.189038174245015969e-03 5.152242010851167640e-03 5.177250782354009262e-03 5.209384156106345795e-03 5.237162188225233210e-03 5.261397863956204443e-03 5.262685291833500527e-03 5.261063810402259906e-03 5.332874792755541368e-03 5.628569147140554015e-03
4.335256483686406904e-03 4.147585712008239334e-03 4.110084530970262509e-03 4.034176569006717172e-03 3.999774651958202046e-03 3.971159491693297336e-03 3.920508938868795708e-03 3.957253936362216049e-03 4.004983641278896458e-03 4.036203220187893452e-03 4.056797204238548823e-03 4.012829982235325936e-03 3.993314980628999422e-03 3.960538766535581096e-03 3.958927218038082486e-03 3.944483351775880491e-03 3.972311187459808164e-03 4.023697301932555905e-03 4.156306746750437764e-03 4.558457493563657092e-03
3.716961034840198831e-03 3.086391617931938652e-03 2.970021975203186206e-03 2.929466116569714312e-03 2.950300015861983052e-03 2.978839094462942295e-03 2.979418390103581553e-03 2.998809348279425548e-03 3.059047503977552034e-03 3.102779111316403965e-03 3.130809021181908246e-03 3.115420413777609220e-03 3.134601053307274707e-03 3.132815301635148882e-03 3.127129081663182920e-03 3.088456089490765766e-03 3.096345778713037108e-03 3.169209227282869263e-03 3.304645241205629407e-03 3.303999326818568907e-03
2.075820590510358849e-03 1.786904090105022802e-03 1.785233795175470610e-03 1.801361527545138454e-03 1.797215302841539400e-03 1.804897083561015497e-03 1.817058142768039012e-03 1.838552725869556110e-03 1.869898529759696009e-03 1.895936434136665611e-03 1.911712120837568557e-03 1.916513227987299076e-03 1.922660633659407144e-03 1.920057150488341594e-03 1.950625977591941744e-03 1.919661253659686595e-03 1.919741216122580535e-03 1.961529155790456107e-03 1.996980047493430391e-03 1.851360181590236582e-03
1.461505320870695127e-03 1.111807005617208768e-03 1.109875802237907582e-03 1.101819625643818846e-03 1.109903742046433389e-03 1.123276951559252059e-03 1.131220838849569289e-03 1.146592020814136753e-03 1.205854030997659428e-03 1.222303260039093228e-03 1.255337427349530795e-03 1.239279138387645559e-03 1.244223867905718678e-03 1.259606062887205780e-03 1.267066172483333024e-03 1.266966477599888686e-03 1.273558908764300512e-03 1.262985223072644013e-03 1.222259473298568369e-03 1.078015682749204488e-03
