1.301267692726546799e-01
1.084568076704895967e-01
9.667472111761424292e-02
9.100844163522629759e-02
8.823375001397848472e-02
8.668923604677235273e-02
8.569664982598035330e-02
8.433060858948217275e-02
8.371105064346365254e-02
8.261068605387834884e-02
8.181396187342002135e-02
8.134844205791078031e-02
8.101517332604941946e-02
8.151967014468497474e-02
8.186283196051449829e-02
8.214513965867642487e-02
8.348045251062108374e-02
8.726174825996053930e-02
9.153670839943235660e-02
1.040927141743404893e-01
