1.142225552227442709e+00 9.967429354789556495e-01 9.451508917300359691e-01 9.192124738783973292e-01 9.122460483641678941e-01 9.163331782643271417e-01 9.205279929729658361e-01 9.160446932989597668e-01 9.066002377915574062e-01 9.052566364881048377e-01 8.980694443653319814e-01 8.886976546234410801e-01 8.819560568077245977e-01 8.866258850829885629e-01 8.888357707208982550e-01 8.854058476714298243e-01 8.815255121829308482e-01 8.929611725142225787e-01 9.226099844638128156e-01 9.727622874472651171e-01
1.198893843889021760e+00 1.058124551663917057e+00 1.002854322285628763e+00 9.751576620683375385e-01 9.678967823859777608e-01 9.719788118248046116e-01 9.765336227500007737e-01 9.719614416635845577e-01 9.619958599639643060e-01 9.604285357548334456e-01 9.527131707665591476e-01 9.425520245842408107e-01 9.353118180765876977e-01 9.400633868790760905e-01 9.421448768289768516e-01 9.383457758537072646e-01 9.335161864373757723e-01 9.452752032770050938e-01 9.760300049975232373e-01 1.028280860980543165e+00
1.230071770422925370e+00 1.092844093890589452e+00 1.035668007799886770e+00 1.007010137900745228e+00 9.996235917603908394e-01 1.003599623276822950e+00 1.008330027303878440e+00 1.003709456914815057e+00 9.935003273378655297e-01 9.918163537759905335e-01 9.838418037351034373e-01 9.732711102627531474e-01 9.657211908421595714e-01 9.704949387596595312e-01 9.725060245733078146e-01 9.684883237505608200e-01 9.630489758923118648e-01 9.750009035659185086e-01 1.006290021796923062e+00 1.059602662226874603e+00
1.253960337588221563e+00 1.120181491508124072e+00 1.061701887801409727e+00 1.032377497440473801e+00 1.024933957864739620e+00 1.028811168566182044e+00 1.033695279426037450e+00 1.029025605372366536e+00 1.018651655909347475e+00 1.016897126559173969e+00 1.008756548736824632e+00 9.978673400550432948e-01 9.900538673688594749e-01 9.948728704223456232e-01 9.968171469965605436e-01 9.926380591138934673e-01 9.867250561753422300e-01 9.988485157369323408e-01 1.030585339462263716e+00 1.084816360449093242e+00
1.274623129831303991e+00 1.144196868384220966e+00 1.084769792811173472e+00 1.054910758211068611e+00 1.047459209107977518e+00 1.051246141022384561e+00 1.056291356970365136e+00 1.051563419389273335e+00 1.041051764727363382e+00 1.039236113099352155e+00 1.030979422216323105e+00 1.019847475250449609e+00 1.011794080004369878e+00 1.016646898489173889e+00 1.018516750257241865e+00 1.014221455500132318e+00 1.007877135268912427e+00 1.020184763358166657e+00 1.052340804783290062e+00 1.107510688653203568e+00
1.293345291060677527e+00 1.166312679666829499e+00 1.106189389021985603e+00 1.075936264989607594e+00 1.068515650969046327e+00 1.072223439517328014e+00 1.077429328294895905e+00 1.072652060930888718e+00 1.062021964819392039e+00 1.060170362597243843e+00 1.051823503435062479e+00 1.040456760868200714e+00 1.032196471715709940e+00 1.037089805680060151e+00 1.038875465521382768e+00 1.034472143118412735e+00 1.027781991694880270e+00 1.040194028489431322e+00 1.072803371932469663e+00 1.128929910562359362e+00
1.310536828915058072e+00 1.187088856431049555e+00 1.126570538386206133e+00 1.096029604468914398e+00 1.088696082371206186e+00 1.092337199932176039e+00 1.097727191161733007e+00 1.092901123008033437e+00 1.082178405447768110e+00 1.080314363813822176e+00 1.071889349789263868e+00 1.060315784311942844e+00 1.051853866091814860e+00 1.056772102352299569e+00 1.058492396063722918e+00 1.053995681342845714e+00 1.046979154891725328e+00 1.059487233443301202e+00 1.092537136196749525e+00 1.149678655750796086e+00
1.326635966761543051e+00 1.206616796676091896e+00 1.146135762558714299e+00 1.115474075416047928e+00 1.108281780102568170e+00 1.111861298044807711e+00 1.117457500148667515e+00 1.112616713012152703e+00 1.101831094212971873e+00 1.099960534725914929e+00 1.091473440092859848e+00 1.079726651825311912e+00 1.071061873079794058e+00 1.076002696427833305e+00 1.077657565273159257e+00 1.073093592847059963e+00 1.065763563833677763e+00 1.078317243287248095e+00 1.111834530843709867e+00 1.170031662578380649e+00
1.342028267802921171e+00 1.225079333405134641e+00 1.164942028174951627e+00 1.134349051947158404e+00 1.127399764053662379e+00 1.130980424543222229e+00 1.136759935080592809e+00 1.131958635185483342e+00 1.121143562394172344e+00 1.119288466486356048e+00 1.110751943057097124e+00 1.098873030201076961e+00 1.090012996902647080e+00 1.094955033186035598e+00 1.096551179247812646e+00 1.091952176675721420e+00 1.084293319235127617e+00 1.096852796810571906e+00 1.130842131024215824e+00 1.190178501178149384e+00
1.357001043674200824e+00 1.242738396301967141e+00 1.183054705952575336e+00 1.152695533341266509e+00 1.146089430489988459e+00 1.149718994953905282e+00 1.155705471646347959e+00 1.150981522644592525e+00 1.140170828291894756e+00 1.138323299466358129e+00 1.129722217639985482e+00 1.117823672573571070e+00 1.108756407462983873e+00 1.113679098183529170e+00 1.115229062705171081e+00 1.110666794459436169e+00 1.102659253162412645e+00 1.115185433972024409e+00 1.149692688319375433e+00 1.210181578990715989e+00
1.373012251623165980e+00 1.259825042799125328e+00 1.200590025218944312e+00 1.170578490061593868e+00 1.164415683459625761e+00 1.168168368044879113e+00 1.174350924183740208e+00 1.169788718781771486e+00 1.158996165741301043e+00 1.157106308577353415e+00 1.148500390858934850e+00 1.136569324158637428e+00 1.127325640494235559e+00 1.132231765148919544e+00 1.133778484489521787e+00 1.129329201688609174e+00 1.120973702993337762e+00 1.133402386568655773e+00 1.168455584157616522e+00 1.230078105552101286e+00
1.391701328763185863e+00 1.276634936715431712e+00 1.217734600366077835e+00 1.188293465327472820e+00 1.182577966750123943e+00 1.186489091048609001e+00 1.192902612023909015e+00 1.188455956871457220e+00 1.177792644398850452e+00 1.175818310503396580e+00 1.167282492470942623e+00 1.155197937139385678e+00 1.145806304049977520e+00 1.150709691774175258e+00 1.152296544028095671e+00 1.148060228111332792e+00 1.139378133310398944e+00 1.151520121704788568e+00 1.187138124829604235e+00 1.249793683693469548e+00
1.414082101234779509e+00 1.293648263162489043e+00 1.234770396905401579e+00 1.206008869865607736e+00 1.200718387625898442e+00 1.204799292362009000e+00 1.211489050615897289e+00 1.207152987371564068e+00 1.196703064581723819e+00 1.194732123276504909e+00 1.186365066756237985e+00 1.174061436096367927e+00 1.164591717715800945e+00 1.169529843587692408e+00 1.171026293704757970e+00 1.167068608817931397e+00 1.157950798261966785e+00 1.169748618307796306e+00 1.206036988538417898e+00 1.269518607421761036e+00
1.440413962429016870e+00 1.310981974400272199e+00 1.251527693921965056e+00 1.223381429447416791e+00 1.218391401473264413e+00 1.222596044918650149e+00 1.229743826695095521e+00 1.225593354965418103e+00 1.215503241428746772e+00 1.213723774496084706e+00 1.205731475407099573e+00 1.193217439240759736e+00 1.183785942598133190e+00 1.189009949152354251e+00 1.190219271253806888e+00 1.186381535277196475e+00 1.176695412801982643e+00 1.188086555821331602e+00 1.224942061294921780e+00 1.289463150524855273e+00
1.466112237522416706e+00 1.326758940672524645e+00 1.266704328204441232e+00 1.239356347279237713e+00 1.234636883901782500e+00 1.238811111071250082e+00 1.246345311807059764e+00 1.242553556740349618e+00 1.233027671454879570e+00 1.231671624225996631e+00 1.224396365734909065e+00 1.211744036655898471e+00 1.202410345846133044e+00 1.208355253317516587e+00 1.208870830967068155e+00 1.205473315980731597e+00 1.195436718711905044e+00 1.205999509541946901e+00 1.242500948447765374e+00 1.307101468526687515e+00
1.482121453861333427e+00 1.338606604217386531e+00 1.279986069017037709e+00 1.254038243089472093e+00 1.249346531415040484e+00 1.253120715761878001e+00 1.260621987419453083e+00 1.257425931611187098e+00 1.248657631567647641e+00 1.247434514490730617e+00 1.241309148267223827e+00 1.228837273270427133e+00 1.219977813405449307e+00 1.226929197524056159e+00 1.226143141037248974e+00 1.223936259336829702e+00 1.213884180464590123e+00 1.223033457265670920e+00 1.257399110059173042e+00 1.321062109167089549e+00
1.494621316055838145e+00 1.353237647154850176e+00 1.300898871229683174e+00 1.276144588246782563e+00 1.269662380380012889e+00 1.271773801073611931e+00 1.276897620619612983e+00 1.273776388456772102e+00 1.265753876419905888e+00 1.263296591983246175e+00 1.258375484191556426e+00 1.245412991319046370e+00 1.237796191222150455e+00 1.245870435438717783e+00 1.243111058494412502e+00 1.242568118783902165e+00 1.232110623048061848e+00 1.239091589874689481e+00 1.269941137938458198e+00 1.330273771210129574e+00
1.515856941445071548e+00 1.385787491807088045e+00 1.346164955190165768e+00 1.320538795038542990e+00 1.307429646883512264e+00 1.305329353918118995e+00 1.304801130876048987e+00 1.299842471669152566e+00 1.292610767163245855e+00 1.286936254832829363e+00 1.282351129759480957e+00 1.266999198386672632e+00 1.260291426009127358e+00 1.268448134963312324e+00 1.263468233556055642e+00 1.264526733796930813e+00 1.252742598221908921e+00 1.256283556578674077e+00 1.282707780701163980e+00 1.338626416078259052e+00
1.561364915213273585e+00 1.448898116137084635e+00 1.418500748572386838e+00 1.392300763730965452e+00 1.373406564753831827e+00 1.366836913497127881e+00 1.356957957097401968e+00 1.347153639514658163e+00 1.339519850465424877e+00 1.327679797959391284e+00 1.320809379006855577e+00 1.300672667871025867e+00 1.293200382238052892e+00 1.299321122877734824e+00 1.292454943107706589e+00 1.294730190267130210e+00 1.280795344123532020e+00 1.279653026447198361e+00 1.300366407178687345e+00 1.353014680413589188e+00
1.641280240732822859e+00 1.571406959107609191e+00 1.546095120050050564e+00 1.528545246357915444e+00 1.506415510014211145e+00 1.492237784486664776e+00 1.463593048012955755e+00 1.448271019438894358e+00 1.434639491540157019e+00 1.408277345785580614e+00 1.393041835506181769e+00 1.362646429696953598e+00 1.352255331685421558e+00 1.353753920886046069e+00 1.346036056548945981e+00 1.346595686801183467e+00 1.326318931062183015e+00 1.319433237034902007e+00 1.331807567231360512e+00 1.380142321101566427e+00
1.755376186708593744e+00 1.761362128435465468e+00 1.740151252214108935e+00 1.731454429909782711e+00 1.705447132152954071e+00 1.683140349829470805e+00 1.637382852781906095e+00 1.615140703124251065e+00 1.589238226135262666e+00 1.542406133126424495e+00 1.517333849303131199e+00 1.476339490208424365e+00 1.464148896823207480e+00 1.459631754968321538e+00 1.452949227399340959e+00 1.445844343580312330e+00 1.410758738417400071e+00 1.393279373313291325e+00 1.390104929604503159e+00 1.428945483355929191e+00
1.901554758791918598e+00 1.989836988537763585e+00 1.961986908215332281e+00 1.948313914807320746e+00 1.923100998322103461e+00 1.896188677530030731e+00 1.849686721704640879e+00 1.818313632420213599e+00 1.784122638092021873e+00 1.723175109835762830e+00 1.698837860941037503e+00 1.651851932800740164e+00 1.639774796073690588e+00 1.633531830399346907e+00 1.629936338287879982e+00 1.611520941933269446e+00 1.558894042229810095e+00 1.523460547575993029e+00 1.496434468990613720e+00 1.514372212869318890e+00
2.107231172115346940e+00 2.238859035061381952e+00 2.198111717946861887e+00 2.171441293904556424e+00 2.152823785435453274e+00 2.121475281763109066e+00 2.090259041180518196e+00 2.052856237270467954e+00 2.013893319884884736e+00 1.954159374836348828e+00 1.934801778373172798e+00 1.888225498244380018e+00 1.878821864432493882e+00 1.876322490839761548e+00 1.877052293512773806e+00 1.853127202487850456e+00 1.793270355881933176e+00 1.742932608337837141e+00 1.684644269512811432e+00 1.664966606536530280e+00
2.459453596066033310e+00 2.557753885266674576e+00 2.497675998793796648e+00 2.447748324473120185e+00 2.432213798218387346e+00 2.405473518703978630e+00 2.394577707233128017e+00 2.351597657355592119e+00 2.306523563436768232e+00 2.253067610560852252e+00 2.233211363733321519e+00 2.193397397946993177e+00 2.191727987429718638e+00 2.193767727172452719e+00 2.200140984162956226e+00 2.177583220787706608e+00 2.121127635383591503e+00 2.068794099362486261e+00 1.984960520670594253e+00 1.916516640633881607e+00
3.002686564675312919e+00 3.015788995183759091e+00 2.908466290456190873e+00 2.817838945805930972e+00 2.806825322035148229e+00 2.781435518924137984e+00 2.783546600820531403e+00 2.727284164121205112e+00 2.678008516042099441e+00 2.632031374076902797e+00 2.611250136749673434e+00 2.577212384894520092e+00 2.579125348065383516e+00 2.592003268126465088e+00 2.600109113120908422e+00 2.577579142545103785e+00 2.528910336696113870e+00 2.490995942469266478e+00 2.405431509526926970e+00 2.332371161224393141e+00
4.281421206253797962e+00 4.042743139466947966e+00 3.785497541143883815e+00 3.626595206840910635e+00 3.576114742559010296e+00 3.543464779344042803e+00 3.534850156744149707e+00 3.466674461379144034e+00 3.412727390770755598e+00 3.375303603055413770e+00 3.343081953054269473e+00 3.312565118735833813e+00 3.301506175861153913e+00 3.317331271968636752e+00 3.337701172911458514e+00 3.323791145821219928e+00 3.320812678803492179e+00 3.343127352404651198e+00 3.343088554881793684e+00 3.447606334176839482e+00
5.977857871500870779e+00 5.412833409150302089e+00 5.138140529760715225e+00 4.999524626048755138e+00 4.954714477106658244e+00 4.919562245572064896e+00 4.889025921852011791e+00 4.832883677336458739e+00 4.763625540845439765e+00 4.713690410909466166e+00 4.657719539302719980e+00 4.604781422109211597e+00 4.561324177735984087e+00 4.548371491858242521e+00 4.565165284221357034e+00 4.573924732333441767e+00 4.583058378521599252e+00 4.675761380451620930e+00 4.715812388859816018e+00 5.005028426118836471e+00
6.626428345254267605e+00 6.010291444663463878e+00 5.861599344631522435e+00 5.734686300292628935e+00 5.708349823233008991e+00 5.716816368049252084e+00 5.687371386735566858e+00 5.655421025757796372e+00 5.571680339031400919e+00 5.516998453943899428e+00 5.475319903129691745e+00 5.428366268433800101e+00 5.406567788992910906e+00 5.420541964647476618e+00 5.429974770667050699e+00 5.450615978997015887e+00 5.448771373763240611e+00 5.471580155119663225e+00 5.445134260127684200e+00 5.819458176890183410e+00
6.398989384618286813e+00 6.350500362416648947e+00 6.331881115065121080e+00 6.211651564410578530e+00 6.186230694635049154e+00 6.213949323320317575e+00 6.186120250391678788e+00 6.176239759019707343e+00 6.094486657267161434e+00 6.058013461148290979e+00 6.053098600770038473e+00 6.021809043649821724e+00 6.036425267240112191e+00 6.033941281720094807e+00 6.041909650904390361e+00 6.021245334501879931e+00 5.989518985487910285e+00 5.925733781629337393e+00 5.908034007517768416e+00 6.311135928266628170e+00
6.122551720207419557e+00 6.533563366804511219e+00 6.589766561391889432e+00 6.495996869706633703e+00 6.498814599950343052e+00 6.549137991038786133e+00 6.522607708951291272e+00 6.502834020160645601e+00 6.430367139968588219e+00 6.386019118224059987e+00 6.416638643651285889e+00 6.385771512595318278e+00 6.416037827330102417e+00 6.372619418344863895e+00 6.358260092608564840e+00 6.305477137911140062e+00 6.261728714490122805e+00 6.172652932416340832e+00 6.175102096800317852e+00 6.534484697250658058e+00
5.906326116313774577e+00 6.480005838426392550e+00 6.484918402656165703e+00 6.398484801899399166e+00 6.426614796586760825e+00 6.462433943909875467e+00 6.418762781450910282e+00 6.371027484749725467e+00 6.292291840912451306e+00 6.247608418645268280e+00 6.265803369131597300e+00 6.217282419437657026e+00 6.240936274357103741e+00 6.203129193431605515e+00 6.168643463307149410e+00 6.119413615593548350e+00 6.081612526665741036e+00 6.003708920905128643e+00 6.064073144116777669e+00 6.500193729919396368e+00
5.396696022907741863e+00 6.062082205064340812e+00 5.983593253535411272e+00 5.892473164758671444e+00 5.865880769205497280e+00 5.855739984190066139e+00 5.775166683025688030e+00 5.700374229679356475e+00 5.624424969240121364e+00 5.577395832130132014e+00 5.566096348534069982e+00 5.518938689715964685e+00 5.507113029870828846e+00 5.502690546744640088e+00 5.460981692402524956e+00 5.448664813969337217e+00 5.450213344176729535e+00 5.443210984960746401e+00 5.565564540121386017e+00 6.018297256421798913e+00
4.843379637647466041e+00 5.406700157137166229e+00 5.308100031887773795e+00 5.185898568616016391e+00 5.080541447909808106e+00 5.052638831511655937e+00 4.953463603995595932e+00 4.906209885761337652e+00 4.860105718989356838e+00 4.798160115672200909e+00 4.780885272103495787e+00 4.761066117895992988e+00 4.744604734174583172e+00 4.758505300183608178e+00 4.721104830686571496e+00 4.755453247749633405e+00 4.794300599270379770e+00 4.872429872556740982e+00 5.054765870865296051e+00 5.531327620747158669e+00
4.640275307204046129e+00 4.691311786248315130e+00 4.594672640251768136e+00 4.489954339605870537e+00 4.401756601566220617e+00 4.409672775347404539e+00 4.352882169653880418e+00 4.307772356773091893e+00 4.293517877922245596e+00 4.222431685875275953e+00 4.210844859616834412e+00 4.191474531446343299e+00 4.178276197398195890e+00 4.201965969529286582e+00 4.182882652738714846e+00 4.216592796738283688e+00 4.260151978272801898e+00 4.414202459094823894e+00 4.634305855603139790e+00 5.045861748751415021e+00
4.881547369992678576e+00 4.553781332170295570e+00 4.401669314097497399e+00 4.282427142854714930e+00 4.239869831201840356e+00 4.255508158525704410e+00 4.225542250920003795e+00 4.149628129593011749e+00 4.143799898809968241e+00 4.094441768035633977e+00 4.079481998070701110e+00 4.068052677513679605e+00 4.068012722696725980e+00 4.096642148693350194e+00 4.079135578860501710e+00 4.117563633907392884e+00 4.145629396173917236e+00 4.287450267170705764e+00 4.499241344508426721e+00 4.885565963279311141e+00
5.125473103754316639e+00 4.557574421731993120e+00 4.298422969557358364e+00 4.120454555609113001e+00 4.075099719154592570e+00 4.093541400109947048e+00 4.098125623243521254e+00 4.033079670556400487e+00 4.028136318246857250e+00 4.019284247726151449e+00 4.028694113811747357e+00 4.048566725037636260e+00 4.063476068068974101e+00 4.098785374176094010e+00 4.094343932034594680e+00 4.135458235442786901e+00 4.189813311459718470e+00 4.346765476284963903e+00 4.577209894314595573e+00 4.993682226519312373e+00
5.245947238828033043e+00 4.413096404248657123e+00 4.045222254793344518e+00 3.830729166992383750e+00 3.795022563750127809e+00 3.840958184115996765e+00 3.861529987849574574e+00 3.841688314656901415e+00 3.851586587613859525e+00 3.869026055441277201e+00 3.902420753386810048e+00 3.939148279101949868e+00 3.958006487547038876e+00 4.007156516251328959e+00 4.045478666225874598e+00 4.100414400615433941e+00 4.204824503514968725e+00 4.423525479693194207e+00 4.738692247970494265e+00 5.215174300323472067e+00
5.294547809331549892e+00 4.189649938192459011e+00 3.764369467509247613e+00 3.576111556283421589e+00 3.566797542291980871e+00 3.634467702267589750e+00 3.643681338539704662e+00 3.641428617095173959e+00 3.671230616234534061e+00 3.700573350359507518e+00 3.734229436331667262e+00 3.750858945544096379e+00 3.770456672713263568e+00 3.816909960036394711e+00 3.861887192789211998e+00 3.938557024182097965e+00 4.057331257405877523e+00 4.301046899292866321e+00 4.707443423089648249e+00 5.414185228055092836e+00
5.302288346765270610e+00 4.043429511913242180e+00 3.637327336730909799e+00 3.490666860039906894e+00 3.504799642383837011e+00 3.530295923157981797e+00 3.517650062942015321e+00 3.517468038671520691e+00 3.555418007675650305e+00 3.576627027882956611e+00 3.599171376276044221e+00 3.593327066969432160e+00 3.621321883674688102e+00 3.646581718790272930e+00 3.645429714800238141e+00 3.709480941707218093e+00 3.784085412135116844e+00 4.019787964544242698e+00 4.495465414405619420e+00 5.357786402908080170e+00
5.337789311952588100e+00 4.091644421380169483e+00 3.700341193549865793e+00 3.561358181756280050e+00 3.586724254876744400e+00 3.577141644509438834e+00 3.542098536234031592e+00 3.553254992795352951e+00 3.574158234341192841e+00 3.573779781822217227e+00 3.575092363533379558e+00 3.555269537616740028e+00 3.587787285837336970e+00 3.599897928393165358e+00 3.566153541109249758e+00 3.589420926223122699e+00 3.621983202043219219e+00 3.826064777259547078e+00 4.298441025642355307e+00 5.231886275277903842e+00
5.304116106203673908e+00 4.197633107065105840e+00 3.860870683881485022e+00 3.718639868083658762e+00 3.750213079954638484e+00 3.757364074323015668e+00 3.716306310351298769e+00 3.718581999772805347e+00 3.694050340351990425e+00 3.657373588634898809e+00 3.651558870160999337e+00 3.617897461025618266e+00 3.640750354179658199e+00 3.654698699162505005e+00 3.635788288542124214e+00 3.653878920282432663e+00 3.689675552218134591e+00 3.874624951789848115e+00 4.364751600599728221e+00 5.370392552975438605e+00
5.242887320510493332e+00 4.341186904704714244e+00 4.040760289447759668e+00 3.877737168038360771e+00 3.906814595260122314e+00 3.937237471562108571e+00 3.900307021642658523e+00 3.911453238821422485e+00 3.862119003230429559e+00 3.818260143991346833e+00 3.818580225355994173e+00 3.786003647752666179e+00 3.797058459986489165e+00 3.815145704274702787e+00 3.826704206103756611e+00 3.886717244700730767e+00 3.945694709706276448e+00 4.172668817249492790e+00 4.654888149083487470e+00 5.611148630886138022e+00
5.361397189640357830e+00 4.536763234823882662e+00 4.264101687175279487e+00 4.071314628198155816e+00 4.090237754549414184e+00 4.121854504576396572e+00 4.080561884569048559e+00 4.103137708577566656e+00 4.050805162764396172e+00 4.038382125321417604e+00 4.036125161830009134e+00 4.018361298433154261e+00 4.027900357829601319e+00 4.060351323512978006e+00 4.109071592332662171e+00 4.219204766139412754e+00 4.322411576099142394e+00 4.613610941839382029e+00 5.090969393106796304e+00 6.050281673680004246e+00
5.583633471321364006e+00 4.692044482475488998e+00 4.464740940077088105e+00 4.281557485781086747e+00 4.293656512346553100e+00 4.313119215705127907e+00 4.276498789763899744e+00 4.288424897946071290e+00 4.241136459960523908e+00 4.254961889077641501e+00 4.251119904685542572e+00 4.239125816088259668e+00 4.244584559663105772e+00 4.279915653801848130e+00 4.363607490909296338e+00 4.499836871842201269e+00 4.652549431622333032e+00 4.963628666547464263e+00 5.422901125217429730e+00 6.328142298468103277e+00
5.783376962370292418e+00 4.915689981948084153e+00 4.708351830117231351e+00 4.521139700593963973e+00 4.511025271205983955e+00 4.518856885619856101e+00 4.516364487246674386e+00 4.524058817240531383e+00 4.490792053535227701e+00 4.511801493282984410e+00 4.505304656072769198e+00 4.482813420498525048e+00 4.485736528670443590e+00 4.522734010501090474e+00 4.601299504199445778e+00 4.713935242894786271e+00 4.852322968520924817e+00 5.159813537635861813e+00 5.572434925034913000e+00 6.281575125403867865e+00
6.210677779010339350e+00 5.305038701706533466e+00 5.038896131988884974e+00 4.824494381332784521e+00 4.792259513744943078e+00 4.792820470443065695e+00 4.794093568911255154e+00 4.808023560773916572e+00 4.791909956421509520e+00 4.833314244963504258e+00 4.836034116233951963e+00 4.814409969105635234e+00 4.803331255042885495e+00 4.840393323525809421e+00 4.884360629991484792e+00 4.953058755850404005e+00 5.078440798707330117e+00 5.371295591799659874e+00 5.781573388698784122e+00 6.286232352967662251e+00
6.498482562650004013e+00 5.686377112949432266e+00 5.362180125767606498e+00 5.125594791214409973e+00 5.081470302430452612e+00 5.077144066478130213e+00 5.047635921431974815e+00 5.066129621189789489e+00 5.070703166289177055e+00 5.133368727096051742e+00 5.155597823044553607e+00 5.117435169502481784e+00 5.091264613668209371e+00 5.098895977241862276e+00 5.113673377524955654e+00 5.168451126890255765e+00 5.282779936544433674e+00 5.558704285349129748e+00 5.966337028868029080e+00 6.342687006101638936e+00
6.446128544494892587e+00 5.929624771443257281e+00 5.519856338684702379e+00 5.271883253302121375e+00 5.185751524933475132e+00 5.158349057930651682e+00 5.120656011362775928e+00 5.152536301526166262e+00 5.161106898309508750e+00 5.218661247420157245e+00 5.243843155128792510e+00 5.184435972058836661e+00 5.153615329381018739e+00 5.143192789208729465e+00 5.151849652802224178e+00 5.230415831322475562e+00 5.351801702910050196e+00 5.611944388643760995e+00 6.009032709786106707e+00 6.200108850223042367e+00
6.447678507428466155e+00 6.002716227253872106e+00 5.533063721945342017e+00 5.278662956069042345e+00 5.141965352863569372e+00 5.062256169085497248e+00 5.007607728248628653e+00 5.024828708043229675e+00 5.036932280124291950e+00 5.065362040060779947e+00 5.082676038916925876e+00 5.019232228270706031e+00 5.012798321112368782e+00 5.023448053043686912e+00 5.033878285201148550e+00 5.140321745959535171e+00 5.272779710381556129e+00 5.495050115639390498e+00 5.900124864890959664e+00 5.995936863767879821e+00
6.326130089431415193e+00 5.867888547117209974e+00 5.338685731313689509e+00 5.107913680526511513e+00 4.963884821725518925e+00 4.852825773477392524e+00 4.806146026510197622e+00 4.801974446197753821e+00 4.812358472854270097e+00 4.833878524136000721e+00 4.842654770661966701e+00 4.775288262343157619e+00 4.778269718840288505e+00 4.808415244809064681e+00 4.823576740638351623e+00 4.928518566678259383e+00 5.069574457021683855e+00 5.287246126775094091e+00 5.724739638718783219e+00 5.746567589289230504e+00
6.224172337224397999e+00 5.622984215146016318e+00 4.999222927865719868e+00 4.775120490872724055e+00 4.624538286965041323e+00 4.517559588755472255e+00 4.501401036409045986e+00 4.492968436865306003e+00 4.489779845417734450e+00 4.535056119817181042e+00 4.531297854525193181e+00 4.454746449347772419e+00 4.424473867173130515e+00 4.447766661388929954e+00 4.455190214993691278e+00 4.553053312826752297e+00 4.714719212282088456e+00 5.000733400888586644e+00 5.443024027785717145e+00 5.437622392277583927e+00
6.110889597628852421e+00 5.291355298330304713e+00 4.657210059202910202e+00 4.446160442195902895e+00 4.305001952404377441e+00 4.212617351789553766e+00 4.180903665368958855e+00 4.144608592889998278e+00 4.110286528211442025e+00 4.139512578924981590e+00 4.119465648353248355e+00 4.045479190847867557e+00 4.033067555983245178e+00 4.088282865374909036e+00 4.090862312128221490e+00 4.190985662488383667e+00 4.342726634688596654e+00 4.645839712711433478e+00 5.076285471961651474e+00 5.241177071273201982e+00
5.794948414007000892e+00 4.805802385763416673e+00 4.322586283142107355e+00 4.102396929256046931e+00 3.995782938981635279e+00 3.928981608174905382e+00 3.887414979400934723e+00 3.828020676332049455e+00 3.780687974113711824e+00 3.784784159047910546e+00 3.778491239435573412e+00 3.711414568098532651e+00 3.728020325421310233e+00 3.778233354409294975e+00 3.791006186966727753e+00 3.866113900993388697e+00 3.982555242967199760e+00 4.307642034063310810e+00 4.778415395475319016e+00 5.438980466806073721e+00
5.150641055643358612e+00 4.351343022320201648e+00 3.901797550763987044e+00 3.679781952403479828e+00 3.617100110373715705e+00 3.621653747669236534e+00 3.565899665675827279e+00 3.537789738415643370e+00 3.522988094025798489e+00 3.533765193792804737e+00 3.514561128054712658e+00 3.440829585051645267e+00 3.491328760388409336e+00 3.545261575156476663e+00 3.614783943305733604e+00 3.694037996907238330e+00 3.773391286923400312e+00 4.082016984530524084e+00 4.549936907294461541e+00 5.278742295160227194e+00
4.673614411418571812e+00 3.959769715186214345e+00 3.528657395292829957e+00 3.352263582649883222e+00 3.354051118103125173e+00 3.366828153716175720e+00 3.317197057349506206e+00 3.274896492316794028e+00 3.261628074237581387e+00 3.274953270236939940e+00 3.264833486475273272e+00 3.235056888354196580e+00 3.225565353963636639e+00 3.301960975948946331e+00 3.394594178953772801e+00 3.446114098488688438e+00 3.489882124870683722e+00 3.713292491768032999e+00 4.140698954064268911e+00 4.677326977653446960e+00
4.230102066508824699e+00 3.736129955974230477e+00 3.414344675931849871e+00 3.254644677521524088e+00 3.235172983411544578e+00 3.227416192514898086e+00 3.190520995900521406e+00 3.109623180668499742e+00 3.070611333331845660e+00 3.071699479145634903e+00 3.094987089705269590e+00 3.090075388010343982e+00 3.041385251094899100e+00 3.119927245787353254e+00 3.202661742554235857e+00 3.309261742687434893e+00 3.388837927185367249e+00 3.575944827569550899e+00 3.849061730527909564e+00 4.089764171668209158e+00
4.042120943892347107e+00 3.558871328042382043e+00 3.250402115010651460e+00 3.120803209794614119e+00 3.082680860781360277e+00 3.103040086214607918e+00 3.096662631090220774e+00 3.039829224595876678e+00 2.949217690612567111e+00 2.940428630991962056e+00 2.988054543287709031e+00 3.023533404692318793e+00 2.965581831865483853e+00 2.978004717674747504e+00 3.000302044636712129e+00 3.077076607198993230e+00 3.142518151962102824e+00 3.294689691650761976e+00 3.600386499844610455e+00 3.662648871108655779e+00
4.151237533721480411e+00 3.412658022898153121e+00 3.132849732677397636e+00 2.976692864009792938e+00 2.922403814132803035e+00 2.942930697135356155e+00 2.994902906678539090e+00 2.953951074656849585e+00 2.870149750929176236e+00 2.843637879753528441e+00 2.892040069693476934e+00 2.913321123235314669e+00 2.877682866654440286e+00 2.896005634095257353e+00 2.928988218776685581e+00 2.947401629444126758e+00 2.996790075175660650e+00 3.134101614307272410e+00 3.358341775438538068e+00 3.367527712186549227e+00
4.218048036194895545e+00 3.471334569042594520e+00 3.125954812581043907e+00 2.987120375140375206e+00 2.922994654224465361e+00 2.897649303314280722e+00 2.904444882590421440e+00 2.848411279302712984e+00 2.794535200174675271e+00 2.754667306710743002e+00 2.744008945193135318e+00 2.756702157302390876e+00 2.757139274811636120e+00 2.734956561370625927e+00 2.743019973266356271e+00 2.821056006822936446e+00 2.855064266435711318e+00 2.977274812899646239e+00 3.156931733553494102e+00 3.125393763745444531e+00
3.973671163910664106e+00 3.337296550278894269e+00 2.976884821547819637e+00 2.858688257601340599e+00 2.792912752857877656e+00 2.762445992483080204e+00 2.742940107874511035e+00 2.721834527829972927e+00 2.677737620399152974e+00 2.650404408912216514e+00 2.630637568769673251e+00 2.630100073487667611e+00 2.611699636046278972e+00 2.567090587507516730e+00 2.551972252423123866e+00 2.589585096171076906e+00 2.616839969796474374e+00 2.692569121118755238e+00 2.882203351091213506e+00 2.974612486660957344e+00
3.472493578317254581e+00 3.011777692875907686e+00 2.771684674801241588e+00 2.701578101912115226e+00 2.688153426532201795e+00 2.682426732195129837e+00 2.673158258072383830e+00 2.612385985432367885e+00 2.570349804897547941e+00 2.533644042206798286e+00 2.540469371332616078e+00 2.534019663049723814e+00 2.508120737781974530e+00 2.468972540872259813e+00 2.457824873291917456e+00 2.430805497963703488e+00 2.458595618397120486e+00 2.546937211751692853e+00 2.754395383394390162e+00 2.872739890121710715e+00
3.435692546475014986e+00 3.134511531973851906e+00 2.906261770023327973e+00 2.794322475457291954e+00 2.759507810434168817e+00 2.796310005406327459e+00 2.801845547845304818e+00 2.705497285287695508e+00 2.663547425709063443e+00 2.643546777807801895e+00 2.652930353385962725e+00 2.641742265524761546e+00 2.576250033657915939e+00 2.532379113945773863e+00 2.504603447878126499e+00 2.478322004022825986e+00 2.531306318714942272e+00 2.606871927884637063e+00 2.707408922393367945e+00 2.829703336958544035e+00
3.344684984747874346e+00 3.363500676458309968e+00 3.056050660291589782e+00 2.911051132206892600e+00 2.887192192345614750e+00 2.918474097352092844e+00 2.903113899203315640e+00 2.850010924138529855e+00 2.816258600795342293e+00 2.814745462049157432e+00 2.801574409360549023e+00 2.770483365564871736e+00 2.723111696814203064e+00 2.694580334200226801e+00 2.667137341869523670e+00 2.670486655440929447e+00 2.723712584573208417e+00 2.805042527317620049e+00 2.949313904053698643e+00 3.254512372694240430e+00
3.294659038340559842e+00 3.240089364305165809e+00 3.003416381769908661e+00 2.929047581541212697e+00 2.961371153539028800e+00 3.016759608345653820e+00 3.034066924802360621e+00 3.050143141358034438e+00 3.003397992566530394e+00 2.980795518480854778e+00 2.957362971294134280e+00 2.921078463100710287e+00 2.910676161715961552e+00 2.880547567725301406e+00 2.872894907435730172e+00 2.881466286470658389e+00 2.906589261080881670e+00 2.925450137433302178e+00 3.062322524105849375e+00 3.386244646667883718e+00
3.279738065283800186e+00 3.178475455416839512e+00 3.083044106651083638e+00 3.038878034470157807e+00 3.035100953827732706e+00 3.084041134861786215e+00 3.106750389980688976e+00 3.143691033942180635e+00 3.103536700545667326e+00 3.078874716571149417e+00 3.058932634875112022e+00 3.035536423083118773e+00 3.052064404752150129e+00 3.034062878295856969e+00 3.023710438587523530e+00 3.028285431506007708e+00 3.049294928698679907e+00 3.041984053455367931e+00 3.166364290077474664e+00 3.397993350091359943e+00
3.096064082372281590e+00 3.174279064249674320e+00 3.122837752971022951e+00 3.092899469624801778e+00 3.094120322964144965e+00 3.141574853481329477e+00 3.135463840817651171e+00 3.146920701934659892e+00 3.134221604659663818e+00 3.131221505537254757e+00 3.099218314374355021e+00 3.083765453891826880e+00 3.087652893200615534e+00 3.093084661902858024e+00 3.091449677993888923e+00 3.112590071024512905e+00 3.141850405840152849e+00 3.139081930664674225e+00 3.232937473865213018e+00 3.251178454526493233e+00
3.214633875298440913e+00 3.113216695186151295e+00 3.010447764119161818e+00 2.963168830927240371e+00 2.982188592842144548e+00 3.042276984358074809e+00 3.051821090264028591e+00 3.063712652642965217e+00 3.075867217058828373e+00 3.102546747283298156e+00 3.084053604211961730e+00 3.050156739080461143e+00 3.031153484650424890e+00 3.021176507026187341e+00 3.043581908364488608e+00 3.058489929906253568e+00 3.086055301502752535e+00 3.116398708539947382e+00 3.178814023593735438e+00 3.224375390938953867e+00
2.980045401021150564e+00 2.840962689956004539e+00 2.747750875682274607e+00 2.703139464277332316e+00 2.704569527218348757e+00 2.760068105391698889e+00 2.758511301791338965e+00 2.790666094683378784e+00 2.818473978073622099e+00 2.852945493098065111e+00 2.854305648171185705e+00 2.829520643016047110e+00 2.807326446693564126e+00 2.799149944654892863e+00 2.817465318410329989e+00 2.820598579854998178e+00 2.853096996491427007e+00 2.886959940015591641e+00 2.979349465752256343e+00 3.094869641535341831e+00
2.893792034422577597e+00 2.763068937796163915e+00 2.637384077211585520e+00 2.542010450135720578e+00 2.495102314632741347e+00 2.507732814649786590e+00 2.492901592325142968e+00 2.512040951524481258e+00 2.523881953306656101e+00 2.546181147716157778e+00 2.534322452983190477e+00 2.514580293423364754e+00 2.523946497912973541e+00 2.526853910469378572e+00 2.560654536205987597e+00 2.564861100243013059e+00 2.569981240538985023e+00 2.585901047967059885e+00 2.659549315404204695e+00 2.830459622037100775e+00
2.560540913438857480e+00 2.433883895606482106e+00 2.372136095138217993e+00 2.281864273663690046e+00 2.228728424377577344e+00 2.223509547825971211e+00 2.203200305353536503e+00 2.205440185112587326e+00 2.222923521196089602e+00 2.246632304809268899e+00 2.249626096720253710e+00 2.233673697325537777e+00 2.244515857882179333e+00 2.258440769926600034e+00 2.270489508029533088e+00 2.280996505042322653e+00 2.281554649201829044e+00 2.280851681364519212e+00 2.311984206219487081e+00 2.440171363318001774e+00
1.879482438591926874e+00 1.798120719640946108e+00 1.781862670906675827e+00 1.748953964813588557e+00 1.734039553361835351e+00 1.721633899533102641e+00 1.699670625370214516e+00 1.715605364164553448e+00 1.736297828965112533e+00 1.749832587639828851e+00 1.758760786354137684e+00 1.739699486996259425e+00 1.731239064194009192e+00 1.717024883015013881e+00 1.716330789185297467e+00 1.710068877557385125e+00 1.722133199165293505e+00 1.744410842968476372e+00 1.801901587441038455e+00 1.976242477601496184e+00
1.611430146336403579e+00 1.338056667777077324e+00 1.287606434736210836e+00 1.270024078451073235e+00 1.279056288654681683e+00 1.291428958471551702e+00 1.291676666807453522e+00 1.300086748727686148e+00 1.326202056136562613e+00 1.345161208452939183e+00 1.357313136152204835e+00 1.350641646822887898e+00 1.358957112192151317e+00 1.358179314452977460e+00 1.355717756103400173e+00 1.338951687034735771e+00 1.342372138026506789e+00 1.373960943098956999e+00 1.432677102264761970e+00 1.432393265670455218e+00
8.999394523052994810e-01 7.746842359704345649e-01 7.739601058067001604e-01 7.809520311696318551e-01 7.791545004938357222e-01 7.824848160158121013e-01 7.877549568204034180e-01 7.970756917613333048e-01 8.106651732964529344e-01 8.219534982660143818e-01 8.287927997520161405e-01 8.308742444387774428e-01 8.335393557296791878e-01 8.324084420168917919e-01 8.456632918815925049e-01 8.322390215839713390e-01 8.322736880553373018e-01 8.503901937445063064e-01 8.657593717017715296e-01 8.026260280730097563e-01
6.336127043051849039e-01 4.820064856656757213e-01 4.811692427365884539e-01 4.776766137565587322e-01 4.811813556022654370e-01 4.869791007925524107e-01 4.904217438550295127e-01 4.970869833097704693e-01 5.227790981442024254e-01 5.299104033456566443e-01 5.442318483552216479e-01 5.372700290923314581e-01 5.394137390037927471e-01 5.460809956080192595e-01 5.493166618117387712e-01 5.492734406589981910e-01 5.521314857706918211e-01 5.475474302151690509e-01 5.298914202912123894e-01 4.673555444528367242e-01
