2.656288800206636935e+00
1.505003803481725022e+00
1.343250495280274848e+00
1.259559324432377725e+00
1.219910933704538403e+00
1.198790974380008922e+00
1.188943729610081768e+00
1.174038390165861312e+00
1.174860090079705488e+00
1.166250311788331162e+00
1.166248425013609369e+00
1.163287657656050911e+00
1.167387365242785080e+00
1.184660395552660228e+00
1.203304501672934235e+00
1.221038311940257248e+00
1.261465718792114110e+00
1.344312125185021189e+00
1.461351917338076012e+00
2.067712288597459924e+00
