0.000000000000000000e+00 0.000000000000000000e+00 0.000000000000000000e+00 0.000000000000000000e+00 0.000000000000000000e+00 0.000000000000000000e+00 0.000000000000000000e+00 0.000000000000000000e+00 0.000000000000000000e+00 0.000000000000000000e+00 0.000000000000000000e+00 0.000000000000000000e+00 0.000000000000000000e+00 0.000000000000000000e+00 0.000000000000000000e+00 0.000000000000000000e+00 0.000000000000000000e+00 0.000000000000000000e+00 0.000000000000000000e+00 0.000000000000000000e+00
0.000000000000000000e+00 0.000000000000000000e+00 0.000000000000000000e+00 0.000000000000000000e+00 0.000000000000000000e+00 0.000000000000000000e+00 0.000000000000000000e+00 0.000000000000000000e+00 0.000000000000000000e+00 0.000000000000000000e+00 0.000000000000000000e+00 0.000000000000000000e+00 0.000000000000000000e+00 0.000000000000000000e+00 0.000000000000000000e+00 0.000000000000000000e+00 0.000000000000000000e+00 0.000000000000000000e+00 0.000000000000000000e+00 0.000000000000000000e+00
0.000000000000000000e+00 0.000000000000000000e+00 0.000000000000000000e+00 0.000000000000000000e+00 0.000000000000000000e+00 0.000000000000000000e+00 0.000000000000000000e+00 0.000000000000000000e+00 0.000000000000000000e+00 0.000000000000000000e+00 0.000000000000000000e+00 0.000000000000000000e+00 0.000000000000000000e+00 0.000000000000000000e+00 0.000000000000000000e+00 0.000000000000000000e+00 0.000000000000000000e+00 0.000000000000000000e+00 0.000000000000000000e+00 0.000000000000000000e+00
0.000000000000000000e+00 0.000000000000000000e+00 0.000000000000000000e+00 0.000000000000000000e+00 0.000000000000000000e+00 0.000000000000000000e+00 0.000000000000000000e+00 0.000000000000000000e+00 0.000000000000000000e+00 0.000000000000000000e+00 0.000000000000000000e+00 0.000000000000000000e+00 0.000000000000000000e+00 0.000000000000000000e+00 0.000000000000000000e+00 0.000000000000000000e+00 0.000000000000000000e+00 0.000000000000000000e+00 0.000000000000000000e+00 0.000000000000000000e+00
1.228205055123886137e-12 4.485411173614526839e-12 6.611901157329044779e-12 5.351706511564651299e-09 8.256709331980092794e-12 8.522263180999581669e-12 8.297734623348368985e-12 8.293235026910776175e-12 8.085011970780509718e-12 7.947060304986332012e-12 7.936784647252987199e-12 7.719196114241172622e-12 7.531913842563903337e-12 7.369065666812041786e-12 7.466931553050550472e-12 6.569042876374901497e-12 5.332948025589703724e-12 4.222398339795256272e-12 3.136957043829112176e-12 1.357538823144833025e-12
5.366842793648445786e-12 1.706105585703416059e-11 2.167098201608989890e-09 9.741962362661153251e-09 2.843742119457256068e-09 3.054542472511356448e-11 2.980448692173895777e-11 2.999308026670193071e-11 2.946676619631371190e-11 2.904757195413616631e-11 2.899311412244167112e-11 2.837518783441672097e-11 8.453545347838838861e-10 2.741694065653238148e-11 1.537344235511749486e-09 2.473071882748119811e-11 4.175853611781127441e-09 1.648080020559580972e-11 1.295627272815364309e-11 6.857555832637906812e-12
2.285630393488922584e-11 5.750824027606697563e-11 8.439857545194116929e-09 1.602313272233712394e-08 1.130763073655461754e-08 9.852335782633240854e-11 9.752825222579259396e-11 9.923482482321036101e-11 9.847091441393661828e-11 9.885947404682951378e-11 9.905495526097476651e-11 9.871024996132893455e-11 5.379843951615443951e-09 9.911538587369544151e-11 4.722918514564269134e-09 8.637117931501852418e-11 1.537744800726740689e-08 2.678240828738586606e-09 4.481983545374069207e-11 2.612121063298663186e-11
5.210249695049968337e-11 1.115844562543439418e-10 1.189049747356500569e-08 2.388100572070473512e-08 1.784723319809741758e-08 4.544655324862976765e-09 1.942555617997334929e-10 4.902585919357232838e-09 1.996886363455888206e-10 2.037444977183914634e-10 2.058393149289520441e-10 2.078325675652854950e-10 6.843926574101102938e-09 2.147016325185795118e-10 3.593329586423254975e-09 1.817310929510899281e-10 2.718612648061657249e-08 1.400219967946309332e-08 8.618180264275283649e-11 4.977686216564214819e-11
7.267392765624217971e-11 9.292087670596100548e-10 1.030038382176141082e-08 2.059822015899534440e-08 2.035093427790508465e-08 8.766893800170233025e-09 3.478295590597860167e-10 1.419675068124650322e-08 2.607101572825578442e-10 2.684799369271337073e-10 2.732752275706440677e-10 2.141950256898656229e-09 4.093661498795497403e-09 2.655462578324549148e-09 2.113853472329633473e-09 1.779758087295595062e-09 4.183944924235902504e-08 2.039611777786182509e-08 2.139786884449050346e-09 5.971849354861323772e-11
3.823575918812283790e-09 3.573098638814306631e-09 1.335728317058055327e-08 2.501401362353355897e-08 1.658664983857659268e-08 9.455105921180313588e-09 7.358262376385513583e-09 2.831706609753195869e-08 4.715730607498110179e-09 7.217497511028165667e-10 5.212956768150181830e-09 4.804285835287266507e-09 5.053050951709203643e-09 1.173999453156098311e-08 5.588412071971094117e-09 1.413578123111828125e-08 4.474471570401539775e-08 9.049920062036467352e-09 8.179691193621560954e-09 8.398933707115099772e-11
4.640120992094930735e-08 3.880841508721038231e-08 3.486063781517379848e-08 4.139876216726824409e-08 1.472273261858086348e-08 1.762394697154900951e-08 1.127788301281560277e-08 4.424871105268985511e-08 3.063058080405525974e-08 1.370520555019396672e-08 2.167231973114792746e-08 1.599984935098070711e-08 2.387466840982161227e-08 1.698950265388733170e-08 2.107723677913028289e-08 1.821925407951354450e-08 5.916080162677666935e-08 1.671130085170259313e-08 7.141756918753858494e-09 1.494909095518725129e-09
1.603897717437013188e-07 1.135582640156338806e-07 8.502783692676606385e-08 8.156549345668071638e-08 5.759185377981995638e-08 4.832814428595034958e-08 3.613167900592260901e-08 7.579167167200443371e-08 6.451317437668366389e-08 4.419900758516143201e-08 5.997929461122032968e-08 4.525034742326870952e-08 5.109136590341450218e-08 5.546992364856356385e-08 4.938955120752700286e-08 4.307697400305851109e-08 8.578342284520545062e-08 4.086093926622955070e-08 3.178174053752233332e-08 1.380723328405265501e-08
3.276128289833875649e-07 3.625332859462917184e-07 4.211426058827004965e-07 3.181047785342076299e-07 2.569083226357145754e-07 1.987802787107129336e-07 1.724798778206554384e-07 1.703870642319259287e-07 1.636467004159700254e-07 1.477154999228378761e-07 1.931421237361835118e-07 1.600112954311141481e-07 1.546916241086187198e-07 1.570884758105510920e-07 1.379081253540004498e-07 1.156418391733626129e-07 3.749570036663973460e-07 2.388088757637479573e-07 1.167846492286271697e-07 6.096271261683731999e-08
9.664642902346004233e-07 1.180594740230929293e-06 1.202925179666517435e-06 9.674034108062232460e-07 8.413657641492390616e-07 7.387074537876384153e-07 6.788954197497379551e-07 6.333811357596226533e-07 5.813000176143012278e-07 5.820375058082734522e-07 5.742267949743138796e-07 5.169665140109919037e-07 4.983784478349392469e-07 4.518749195290004896e-07 4.525303666132395128e-07 4.785916193351914209e-07 1.064465193496156307e-06 9.036604930332383884e-07 6.821039342657580463e-07 4.605740074160075044e-07
3.435563619368451324e-06 3.137104437368549013e-06 2.827450780824398322e-06 2.385868851724579171e-06 2.241655054731126946e-06 2.220836787094789887e-06 2.262275271919607263e-06 2.150577178110148811e-06 1.955391098422404373e-06 1.913537710431613446e-06 1.792291858426806436e-06 1.729880303939931038e-06 1.719396761491388807e-06 1.595184240549912420e-06 1.664336498335791324e-06 1.637078698585096036e-06 2.215158565203084117e-06 2.220385807068992345e-06 2.080424169786163385e-06 2.362002475870303251e-06
9.405404054372717653e-06 7.155361226766806100e-06 5.815429888899677150e-06 5.022883795403313459e-06 4.824211214089549733e-06 4.974249587738796689e-06 5.172378647968202665e-06 5.006964931293604102e-06 4.714089327911776157e-06 4.586219406860023585e-06 4.343901612076678032e-06 4.305182306123725112e-06 4.261141467480961745e-06 4.112822926503642592e-06 4.341861871253798342e-06 4.148589818832002018e-06 4.525523757944627883e-06 4.899513540055450000e-06 5.152517141199100636e-06 6.248841846662503183e-06
1.770382692905135685e-05 1.272460781639381493e-05 9.867878383734541930e-06 8.661730168690640774e-06 8.508974013354777042e-06 8.928663625259013604e-06 9.294215063552420486e-06 9.028196106599035544e-06 8.620644150072283627e-06 8.456372165878499987e-06 8.119283701355794900e-06 8.047186203833204963e-06 7.846556393945360844e-06 7.649388940715635361e-06 8.064823976610696355e-06 7.676606372868721376e-06 8.012589469490103398e-06 8.805055007712656820e-06 9.820157236553490187e-06 1.210676176960528846e-05
2.668852647818537746e-05 1.878617232104206163e-05 1.449796279348445283e-05 1.303191782791971270e-05 1.283289949852603125e-05 1.346606990131152146e-05 1.400225721873549162e-05 1.364341371427162661e-05 1.299651362164355886e-05 1.286862664958763961e-05 1.247473121873673711e-05 1.228021255128563822e-05 1.186628467743426236e-05 1.156993262067474065e-05 1.217878083654117159e-05 1.166504070251994330e-05 1.215421278916906454e-05 1.346173563033838297e-05 1.537301100629615865e-05 1.906117269533754208e-05
3.523722263688924556e-05 2.469127474545210511e-05 1.915745191755219425e-05 1.754113186356380348e-05 1.728186818207816893e-05 1.804182769282831338e-05 1.871649691868390998e-05 1.827251236751144234e-05 1.743942000309461028e-05 1.736212427753808365e-05 1.689558151972539229e-05 1.656940802941396737e-05 1.593690400017182650e-05 1.553667978918511577e-05 1.633399397211650214e-05 1.570556028971417019e-05 1.618541524564913662e-05 1.818432413898730563e-05 2.101226164062522652e-05 2.611744947562874835e-05
4.258751392062338044e-05 3.004943911686730481e-05 2.355564972151519984e-05 2.175337453833836904e-05 2.143061874573181188e-05 2.229246950218628724e-05 2.298860395775609831e-05 2.244475003476428083e-05 2.145606998077322357e-05 2.140482000941217944e-05 2.083612440415001153e-05 2.042655211314291442e-05 1.960346501685605443e-05 1.911780640466381897e-05 2.008189892244907068e-05 1.935083388667577112e-05 1.969020365856351693e-05 2.242402176121696453e-05 2.611929677700083730e-05 3.255218524373676848e-05
4.833346456543836402e-05 3.465811395614280008e-05 2.753720500159000440e-05 2.561194699042132768e-05 2.519016420238142252e-05 2.606263948057318909e-05 2.665176149973115093e-05 2.603787873953285174e-05 2.497159232197700794e-05 2.493104538840238611e-05 2.426191050929648913e-05 2.377314218356552715e-05 2.285284550975339493e-05 2.234386411704303248e-05 2.344838877379636563e-05 2.268505640481005288e-05 2.262624204341838222e-05 2.576446630756091310e-05 3.039372755251708487e-05 3.792368346336980506e-05
5.125968491499215845e-05 3.783612462935369346e-05 3.066168370269954782e-05 2.864499309143498932e-05 2.814831665844750233e-05 2.882199734078276900e-05 2.921942914743871149e-05 2.859881022044456176e-05 2.738657240794524985e-05 2.744427471504207958e-05 2.680972143412570623e-05 2.639422830858762005e-05 2.528920600202310242e-05 2.484255952092730507e-05 2.583292753868157880e-05 2.525453793016589176e-05 2.551170273949930975e-05 2.870622260552282035e-05 3.349426349660496215e-05 4.170812238151041048e-05
4.899169208817389227e-05 3.718080141964663513e-05 3.174613755301027978e-05 3.021098275365885748e-05 2.968595054946719978e-05 3.020425578034193525e-05 3.044100067017375410e-05 2.994604183493204119e-05 2.843873707846253268e-05 2.879469163290019858e-05 2.806308953748378661e-05 2.742417139534619215e-05 2.641027506028067364e-05 2.601756822147369678e-05 2.694621931083245338e-05 2.685022783458016672e-05 2.757936296895067006e-05 3.054317952793121957e-05 3.574377993692788726e-05 4.254842952581097578e-05
4.692950431682870588e-05 3.668036708423445022e-05 3.268702122757005636e-05 3.159026153923970195e-05 3.111252549404532156e-05 3.148689249594902886e-05 3.161531049560426567e-05 3.137124154508328012e-05 2.989895624173438977e-05 3.026473582991649934e-05 2.948244244539606891e-05 2.904237269775702588e-05 2.828716873751639657e-05 2.819328544188103448e-05 2.906326802468988134e-05 2.925838635389293963e-05 2.977239422072444988e-05 3.191903708274449212e-05 3.633862841595059367e-05 4.181052281045066060e-05
4.783932149014070252e-05 3.973678117274636256e-05 3.685975896078538680e-05 3.569951047594030496e-05 3.515425358027313553e-05 3.515473152917497943e-05 3.534902486819197480e-05 3.533474684352529388e-05 3.394094920725717788e-05 3.419313502370645866e-05 3.373125071550724666e-05 3.340635791985332000e-05 3.316359350302777108e-05 3.322841756454420847e-05 3.399792963752018245e-05 3.429780352036957883e-05 3.460882617179878416e-05 3.629134381301177433e-05 3.944304181117710793e-05 4.388138821392808132e-05
4.653887980244431142e-05 4.162495674081312684e-05 3.970764879517083809e-05 3.909627841120852268e-05 3.835808864528783427e-05 3.816534635608709227e-05 3.824132550898536178e-05 3.840163133026511201e-05 3.816882584265203992e-05 3.818898631745013195e-05 3.806498488606417652e-05 3.789384505287256505e-05 3.803131424744815424e-05 3.841168206134924209e-05 3.899242507515855271e-05 3.965758175860309307e-05 4.036287769022588802e-05 4.176182132737472533e-05 4.411566240616008873e-05 4.821772838584059798e-05
5.861853061870801653e-05 5.424527108682876587e-05 5.287759008288421629e-05 5.195920682876953989e-05 5.112724561941929427e-05 5.115878627507456343e-05 5.118420199959484968e-05 5.138909043997255346e-05 5.134796054625748461e-05 5.145002666551931083e-05 5.138567303933441890e-05 5.149637639286712664e-05 5.167014148487901384e-05 5.180489894434864778e-05 5.253735371880574639e-05 5.305375836593264152e-05 5.391826247166046210e-05 5.604943867155764764e-05 5.801372448471649689e-05 6.344413898015236256e-05
6.495163574104176882e-05 6.243610044094924187e-05 6.158376828801264617e-05 6.089250164365033103e-05 6.021491899125681451e-05 6.025139993127764590e-05 6.012372170551831161e-05 6.045461708832356303e-05 6.054591510690585804e-05 6.056675143589469821e-05 6.063171432828765869e-05 6.087602875106891312e-05 6.125168447791025080e-05 6.157150458833923507e-05 6.237396263526577816e-05 6.270341910635152431e-05 6.367141634917312238e-05 6.540045297004933153e-05 6.679888537450241141e-05 7.230073672486964987e-05
6.705186053032240678e-05 6.787561229220232862e-05 6.709194522444942319e-05 6.662411234441918597e-05 6.616527662106695511e-05 6.641643831367834410e-05 6.625720554343993379e-05 6.686762557963988392e-05 6.680896605723517213e-05 6.655261361308473689e-05 6.671125422147501280e-05 6.673936305338221066e-05 6.718087736989597741e-05 6.744271504999300765e-05 6.849342181320534613e-05 6.884114993451541939e-05 6.930637874731082073e-05 6.998449832623834636e-05 6.995710325252738569e-05 7.346549839868095713e-05
6.319179974396104944e-05 6.857403192947615059e-05 6.777936457003865716e-05 6.790836746957339370e-05 6.787548809054868746e-05 6.831147835373874437e-05 6.841829872284589241e-05 6.948717368947070466e-05 6.877780245132721093e-05 6.832574756980337738e-05 6.868190136424722684e-05 6.860161365721945657e-05 6.892755322794044074e-05 6.930249375289560638e-05 6.982143404279710032e-05 6.979709360525066246e-05 6.989695519797918121e-05 6.942212152407578271e-05 6.744884698984332852e-05 6.776832969697435787e-05
5.673306151095760988e-05 6.502914745749357984e-05 6.448127612126591552e-05 6.465806183619960269e-05 6.468105739124042767e-05 6.554065519371507747e-05 6.617703510734557898e-05 6.676282063491202981e-05 6.573414620205930692e-05 6.474258300143340941e-05 6.498382441900644850e-05 6.454823179188561824e-05 6.510449649315226065e-05 6.543669060779871917e-05 6.555486016749689814e-05 6.530479579958709967e-05 6.480349603264485940e-05 6.321896325564555267e-05 6.036050814951952410e-05 5.748497726535978930e-05
4.652920091999728858e-05 5.937740541433203311e-05 5.891507530957014504e-05 5.930636420196129120e-05 5.916037028755630981e-05 5.981705956590954400e-05 6.091310922283953779e-05 6.110846422618285655e-05 5.962350475077596074e-05 5.840592129446887644e-05 5.873031605349515136e-05 5.837450786761198612e-05 5.896057678137601532e-05 5.867781608446385506e-05 5.871315490749125172e-05 5.846310823821094827e-05 5.766601214067630182e-05 5.549355027098400357e-05 5.269166618037001744e-05 4.486601421053387984e-05
2.363999826029076679e-05 3.725430283511508412e-05 3.890137905397515777e-05 3.904471147631862968e-05 3.841774230095966751e-05 3.913866562199329763e-05 4.000656025203800910e-05 3.903882503998644480e-05 3.805175332947296547e-05 3.721737295609553112e-05 3.699693127517586760e-05 3.687760294548593086e-05 3.747755658782143929e-05 3.758805400406535935e-05 3.695665926715971345e-05 3.579834022973426330e-05 3.542695269442085290e-05 3.369283097149526965e-05 3.092473652899396699e-05 2.335161623095892089e-05
1.514403002232666168e-05 2.438153732795300845e-05 2.555698203008797251e-05 2.582513125155770878e-05 2.463405773364763722e-05 2.548037142216161210e-05 2.572552434140224547e-05 2.544326494013559925e-05 2.467626523215736564e-05 2.433371719865616548e-05 2.388752233810182514e-05 2.379324686309583983e-05 2.418125999935040259e-05 2.405173057899135403e-05 2.336699335944820516e-05 2.274493876131426364e-05 2.199892226630486544e-05 2.038430174552308911e-05 1.810533194198683048e-05 1.367480601810305886e-05
1.122440487335868018e-05 1.835604831586428798e-05 1.914040713950382908e-05 1.813984476714550822e-05 1.677046288628352992e-05 1.763257610944898168e-05 1.733514356194087847e-05 1.739968956225709787e-05 1.699746407903436680e-05 1.615792290623328282e-05 1.600744214729193154e-05 1.620251984835592948e-05 1.693879424920296278e-05 1.679409508926757447e-05 1.651341020961584062e-05 1.606717077243249454e-05 1.534811633682972259e-05 1.411097353741825821e-05 1.194573394623650593e-05 8.772040486010951866e-06
8.280004861276539402e-06 1.408063346888659128e-05 1.499323871271359954e-05 1.397758177396763738e-05 1.271619390368783302e-05 1.325367479762017275e-05 1.273760553420078131e-05 1.237368308957453034e-05 1.225828860387574257e-05 1.147557545509143327e-05 1.130904835353547985e-05 1.179980978188888473e-05 1.222543945805732853e-05 1.259709624054879939e-05 1.190290677844888492e-05 1.204184449046809654e-05 1.127947189878585735e-05 1.009566947127733179e-05 8.345667962400911730e-06 6.069187000998280543e-06
5.831424718684848866e-06 1.059190952060909291e-05 1.161776892212323111e-05 1.077381079347069256e-05 9.943436708690110904e-06 1.018116746387788639e-05 9.527574805219544198e-06 9.520996354398098807e-06 9.370698035929448075e-06 9.083168100391029824e-06 8.939361386105518093e-06 9.213545835352751422e-06 9.352363718380391820e-06 9.742308529265281198e-06 9.215783599017008672e-06 9.077356174100012734e-06 8.952619672381221418e-06 7.811677876116339021e-06 6.319407511043081621e-06 4.227002414680068361e-06
4.209658432082216929e-06 7.550044023928124338e-06 8.506523722164204188e-06 7.938459344764786264e-06 7.366440194259908044e-06 7.537698354782976520e-06 7.135644957262650780e-06 7.365091803162965776e-06 7.045330127971588965e-06 6.908605929840421885e-06 6.896216755714595152e-06 7.107136381552372043e-06 7.171625884344524254e-06 7.725776884886574356e-06 7.354655019771677149e-06 7.143169970381884568e-06 7.119772698134454477e-06 6.059862147931933820e-06 4.852120862813539747e-06 2.964827741424360666e-06
2.846957940305440838e-06 5.047110647726858989e-06 5.972929405361178093e-06 5.529100480469170887e-06 5.428016932406538086e-06 5.560409572816077011e-06 5.184476955309679083e-06 5.392690688551686267e-06 5.441203597948026291e-06 5.090817830952608951e-06 5.182930871380910537e-06 5.340389225682960891e-06 5.265446298862705215e-06 5.756404704171573061e-06 5.649196444284650789e-06 5.226123088313671262e-06 5.480155206260061977e-06 4.642193461896494689e-06 3.576050909908981613e-06 2.267080036533049554e-06
1.515980228046512306e-06 3.210238676223261255e-06 3.737097387192131766e-06 3.570867754262977582e-06 3.925304841133426762e-06 3.896995960650538116e-06 3.600071426316312126e-06 3.922420632220591318e-06 3.890978161299943232e-06 3.612053735264883400e-06 3.706554223950794351e-06 4.011041398734247802e-06 3.967480883751767074e-06 4.329502938204556842e-06 4.248513290578884121e-06 3.794668272867308755e-06 4.238114255734706069e-06 3.491367972843463561e-06 2.748489834491602884e-06 1.798088319858001884e-06
1.175786777145706426e-06 2.376217348704465490e-06 2.601928010834845613e-06 2.603829910149513420e-06 2.706965002405496669e-06 2.702334110921736395e-06 2.556513804532085870e-06 2.692419672367305719e-06 2.459692113728763020e-06 2.453342674439704844e-06 2.353293612364339891e-06 2.779545274945281927e-06 2.592839805960744847e-06 3.008861311536270167e-06 2.810548176702512906e-06 2.587460218697718515e-06 3.155852670897380774e-06 2.648735799339721722e-06 1.844181368753211157e-06 1.208036018000675420e-06
7.282015895694753013e-07 1.660677457732132192e-06 1.902197940360791479e-06 2.148535056148425113e-06 1.915800761166572467e-06 1.908051658226873720e-06 1.838657465538464182e-06 1.854676366531378531e-06 1.670405562628264224e-06 1.736786759573664259e-06 1.603183519433488374e-06 1.744451419610190087e-06 1.717865524034229216e-06 2.025755146089523200e-06 1.783849877365871811e-06 1.720069558520578992e-06 2.232430769083077544e-06 1.960468508959872790e-06 1.169024100507142467e-06 7.380822961202569928e-07
2.077440449834331358e-07 9.627840692877055793e-07 1.427856444546637682e-06 1.732697066839150772e-06 1.416971234543760839e-06 1.461535983811051289e-06 1.474918623766162433e-06 1.445692954510684680e-06 1.241309940706319318e-06 1.214702153489138094e-06 1.179795728977037765e-06 1.187797341377850887e-06 1.081403444316767593e-06 1.241891178618945500e-06 1.102621409539196702e-06 1.112218190415000869e-06 1.538164556486180302e-06 1.536465814478909784e-06 1.012707995872386920e-06 7.551247591224781117e-07
1.822480591851320282e-07 6.123418285718699033e-07 1.281582368468310678e-06 1.518555390212225078e-06 1.202229689265512135e-06 1.239296730944152616e-06 1.290970776705545498e-06 1.166419014736889556e-06 1.028417747101738265e-06 9.192408173765013443e-07 1.040732861398673134e-06 1.054530830963512736e-06 9.901407231322570740e-07 9.697156257126012372e-07 1.046716051608030068e-06 1.002059276661355684e-06 1.076290979452267487e-06 1.617044111601715652e-06 1.377002744413612233e-06 2.359033618582467676e-06
3.068892166575723022e-07 5.565934253077032135e-07 1.214847196842289876e-06 1.375066566672740276e-06 1.167208048101044460e-06 1.163016240096904130e-06 1.228442653030375868e-06 1.247395970910082379e-06 1.100447307859635165e-06 9.347704926881194383e-07 1.085401946386496564e-06 1.201768552644108346e-06 1.232447341983694028e-06 1.159213575787303638e-06 1.319119995804896451e-06 1.294229387120887711e-06 1.473178085811980555e-06 2.169823142411358850e-06 2.447915684857722112e-06 4.449956058106129217e-06
5.253931684481390586e-07 6.605579181588399577e-07 1.218387158478799410e-06 1.437503946864294971e-06 1.235312934499884081e-06 1.235355132611104561e-06 1.310109421088830821e-06 1.573658585318081703e-06 1.406681880965780757e-06 1.251208206510959810e-06 1.364505987464296063e-06 1.493523864121144065e-06 1.609975040947290230e-06 1.588867329011648938e-06 1.725339702625508044e-06 1.770744143557457562e-06 1.941266810126297311e-06 3.476584637592251319e-06 3.965328828543747648e-06 5.794799655746280179e-06
1.062313637681020630e-06 1.431320044516958854e-06 1.862586031024294182e-06 2.103153137881996542e-06 1.978187856278147368e-06 2.255683630916236782e-06 2.278590837830295778e-06 2.862837476112241958e-06 2.583838810894494432e-06 2.406258228703451366e-06 2.384213906566207029e-06 2.514318402033234031e-06 2.600734124815256982e-06 2.633989138361523284e-06 2.915218268976345488e-06 3.274141745619490085e-06 3.607511095550564100e-06 4.933014473820534705e-06 5.318967843345292716e-06 6.807218080947426854e-06
3.783703842646074851e-06 4.117950062656409570e-06 4.646019341660030764e-06 4.343713364692490307e-06 4.647450957486212846e-06 5.500589640956488253e-06 5.119658620581859658e-06 6.694014733105377425e-06 6.094160187777571720e-06 5.867315370698510152e-06 5.636925379674919271e-06 5.327447741799732385e-06 5.237494190813695989e-06 5.179916516704332816e-06 5.525165378077813990e-06 5.807819483002769116e-06 6.727560128893208914e-06 7.727862710555502622e-06 8.876908190702071665e-06 1.124321088799677523e-05
3.725929671934530111e-06 3.438847074174407776e-06 3.931689181362437368e-06 4.182831994183285874e-06 4.196019413422016534e-06 4.483078966719780270e-06 4.519825097814026823e-06 5.376817823495705583e-06 5.175527099280298430e-06 5.130833770121865559e-06 4.934058375767669560e-06 5.162891478989157398e-06 5.376621296270741027e-06 4.708535548581216742e-06 4.919065120985515787e-06 4.996860321417477047e-06 5.069288915635413227e-06 5.747907722535550463e-06 6.253694230028146457e-06 8.000346493340090788e-06
9.203622361051598254e-06 8.810649040559155238e-06 9.166303992190310402e-06 8.511502951872595515e-06 8.469484018013485841e-06 8.892950632878097758e-06 8.219900922795543954e-06 7.660224664301784760e-06 7.553405088469652029e-06 7.096059064608133520e-06 7.199625283391801850e-06 7.505920895174550288e-06 7.446376472364765175e-06 7.903025294042897173e-06 7.669074099980814326e-06 6.469483764324809641e-06 6.948994015356987835e-06 7.743666224097765763e-06 8.642105570290305617e-06 9.250346217744118040e-06
9.814147866717811691e-06 7.596705250786491085e-06 8.800567917303825263e-06 8.913152272328161884e-06 8.129615161852815955e-06 9.470172061875541279e-06 9.609573688990846144e-06 8.672953235536345171e-06 8.331316052849781952e-06 8.718214886222234997e-06 8.754065713985986370e-06 8.738125844428261949e-06 8.656083304605921219e-06 8.342356605163649285e-06 7.742115867850824288e-06 7.907116269130054820e-06 8.531153060293394564e-06 1.024644607089462635e-05 1.007600086611014322e-05 1.011210235544913614e-05
6.136344706223344992e-06 6.280353334831885837e-06 7.431415161981833957e-06 8.067323627253343405e-06 8.910213621091967460e-06 9.536336346237587653e-06 1.081959457597389566e-05 1.021248334836814021e-05 9.001499003419596411e-06 8.443604504071296633e-06 8.063163864465323837e-06 7.993356526003872259e-06 7.742092053238703870e-06 7.686534900033792361e-06 7.580364990209528568e-06 7.507846656447309819e-06 7.884196024517164245e-06 8.161991694759070795e-06 9.052719428264238192e-06 1.048173375025929773e-05
3.988470647471726145e-06 4.184758831108199559e-06 4.761359966994713667e-06 5.251636944662188348e-06 5.852203029881387263e-06 6.362153785301320333e-06 7.003593092958306066e-06 7.159752053587907008e-06 6.787769434368103920e-06 6.887052892913329681e-06 7.081897120711364151e-06 6.881182181370656453e-06 6.870441201610408536e-06 6.729691899584083921e-06 6.451774419273444533e-06 6.464927162944006139e-06 6.630746008281167423e-06 7.330600395133312411e-06 9.029415527211232651e-06 1.019130325204846351e-05
3.668526152381526621e-06 3.238187955825064096e-06 3.344245132293380365e-06 4.250495230479986531e-06 4.359892540963048517e-06 4.641998266351889719e-06 5.256112827735153876e-06 5.382230018315989188e-06 5.391551002977475283e-06 5.244183814981022188e-06 5.187042946780116700e-06 5.102133520883559838e-06 5.292534525372963352e-06 4.968548928381687850e-06 4.470906670419037040e-06 4.772210867224371779e-06 5.278799640253061825e-06 5.328284294098776188e-06 5.300120219744308235e-06 7.247991888539838773e-06
1.586930692327869254e-06 1.703411334386154803e-06 2.006544571088571884e-06 1.933941383025981577e-06 2.083340575552617358e-06 2.641593501952262682e-06 3.019418116649279040e-06 3.079396960410881379e-06 3.025856303904847711e-06 3.115019324934279074e-06 3.152088844851041153e-06 3.151841410453991572e-06 3.203556362660435837e-06 3.340040655283479888e-06 2.970222428975639651e-06 2.022680455371455354e-06 2.035729802695265132e-06 2.169625746279129921e-06 2.125911610017106915e-06 3.408938570217970408e-06
2.122926403992184318e-07 5.880025452587722100e-07 8.239536769056567958e-07 6.492698192170809604e-07 6.576526659575074264e-07 7.643771139232282484e-07 7.987621825276534713e-07 6.855742744249962499e-07 6.962742703189867367e-07 7.347876310899959402e-07 7.348644439323240042e-07 7.727379229063280616e-07 8.281361524118944606e-07 7.872862774909523121e-07 8.785159536496292635e-07 1.056641158830446543e-06 1.115203056080605139e-06 1.226164961014669405e-06 7.416081183090163966e-07 9.212087968905359258e-07
8.045209297567549469e-08 1.170183187000407933e-07 1.640513822292770755e-07 1.836701228292916523e-07 1.826491574466845158e-07 2.626684417979609586e-07 2.620445472434674043e-07 2.104863768052723804e-07 2.664685046798536866e-07 2.716106273375295331e-07 2.139016265807136110e-07 2.339729643476827804e-07 2.023923839845315572e-07 1.892215908657509926e-07 1.742484805349926075e-07 2.377871285588078828e-07 2.387117525446895138e-07 2.783867906680526579e-07 2.357576744764988555e-07 2.472587000086249670e-07
1.430635602713989203e-08 6.156094354791887530e-08 6.102333174923427123e-08 8.892069794524589338e-08 8.717178084335015785e-08 7.524698947649278467e-08 7.681182289139182715e-08 6.427354608339042465e-08 6.969007904134717817e-08 7.504671856593299982e-08 7.902477075857109672e-08 7.847383830139054837e-08 7.481184455623828952e-08 3.924104534006947261e-08 4.319976167910815885e-08 5.278360986759556785e-08 5.064110669315926521e-08 6.064382750708227396e-08 9.922068341440348478e-08 6.995268447930355541e-08
3.893397416839349498e-10 1.580274227077937324e-08 1.308402604521604470e-08 1.094067692099243583e-08 1.490987849641038205e-08 1.126017218061620013e-08 9.218186166955550681e-09 8.100659589652759564e-09 1.182549268612835308e-08 1.210095376748202676e-08 1.350645866953489431e-08 1.791927297827341715e-08 1.774816363711968073e-08 8.701576253460020915e-09 7.424607711595101179e-09 1.243044621373949753e-08 9.999441490662620656e-09 7.130433591364611666e-09 1.090176345236948250e-08 6.876761235051615617e-09
1.119745148480168835e-09 1.067553479103286888e-09 3.135058169850765185e-10 2.026989633741104701e-09 5.943747552454823613e-11 2.087536712766690471e-09 3.365236291277576392e-09 2.519937514516051861e-09 3.522020890496844937e-10 2.534421906497238815e-09 2.782263556315777260e-09 2.080515055010803147e-09 3.723907856032502014e-09 2.593681672220114586e-09 1.192409691420166629e-09 5.134168578407202670e-09 9.518750852645912445e-10 1.283907729355976392e-09 2.107546780080635586e-09 1.512798362978236418e-10
2.335654661999026263e-09 2.838409577048355486e-11 3.685895642975855641e-10 1.837294563149960426e-11 1.807003157680285145e-11 1.654710868756614598e-11 1.608570911947057551e-11 1.432476838607664233e-11 1.467101337594864736e-11 1.454709088882091744e-11 1.284098979402602132e-11 1.329325141314337136e-11 1.232075674345724030e-11 1.120593475745192959e-11 1.135996355368683610e-11 1.116769254703330815e-11 1.007504903098136705e-11 9.489402194435732112e-12 9.985540329915395648e-12 1.063409618431922671e-11
0.000000000000000000e+00 0.000000000000000000e+00 0.000000000000000000e+00 0.000000000000000000e+00 0.000000000000000000e+00 0.000000000000000000e+00 0.000000000000000000e+00 0.000000000000000000e+00 0.000000000000000000e+00 0.000000000000000000e+00 0.000000000000000000e+00 0.000000000000000000e+00 0.000000000000000000e+00 0.000000000000000000e+00 0.000000000000000000e+00 0.000000000000000000e+00 0.000000000000000000e+00 0.000000000000000000e+00 0.000000000000000000e+00 0.000000000000000000e+00
0.000000000000000000e+00 0.000000000000000000e+00 0.000000000000000000e+00 0.000000000000000000e+00 0.000000000000000000e+00 0.000000000000000000e+00 0.000000000000000000e+00 0.000000000000000000e+00 0.000000000000000000e+00 0.000000000000000000e+00 0.000000000000000000e+00 0.000000000000000000e+00 0.000000000000000000e+00 0.000000000000000000e+00 0.000000000000000000e+00 0.000000000000000000e+00 0.000000000000000000e+00 0.000000000000000000e+00 0.000000000000000000e+00 0.000000000000000000e+00
0.000000000000000000e+00 0.000000000000000000e+00 0.000000000000000000e+00 0.000000000000000000e+00 0.000000000000000000e+00 0.000000000000000000e+00 0.000000000000000000e+00 0.000000000000000000e+00 0.000000000000000000e+00 0.000000000000000000e+00 0.000000000000000000e+00 0.000000000000000000e+00 0.000000000000000000e+00 0.000000000000000000e+00 0.000000000000000000e+00 0.000000000000000000e+00 0.000000000000000000e+00 0.000000000000000000e+00 0.000000000000000000e+00 0.000000000000000000e+00
0.000000000000000000e+00 0.000000000000000000e+00 0.000000000000000000e+00 0.000000000000000000e+00 0.000000000000000000e+00 0.000000000000000000e+00 0.000000000000000000e+00 0.000000000000000000e+00 0.000000000000000000e+00 0.000000000000000000e+00 0.000000000000000000e+00 0.000000000000000000e+00 0.000000000000000000e+00 0.000000000000000000e+00 0.000000000000000000e+00 0.000000000000000000e+00 0.000000000000000000e+00 0.000000000000000000e+00 0.000000000000000000e+00 0.000000000000000000e+00
0.000000000000000000e+00 0.000000000000000000e+00 0.000000000000000000e+00 0.000000000000000000e+00 0.000000000000000000e+00 0.000000000000000000e+00 0.000000000000000000e+00 0.000000000000000000e+00 0.000000000000000000e+00 0.000000000000000000e+00 0.000000000000000000e+00 0.000000000000000000e+00 0.000000000000000000e+00 0.000000000000000000e+00 0.000000000000000000e+00 0.000000000000000000e+00 0.000000000000000000e+00 0.000000000000000000e+00 0.000000000000000000e+00 0.000000000000000000e+00
0.000000000000000000e+00 0.000000000000000000e+00 0.000000000000000000e+00 0.000000000000000000e+00 0.000000000000000000e+00 0.000000000000000000e+00 0.000000000000000000e+00 0.000000000000000000e+00 0.000000000000000000e+00 0.000000000000000000e+00 0.000000000000000000e+00 0.000000000000000000e+00 0.000000000000000000e+00 0.000000000000000000e+00 0.000000000000000000e+00 0.000000000000000000e+00 0.000000000000000000e+00 0.000000000000000000e+00 0.000000000000000000e+00 0.000000000000000000e+00
0.000000000000000000e+00 0.000000000000000000e+00 0.000000000000000000e+00 0.000000000000000000e+00 0.000000000000000000e+00 0.000000000000000000e+00 0.000000000000000000e+00 0.000000000000000000e+00 0.000000000000000000e+00 0.000000000000000000e+00 0.000000000000000000e+00 0.000000000000000000e+00 0.000000000000000000e+00 0.000000000000000000e+00 0.000000000000000000e+00 0.000000000000000000e+00 0.000000000000000000e+00 0.000000000000000000e+00 0.000000000000000000e+00 0.000000000000000000e+00
0.000000000000000000e+00 0.000000000000000000e+00 0.000000000000000000e+00 0.000000000000000000e+00 0.000000000000000000e+00 0.000000000000000000e+00 0.000000000000000000e+00 0.000000000000000000e+00 0.000000000000000000e+00 0.000000000000000000e+00 0.000000000000000000e+00 0.000000000000000000e+00 0.000000000000000000e+00 0.000000000000000000e+00 0.000000000000000000e+00 0.000000000000000000e+00 0.000000000000000000e+00 0.000000000000000000e+00 0.000000000000000000e+00 0.000000000000000000e+00
0.000000000000000000e+00 0.000000000000000000e+00 0.000000000000000000e+00 0.000000000000000000e+00 0.000000000000000000e+00 0.000000000000000000e+00 0.000000000000000000e+00 0.000000000000000000e+00 0.000000000000000000e+00 0.000000000000000000e+00 0.000000000000000000e+00 0.000000000000000000e+00 0.000000000000000000e+00 0.000000000000000000e+00 0.000000000000000000e+00 0.000000000000000000e+00 0.000000000000000000e+00 0.000000000000000000e+00 0.000000000000000000e+00 0.000000000000000000e+00
0.000000000000000000e+00 0.000000000000000000e+00 0.000000000000000000e+00 0.000000000000000000e+00 0.000000000000000000e+00 0.000000000000000000e+00 0.000000000000000000e+00 0.000000000000000000e+00 0.000000000000000000e+00 0.000000000000000000e+00 0.000000000000000000e+00 0.000000000000000000e+00 0.000000000000000000e+00 0.000000000000000000e+00 0.000000000000000000e+00 0.000000000000000000e+00 0.000000000000000000e+00 0.000000000000000000e+00 0.000000000000000000e+00 0.000000000000000000e+00
0.000000000000000000e+00 0.000000000000000000e+00 0.000000000000000000e+00 0.000000000000000000e+00 0.000000000000000000e+00 0.000000000000000000e+00 0.000000000000000000e+00 0.000000000000000000e+00 0.000000000000000000e+00 0.000000000000000000e+00 0.000000000000000000e+00 0.000000000000000000e+00 0.000000000000000000e+00 0.000000000000000000e+00 0.000000000000000000e+00 0.000000000000000000e+00 0.000000000000000000e+00 0.000000000000000000e+00 0.000000000000000000e+00 0.000000000000000000e+00
0.000000000000000000e+00 0.000000000000000000e+00 0.000000000000000000e+00 0.000000000000000000e+00 0.000000000000000000e+00 0.000000000000000000e+00 0.000000000000000000e+00 0.000000000000000000e+00 0.000000000000000000e+00 0.000000000000000000e+00 0.000000000000000000e+00 0.000000000000000000e+00 0.000000000000000000e+00 0.000000000000000000e+00 0.000000000000000000e+00 0.000000000000000000e+00 0.000000000000000000e+00 0.000000000000000000e+00 0.000000000000000000e+00 0.000000000000000000e+00
0.000000000000000000e+00 0.000000000000000000e+00 0.000000000000000000e+00 0.000000000000000000e+00 0.000000000000000000e+00 0.000000000000000000e+00 0.000000000000000000e+00 0.000000000000000000e+00 0.000000000000000000e+00 0.000000000000000000e+00 0.000000000000000000e+00 0.000000000000000000e+00 0.000000000000000000e+00 0.000000000000000000e+00 0.000000000000000000e+00 0.000000000000000000e+00 0.000000000000000000e+00 0.000000000000000000e+00 0.000000000000000000e+00 0.000000000000000000e+00
