0.000000000000000000e+00 0.000000000000000000e+00 0.000000000000000000e+00 0.000000000000000000e+00 0.000000000000000000e+00 0.000000000000000000e+00 0.000000000000000000e+00 0.000000000000000000e+00 0.000000000000000000e+00 0.000000000000000000e+00 0.000000000000000000e+00 0.000000000000000000e+00 0.000000000000000000e+00 0.000000000000000000e+00 0.000000000000000000e+00 0.000000000000000000e+00 0.000000000000000000e+00 0.000000000000000000e+00 0.000000000000000000e+00 0.000000000000000000e+00
0.000000000000000000e+00 0.000000000000000000e+00 0.000000000000000000e+00 0.000000000000000000e+00 0.000000000000000000e+00 0.000000000000000000e+00 0.000000000000000000e+00 0.000000000000000000e+00 0.000000000000000000e+00 0.000000000000000000e+00 0.000000000000000000e+00 0.000000000000000000e+00 0.000000000000000000e+00 0.000000000000000000e+00 0.000000000000000000e+00 0.000000000000000000e+00 0.000000000000000000e+00 0.000000000000000000e+00 0.000000000000000000e+00 0.000000000000000000e+00
0.000000000000000000e+00 0.000000000000000000e+00 0.000000000000000000e+00 0.000000000000000000e+00 0.000000000000000000e+00 0.000000000000000000e+00 0.000000000000000000e+00 0.000000000000000000e+00 0.000000000000000000e+00 0.000000000000000000e+00 0.000000000000000000e+00 0.000000000000000000e+00 0.000000000000000000e+00 0.000000000000000000e+00 0.000000000000000000e+00 0.000000000000000000e+00 0.000000000000000000e+00 0.000000000000000000e+00 0.000000000000000000e+00 0.000000000000000000e+00
0.000000000000000000e+00 0.000000000000000000e+00 0.000000000000000000e+00 0.000000000000000000e+00 0.000000000000000000e+00 0.000000000000000000e+00 0.000000000000000000e+00 0.000000000000000000e+00 0.000000000000000000e+00 0.000000000000000000e+00 0.000000000000000000e+00 0.000000000000000000e+00 0.000000000000000000e+00 0.000000000000000000e+00 0.000000000000000000e+00 0.000000000000000000e+00 0.000000000000000000e+00 0.000000000000000000e+00 0.000000000000000000e+00 0.000000000000000000e+00
5.324690340194765061e-10 1.944579648838676276e-09 2.866486021684821476e-09 2.320148402484093365e-06 3.579566802658680177e-09 3.694693507989899319e-09 3.597343104258278710e-09 3.595401944694200935e-09 3.505130105235697490e-09 3.445323324665661118e-09 3.440868474456111231e-09 3.346536379417771048e-09 3.265343088547534257e-09 3.194734317814997450e-09 3.237171036347294472e-09 2.847905486322112127e-09 2.312015955165888505e-09 1.830554560784999465e-09 1.359978514922980587e-09 5.885380945374608768e-10
2.326710500129092574e-09 7.396553119243579213e-09 9.395114286674964975e-07 4.223474954006805781e-06 1.232859784309526274e-06 1.324248970417671383e-08 1.292123336918777396e-08 1.300302942920920010e-08 1.277485422061408211e-08 1.259311913308320498e-08 1.256950979446650446e-08 1.230161754609377812e-08 3.664901969443169223e-07 1.188615289444337333e-08 6.664914760147953248e-07 1.072161518122715726e-08 1.810375824131059960e-06 7.144992384399871294e-09 5.616988788046464757e-09 2.972977843517907844e-09
9.908992009675811564e-09 2.493179540355224655e-08 3.658967837335766550e-06 6.946577826752332485e-06 4.902245915878321555e-06 4.271325618738059113e-08 4.228173128453731072e-08 4.302170154264427955e-08 4.269052016864937585e-08 4.285897410190938450e-08 4.294372191566461667e-08 4.279428034061321242e-08 2.332346948208296986e-06 4.296980634875473644e-08 2.047547230579566940e-06 3.744486983271047052e-08 6.666651347798347889e-06 1.161109296041866760e-06 1.943093654386398005e-08 1.132441096405348642e-08
2.258822018806698417e-08 4.837569051313339621e-08 5.154938645910034282e-06 1.035323539377113307e-05 7.737387972200382389e-06 1.970264021211971944e-06 8.421622737099566047e-08 2.125439215371345667e-06 8.657187564569758231e-08 8.833023071701366583e-08 8.923840585592973944e-08 9.010254926699735950e-08 2.967077001196888829e-06 9.308027699999400060e-08 1.557831671359960356e-06 7.878666441835316073e-08 1.178611864971120942e-05 6.070434009669089490e-06 3.736276854732131120e-08 2.157992030250421130e-08
3.150664125349765823e-08 4.028438838730822574e-07 4.465569817289117076e-06 8.930035212625347788e-06 8.822828298208678841e-06 3.800749275256094490e-06 1.507956475518133107e-07 6.154778544447677260e-06 1.130267987647281905e-07 1.163952648401867331e-07 1.184741878719235226e-07 9.286089317500450163e-07 1.774742722945799209e-06 1.151231080332740343e-06 9.164280115721746659e-07 7.715861985562727564e-07 1.813883685712291724e-05 8.842416895792784104e-06 9.276710355627102353e-07 2.588994716212161496e-08
1.657651356747387110e-06 1.549060861399771098e-06 5.790840574456220107e-06 1.084443319583102161e-05 7.190881832248552715e-06 4.099112843901209558e-06 3.190050733188198511e-06 1.227641977885983613e-05 2.044431026232277994e-06 3.129032820458062679e-07 2.259995627881728138e-06 2.082822756018401106e-06 2.190670969707417866e-06 5.089676916553242390e-06 2.422768384848475017e-06 6.128346195810911455e-06 1.939836955482160242e-05 3.923450871076228710e-06 3.546176797005586218e-06 3.641216262737117250e-08
2.011651663610085897e-05 1.682477954890800680e-05 1.511328264389540407e-05 1.794778388905417181e-05 6.382809761967677806e-06 7.640585731512574544e-06 4.889336249995964657e-06 1.918333451937807841e-05 1.327940778630461628e-05 5.941676864059200976e-06 9.395694232052791256e-06 6.936483686361730399e-06 1.035048795205515938e-05 7.365512756309006236e-06 9.137705353648174203e-06 7.898671789211491757e-06 2.564823745237735343e-05 7.244922323510051539e-06 3.096196674868110200e-06 6.480926626799271607e-07
6.953446940369302780e-05 4.923140390366995351e-05 3.686248481414526449e-05 3.536144011866155644e-05 2.496804472640643552e-05 2.095190880100897870e-05 1.566428094139018520e-05 3.285829026150917381e-05 2.796867469204306959e-05 1.916178636076086147e-05 2.600308224556579766e-05 1.961757825453930599e-05 2.214986018485543370e-05 2.404805123188811066e-05 2.141206512089686563e-05 1.867534630329057855e-05 3.719005723573048618e-05 1.771461920747684110e-05 1.377847502977847011e-05 5.985893463441378119e-06
1.420314025360989996e-04 1.571706188330720944e-04 1.825797700500325161e-04 1.379093364226578495e-04 1.113785729953738760e-04 8.617807144307785400e-05 7.477574630496781807e-05 7.386863872811270980e-05 7.094645973605518210e-05 6.403973768507565073e-05 8.373373780317358345e-05 6.937038693576814334e-05 6.706412688694874974e-05 6.810306316924549124e-05 5.978790429524377079e-05 5.013470522694197319e-05 1.625567267519065727e-04 1.035318417415029242e-04 5.063015259841781041e-05 2.642935738532496806e-05
4.189954314946448335e-04 5.118283288907561884e-04 5.215093405963289967e-04 4.194025724858935775e-04 3.647609280100343209e-04 3.202550280186037429e-04 2.943236759919112995e-04 2.745924551581226071e-04 2.520135034156578344e-04 2.523332298527107423e-04 2.489470187022083613e-04 2.241227221688021551e-04 2.160641576809247105e-04 1.959027613610231323e-04 1.961874413151037748e-04 2.074858885933520130e-04 4.614821857015416928e-04 3.917678304608815994e-04 2.957154601051024522e-04 1.996741044135722702e-04
1.489434711317855296e-03 1.360042415079747592e-03 1.225796930017783405e-03 1.034356012031559290e-03 9.718343827180902714e-04 9.628089493736874133e-04 9.807713452867738557e-04 9.323489981053184996e-04 8.477291352641753769e-04 8.295842554813358119e-04 7.770200184050146111e-04 7.499624680467575607e-04 7.454174926801528144e-04 6.915652630799719747e-04 7.215469793542147970e-04 7.097297878826448487e-04 9.603472453503964249e-04 9.626134340583118298e-04 9.019352618810647700e-04 1.024006395059217592e-03
4.077565379251395054e-03 3.102094609187739868e-03 2.521188398005789512e-03 2.177592472342259385e-03 2.091461091416111848e-03 2.156507874564882968e-03 2.242397655081044237e-03 2.170691098536784401e-03 2.043719475215413726e-03 1.988283476919749763e-03 1.883230398383932457e-03 1.866444250702270231e-03 1.847351036005190046e-03 1.783045115959968003e-03 1.882346100748877142e-03 1.798556034402329492e-03 1.961969830503511921e-03 2.124107233523415093e-03 2.233792975771740387e-03 2.709080146217176382e-03
7.675216433960303786e-03 5.516554099826979050e-03 4.278063869618914557e-03 3.755157232596515685e-03 3.688932197833071774e-03 3.870882045137776731e-03 4.029350417436219391e-03 3.914032790993758788e-03 3.737345033766885979e-03 3.666127492058181454e-03 3.519988076384299430e-03 3.488731337372422657e-03 3.401751430702264819e-03 3.316263752306995195e-03 3.496377917065207359e-03 3.328072265177953876e-03 3.473732465938823323e-03 3.817293468127114578e-03 4.257375114890387009e-03 5.248682675900379242e-03
1.157039197482311217e-02 8.144450299221174874e-03 6.285364330403532540e-03 5.649783534357522008e-03 5.563502259775294709e-03 5.838003354958383462e-03 6.070442805935718014e-03 5.914887982962681486e-03 5.634434596134670938e-03 5.578991205643640296e-03 5.408224020884976578e-03 5.323893504148913269e-03 5.144441567988997446e-03 5.015949439091840593e-03 5.279919375444909642e-03 5.057195399706406434e-03 5.269268283921229971e-03 5.836124299772428928e-03 6.664727755633304690e-03 8.263650413898022615e-03
1.527654508562586479e-02 1.070451481824770575e-02 8.305412743790294844e-03 7.604682540618564433e-03 7.492282838743812533e-03 7.821751362664051618e-03 8.114222035595719876e-03 7.921761084476532794e-03 7.560586959130429809e-03 7.527076609902329761e-03 7.324814316203946511e-03 7.183406916369260674e-03 6.909194716982067913e-03 6.735665870227668627e-03 7.081346844917151516e-03 6.808899280548251498e-03 7.016932868905676607e-03 7.883528461464409109e-03 9.109536401655397853e-03 1.132278037762242048e-02
1.846314856302070165e-02 1.302746292456147259e-02 1.021218240438784286e-02 9.430834272152183520e-03 9.290908561541858651e-03 9.664550436604798372e-03 9.966322096064763464e-03 9.730569272582961088e-03 9.301942545224440792e-03 9.279723924131575222e-03 9.033174865957796507e-03 8.855611224411233731e-03 8.498774726103911978e-03 8.288203004811232205e-03 8.706192240378498107e-03 8.389250462798565969e-03 8.536378903492250481e-03 9.721582854764059325e-03 1.132361136774088888e-02 1.411245170285295100e-02
2.095421532471841708e-02 1.502548160193237919e-02 1.193832323488844098e-02 1.110365782688632098e-02 1.092080051590497460e-02 1.129904848569352437e-02 1.155442235735247916e-02 1.128831385485289107e-02 1.082604210603096626e-02 1.080846361906507951e-02 1.051837068937076444e-02 1.030647284936795499e-02 9.907492663712673744e-03 9.686805996151966192e-03 1.016568110317466606e-02 9.834750329478296818e-03 9.809252285755021283e-03 1.116978018416519940e-02 1.317672377476699665e-02 1.644117429486748050e-02
2.222283225179813929e-02 1.640325827383958338e-02 1.329289196008100714e-02 1.241858738266834149e-02 1.220326110682394723e-02 1.249532479819546495e-02 1.266759142406584208e-02 1.239856552345034758e-02 1.187301883698252229e-02 1.189803476701176664e-02 1.162293414670911677e-02 1.144280362023552058e-02 1.096373853440827523e-02 1.077007330811352408e-02 1.119946047692293133e-02 1.094870873571454975e-02 1.106019850449404401e-02 1.244513247795500828e-02 1.452091249325799041e-02 1.808185405429875436e-02
2.123957954116895835e-02 1.611915317674074075e-02 1.376303991436980505e-02 1.309749763405525062e-02 1.286987815844020319e-02 1.309458126030398420e-02 1.319718318532849856e-02 1.298263665503699392e-02 1.232916832391265684e-02 1.248348683690488591e-02 1.216631222554187715e-02 1.188931928813110467e-02 1.144976043769650211e-02 1.127947854197823042e-02 1.168211065982680680e-02 1.164049506117662697e-02 1.195660016027895976e-02 1.324151633416013538e-02 1.549615505637287963e-02 1.844615506514366357e-02
2.034555038374606314e-02 1.590219772125271019e-02 1.417094527123792871e-02 1.369546231392518472e-02 1.348834734607864960e-02 1.365064828682207090e-02 1.370628543365643229e-02 1.360050963136383642e-02 1.296222343476763350e-02 1.312080143700824694e-02 1.278165041248050318e-02 1.259086507704405139e-02 1.226345824744388448e-02 1.222272410175126445e-02 1.259992391823758218e-02 1.268451440891893434e-02 1.290735445601724242e-02 1.383799779310180070e-02 1.575404228268886819e-02 1.812624803574578586e-02
2.073998734635806168e-02 1.722725810142619954e-02 1.597997025509754337e-02 1.547696272604474552e-02 1.524057515271801805e-02 1.524078235996652493e-02 1.532497442061254468e-02 1.531882517548901687e-02 1.471456607567000856e-02 1.482389728019319584e-02 1.462365458424469064e-02 1.448280240948769497e-02 1.437755570497192305e-02 1.440562083714753104e-02 1.473926904732248723e-02 1.486927466492058564e-02 1.500411365623867746e-02 1.573354278486821523e-02 1.709991200929298835e-02 1.902403685609256254e-02
2.017620125350851751e-02 1.804584699795722114e-02 1.721462821614636041e-02 1.694957817713337728e-02 1.662954758456819393e-02 1.654598718875540178e-02 1.657888265435180850e-02 1.664842483255845468e-02 1.654749566557072935e-02 1.655623592314932335e-02 1.650247704786082098e-02 1.642828205795940008e-02 1.648787967070144966e-02 1.665273786866379793e-02 1.690455419250187774e-02 1.719292243787568300e-02 1.749869242460739757e-02 1.810518249237967267e-02 1.912565336589336362e-02 2.090398410955785630e-02
2.541314436377745470e-02 2.351718629981937314e-02 2.292424965623611824e-02 2.252609900367364554e-02 2.216541527286151544e-02 2.217908922932264326e-02 2.219004878658132826e-02 2.227893398708707604e-02 2.226110276689756418e-02 2.230535193172776195e-02 2.227745242665133893e-02 2.232544612890192265e-02 2.240077925858077745e-02 2.245914149385607947e-02 2.277674551809292722e-02 2.300062465168848866e-02 2.337541684470411871e-02 2.429935485306062432e-02 2.515094015236176914e-02 2.750513799557470496e-02
2.815876273813979619e-02 2.706819187157789505e-02 2.669867663774578084e-02 2.639898882841954300e-02 2.610523349914194158e-02 2.612104923838839618e-02 2.606562700512260813e-02 2.620915084882958351e-02 2.624873167253618036e-02 2.625776493609661977e-02 2.628592857897960738e-02 2.639184726426155314e-02 2.655470691148464554e-02 2.669328889193736676e-02 2.704125300071888796e-02 2.718408368536608111e-02 2.760374370440642558e-02 2.835334040689629562e-02 2.895960883775335407e-02 3.134476679431925233e-02
2.906928224797784843e-02 2.942640690162601561e-02 2.908666033828266953e-02 2.888383873233582935e-02 2.868491770252265538e-02 2.879380491422200289e-02 2.872469562938808479e-02 2.898941007531962918e-02 2.896397915961009678e-02 2.885284157901159621e-02 2.892161772608364823e-02 2.893380386919598701e-02 2.912521547480621115e-02 2.923865331085348518e-02 2.969424852748818108e-02 2.984500059945120048e-02 3.004669325290002316e-02 3.034068135825333454e-02 3.032880465380979884e-02 3.184972960231258199e-02
2.739581344926575110e-02 2.972919577881550854e-02 2.938468021158084295e-02 2.944060739492405585e-02 2.942635305594750589e-02 2.961536979489855573e-02 2.966160118246764441e-02 3.012507406382883626e-02 2.981753729188698493e-02 2.962155598967316020e-02 2.977596088004446154e-02 2.974115340418661060e-02 2.988245939185250541e-02 3.004492904706561676e-02 3.026998739625992932e-02 3.025943498140551066e-02 3.030272840834099743e-02 3.009687171803632905e-02 2.924138949972547585e-02 2.937981805739381044e-02
2.459572881065863470e-02 2.819236672683216038e-02 2.795484570381481099e-02 2.803148837717498940e-02 2.804145773931712715e-02 2.841412288152562679e-02 2.868993908696530065e-02 2.894397353567432218e-02 2.849800787277744635e-02 2.806813120242513532e-02 2.817271763450723138e-02 2.798387328443602967e-02 2.822503311919400196e-02 2.836897519728793365e-02 2.842028122506632531e-02 2.831186974127692518e-02 2.809453909152561171e-02 2.740758976362538124e-02 2.616835139475753511e-02 2.492164379204249783e-02
2.017200512586236200e-02 2.574214262647137388e-02 2.554170666241661544e-02 2.571134382331646817e-02 2.564805045202505837e-02 2.593274778675506639e-02 2.640785266922527144e-02 2.649261601813490338e-02 2.584883513307070085e-02 2.532097092659051085e-02 2.546160718538060391e-02 2.530735212817900037e-02 2.556143311170768276e-02 2.543877897353183370e-02 2.545416723974836329e-02 2.534576342892213077e-02 2.500019492038659669e-02 2.405835815756483462e-02 2.284364526500693576e-02 1.945090487488851383e-02
1.024875039014511505e-02 1.615101856235389571e-02 1.686508261831433375e-02 1.692722214147498669e-02 1.665540949116009126e-02 1.696795448741413373e-02 1.734417044898063989e-02 1.692467016934741733e-02 1.649674071407249837e-02 1.613500819264733835e-02 1.603943916009268472e-02 1.598770623473459024e-02 1.624780672451691874e-02 1.629566779510338223e-02 1.602197986278974112e-02 1.551980881539726138e-02 1.535879957565328482e-02 1.460699830694311974e-02 1.340693438624489600e-02 1.012369995364203329e-02
6.565456642202844618e-03 1.057023301993773555e-02 1.107982863060389019e-02 1.119608051894566483e-02 1.067970928037932990e-02 1.104661530337647593e-02 1.115286783606824449e-02 1.103052837020694968e-02 1.069800767922249839e-02 1.054950135306570100e-02 1.035606057101334278e-02 1.031518891778349968e-02 1.048340592599919519e-02 1.042722273864409716e-02 1.013039339818536458e-02 9.860711385728297695e-03 9.537287637549551542e-03 8.837294240337897899e-03 7.849282633655406752e-03 5.928481852489265146e-03
4.866164648506475163e-03 7.957976784403655163e-03 8.298023247659639182e-03 7.864245127578434538e-03 7.270571095490362123e-03 7.644326758878363694e-03 7.515359551076016519e-03 7.543362449781878913e-03 7.368983901496208369e-03 7.005013996441648849e-03 6.939775424089463657e-03 7.024348301078485630e-03 7.343548517163529972e-03 7.280797097516206358e-03 7.159129940068998527e-03 6.965669832518436855e-03 6.653935062224555080e-03 6.117591209381247064e-03 5.178885552107282027e-03 3.802970423256581828e-03
3.589666213933453455e-03 6.104437748633186576e-03 6.500083435478744461e-03 6.059761302938187870e-03 5.512906379967670752e-03 5.745922789729321530e-03 5.522174366035460975e-03 5.364416189692612635e-03 5.314388720684182221e-03 4.975055713944940422e-03 4.902860501481320216e-03 5.115622419859027110e-03 5.300147488839934522e-03 5.461258928081963795e-03 5.160318505369826392e-03 5.220552770811994793e-03 4.890038093509172824e-03 4.376819122120233739e-03 3.618133421327328868e-03 2.631193813436870366e-03
2.528122705538139899e-03 4.591956210676514764e-03 5.036701460897728168e-03 4.670816653925350011e-03 4.310820996072170855e-03 4.413885435551120548e-03 4.130519603437370416e-03 4.127678607557881685e-03 4.062519129410576552e-03 3.937865036521844171e-03 3.875519891530238969e-03 3.994388258196511672e-03 4.054570573659218614e-03 4.223613793178511780e-03 3.995358405527936821e-03 3.935345367053737047e-03 3.881267813553948044e-03 3.386630396458860381e-03 2.739679989870360665e-03 1.832545710168349351e-03
1.825031373655001000e-03 3.273203144258371011e-03 3.687869912526666946e-03 3.441594513290312674e-03 3.193604584215112979e-03 3.267850873074812194e-03 3.093538700215246306e-03 3.193020010408097534e-03 3.054392352432509783e-03 2.995117721211710410e-03 2.989746589126268325e-03 3.081187484078668631e-03 3.109145896326589130e-03 3.349380459057120767e-03 3.188495306697226167e-03 3.096809281234006415e-03 3.086665760898940365e-03 2.627158169345784455e-03 2.103560881784086699e-03 1.285351136792892666e-03
1.234253952989641237e-03 2.188095644105177758e-03 2.589469842573147162e-03 2.397054774811264218e-03 2.353231588310258915e-03 2.410628340632731820e-03 2.247642672482009964e-03 2.337916449472117290e-03 2.358948460288208624e-03 2.207044207730475636e-03 2.246978371372643311e-03 2.315241970731507764e-03 2.282751640485677046e-03 2.495592316197184357e-03 2.449120495902125730e-03 2.265703679440217617e-03 2.375835319013377099e-03 2.012550150380409617e-03 1.550340772218723523e-03 9.828543700681540915e-04
6.572294457289386271e-04 1.391748617032149060e-03 1.620159946006889500e-03 1.548093696399839223e-03 1.701754335133775099e-03 1.689481464099731141e-03 1.560750338273687128e-03 1.700503931606024872e-03 1.686872541596305198e-03 1.565949232352683174e-03 1.606918436733526662e-03 1.738924074678007683e-03 1.720039096768701805e-03 1.876983085936687707e-03 1.841876288015491985e-03 1.645118900340467863e-03 1.837367949595035107e-03 1.513627813328760055e-03 1.191564650445504307e-03 7.795309095675055817e-04
5.097439119207155915e-04 1.030171754306421009e-03 1.128025071007138702e-03 1.128849609618715446e-03 1.173562210920876423e-03 1.171554560565815769e-03 1.108333505845898780e-03 1.167256311264610420e-03 1.066360929161272366e-03 1.063608229365170911e-03 1.020233528035309869e-03 1.205028249467861214e-03 1.124085022356390105e-03 1.304441149547968127e-03 1.218469071162581055e-03 1.121752786691492714e-03 1.368170417610775971e-03 1.148317853410045584e-03 7.995159015834610913e-04 5.237236711357659124e-04
3.157003753989556035e-04 7.199606597021824877e-04 8.246680760612758480e-04 9.314636681648718426e-04 8.305653656255691146e-04 8.272058636111414946e-04 7.971189794545092315e-04 8.040658432285177929e-04 7.241781269689665001e-04 7.529566535408250194e-04 6.950350646965779448e-04 7.562795466592912939e-04 7.447536487020917344e-04 8.782320279556282130e-04 7.733601299507425041e-04 7.457091732775656887e-04 9.678353383825814013e-04 8.499303669501444671e-04 5.068120595544516873e-04 3.199831494794059877e-04
9.006417169034500278e-05 4.173999294370721660e-04 6.190247618460940513e-04 7.511836314133731865e-04 6.143056498125205184e-04 6.336259977419472951e-04 6.394261303100436935e-04 6.267575009283940643e-04 5.381504515791120380e-04 5.266150628442894770e-04 5.114819300962264274e-04 5.149509036262445985e-04 4.688254986237644817e-04 5.384010058689109183e-04 4.780242145863086993e-04 4.821847483842425200e-04 6.668471133043658156e-04 6.661106503563539796e-04 4.390436646196497518e-04 3.273716223028327659e-04
7.901078701914583495e-05 2.654711935837906871e-04 5.556099308562786540e-04 6.583458668876858346e-04 5.212078216435709829e-04 5.372776560692195261e-04 5.596786390725325003e-04 5.056826654863866202e-04 4.458543808163317333e-04 3.985224356615013988e-04 4.511934054247811643e-04 4.571752986721421799e-04 4.292599775502466738e-04 4.204038785999474276e-04 4.537873236779589852e-04 4.344270794589002137e-04 4.666090696842301652e-04 7.010441069912373268e-04 5.969779379275775644e-04 1.022719296980439431e-03
1.330470055166551007e-04 2.413023479090715484e-04 5.266779441146615844e-04 5.961385384420672629e-04 5.060247385233505391e-04 5.042074459226988372e-04 5.325706240858694681e-04 5.407889544985486135e-04 4.770816669096428751e-04 4.052550827690149849e-04 4.705589864690645730e-04 5.210079030955031996e-04 5.343082109361092314e-04 5.025575235302344023e-04 5.718837803115544389e-04 5.610928473913231410e-04 6.386732484274330055e-04 9.406927840044939466e-04 1.061255443168520208e-03 1.929203507525618314e-03
2.277759660057696457e-04 2.863745228279296513e-04 5.282126389485532637e-04 6.232072851294438980e-04 5.355505436171412994e-04 5.355688379462724205e-04 5.679758760320438582e-04 6.822349926871580476e-04 6.098448619843843807e-04 5.424416894383580264e-04 5.915601649967314277e-04 6.474938414362786882e-04 6.979794223059933907e-04 6.888266724653191279e-04 7.479939615781740388e-04 7.676783446560395390e-04 8.416057716500415431e-04 1.507218730246126862e-03 1.719106106993915873e-03 2.512237800845121619e-03
4.605494124307064874e-04 6.205263512775434451e-04 8.074949541855120337e-04 9.117890494353157391e-04 8.576123120053743372e-04 9.779162518479976498e-04 9.878446841178009120e-04 1.241138276626358459e-03 1.120182782149719506e-03 1.043195506559697417e-03 1.033638536520318542e-03 1.090043299498542461e-03 1.127507480452591155e-03 1.141921632069797061e-03 1.263847147641964427e-03 1.419452790281018660e-03 1.563979842167802356e-03 2.138631037806931843e-03 2.305955066469784695e-03 2.951154759007820240e-03
1.640365443624003383e-03 1.785272648777634988e-03 2.014208800532895152e-03 1.883148786683673352e-03 2.014829455115673545e-03 2.384694347608111702e-03 2.219541775062789345e-03 2.902085074295054478e-03 2.642027546465817826e-03 2.543682534679305406e-03 2.443800568344528003e-03 2.309631393415176662e-03 2.270633442543426583e-03 2.245665571126758721e-03 2.395348772901931093e-03 2.517889025918435518e-03 2.916628154391029144e-03 3.350293646291471143e-03 3.848444288405849460e-03 4.874304734192117135e-03
1.615318358251968591e-03 1.490858201639345482e-03 1.704522165684879860e-03 1.813401192347217439e-03 1.819118391078783066e-03 1.943568557126263644e-03 1.959494053030305400e-03 2.331035017834770084e-03 2.243768582126078395e-03 2.224392490401960742e-03 2.139083605119761981e-03 2.238290607171821052e-03 2.330949816539433419e-03 2.041306290898053152e-03 2.132583514717629591e-03 2.166310403442395227e-03 2.197710684232416240e-03 2.491915222041550873e-03 2.711191027772135668e-03 3.468415488790402550e-03
3.990086091589064785e-03 3.819718673310582794e-03 3.973907298206107858e-03 3.690028579454413850e-03 3.671811929857387354e-03 3.855399237543328996e-03 3.563599614176690168e-03 3.320970232418981542e-03 3.274660281063205246e-03 3.076385087094370835e-03 3.121284596539255270e-03 3.254074253974685495e-03 3.228259703576523247e-03 3.426223521816092014e-03 3.324806766430930469e-03 2.804743195139552253e-03 3.012627342093976337e-03 3.357145011668007887e-03 3.746649295823537007e-03 4.010331818128859589e-03
4.254769846870913932e-03 3.293432387158639132e-03 3.815348160472190747e-03 3.864157341411009715e-03 3.524467119006627347e-03 4.105644532847547643e-03 4.166068838557706981e-03 3.760022817164123277e-03 3.611911376088918456e-03 3.779645295770849966e-03 3.795187859733215388e-03 3.788277379345278764e-03 3.752709123258513545e-03 3.616688212997941181e-03 3.356472879038565130e-03 3.428006214547525514e-03 3.698547575696572824e-03 4.442185951556433879e-03 4.368292106903847935e-03 4.383931678842945164e-03
2.660315982662762261e-03 2.722748664441559160e-03 3.221773462167541475e-03 3.497461601387725962e-03 3.862883335268038273e-03 4.134329020371738106e-03 4.690653016213711286e-03 4.427461945999784307e-03 3.902458680724655172e-03 3.660592272576054448e-03 3.495658201487809955e-03 3.465394325009716302e-03 3.356462554587075209e-03 3.332367757396315078e-03 3.286348323525499059e-03 3.254909137563855547e-03 3.418069502059980103e-03 3.538503456936985779e-03 3.924664492388850630e-03 4.544179145120811822e-03
1.729138879549791145e-03 1.814236542268504292e-03 2.064212919225409497e-03 2.276764811608116348e-03 2.537130816394889913e-03 2.758211966487180648e-03 3.036289838324312922e-03 3.103998183274350731e-03 2.942730954238215093e-03 2.985773740168091040e-03 3.070245398485297369e-03 2.983228585276330100e-03 2.978572002001817192e-03 2.917544588691917910e-03 2.797065586410229024e-03 2.802767752093192691e-03 2.874655911184019128e-03 3.178066801545373268e-03 3.914561451670354325e-03 4.418267893745620942e-03
1.590431962875080239e-03 1.403865588745484890e-03 1.449845013817319854e-03 1.842735526967670314e-03 1.890163014742803158e-03 2.012465526414201900e-03 2.278699198556269866e-03 2.333381389994580724e-03 2.337422356670386826e-03 2.273533624156805558e-03 2.248761097153241777e-03 2.211949947583654718e-03 2.294495316139058202e-03 2.154030712839456654e-03 1.938291449019586676e-03 2.068917156795043073e-03 2.288540772163154529e-03 2.309994067540902234e-03 2.297783974932169574e-03 3.142244820241953552e-03
6.879889064733147588e-04 7.384872615321837327e-04 8.699059208617143830e-04 8.384299476493076771e-04 9.031996238496091617e-04 1.145221422423448954e-03 1.309017874618136372e-03 1.335024243738439347e-03 1.311812532036388994e-03 1.350467761046996633e-03 1.366538669873905085e-03 1.366431398572724070e-03 1.388851604816665258e-03 1.448018376656378314e-03 1.287693338324612810e-03 8.769013803587363950e-04 8.825587201776095804e-04 9.406072060080439452e-04 9.216556280029466943e-04 1.477887907370214115e-03
9.203614387616564487e-05 2.549192791291280042e-04 3.572121907400041757e-04 2.814807446152773913e-04 2.851149963125706880e-04 3.313837064741952609e-04 3.462898923246885904e-04 2.972199716397192458e-04 3.018587870019559635e-04 3.185556503807786266e-04 3.185889513835583257e-04 3.350084040475198631e-04 3.590254373825949984e-04 3.413147069611150884e-04 3.808668098694099739e-04 4.580901982128034026e-04 4.834787900680897490e-04 5.315845832226721813e-04 3.215125656172882840e-04 3.993745598649889794e-04
3.487874280673926151e-05 5.073145633202840436e-05 7.112190318771491088e-05 7.962730040325946633e-05 7.918467687815981088e-05 1.138757822955334907e-04 1.136050003795347629e-04 9.125306663100971234e-05 1.155232399439882742e-04 1.177525265544933467e-04 9.273369459396903333e-05 1.014353082110687482e-04 8.774404301916199586e-05 8.203383404939637992e-05 7.554269518982755492e-05 1.030888792695957716e-04 1.034897354935135030e-04 1.206902258644818602e-04 1.022090412895404140e-04 1.071948453185124440e-04
6.202296222711374643e-06 2.668878132974426042e-05 2.645570816828084882e-05 3.855017363893434182e-05 3.779195806577613189e-05 3.262215184041918536e-05 3.330047223085984027e-05 2.786478760468637784e-05 3.021304049603029982e-05 3.253532752892242643e-05 3.425994965081998877e-05 3.402110152683525672e-05 3.243350158663642162e-05 1.701229435089139438e-05 1.872857897399397240e-05 2.288350600822480015e-05 2.195465736775027815e-05 2.629118005761892012e-05 4.301557075670128111e-05 3.032680828667336207e-05
1.687921371883022940e-07 6.851031003883870460e-06 5.672374234511785377e-06 4.743158845777923809e-06 6.463943921424919623e-06 4.881671003463602463e-06 3.996389369715130701e-06 3.511913884923667578e-06 5.126756840088087101e-06 5.246178670576772451e-06 5.855513271817475370e-06 7.768619688762094062e-06 7.694437918205344592e-06 3.772421841918407340e-06 3.218822198845153221e-06 5.389024951695304753e-06 4.335100990713917271e-06 3.091287623914700340e-06 4.726288521916635484e-06 2.981304022297240934e-06
4.854479429732444514e-07 4.628210634786236456e-07 1.359155287898505133e-07 8.787695570400914007e-07 2.576818508039779873e-08 9.050187933113122452e-07 1.458941520323292751e-06 1.092479377564896612e-06 1.526916904905677759e-07 1.098758858482522496e-06 1.206206717712640478e-06 9.019746637444334315e-07 1.614441831685149037e-06 1.124447008940019205e-06 5.169505156302383010e-07 2.225838244218822241e-06 4.126705105499827270e-07 5.566180545897191071e-07 9.136938440846916933e-07 6.558482533148245462e-08
1.012586437817798329e-06 1.230547944203112708e-08 1.597962233036067295e-07 7.965302350518468652e-09 7.833978714109046693e-09 7.173739386535016572e-09 6.973688290200043880e-09 6.210278612082083079e-09 6.360387695676950514e-09 6.306663045433153990e-09 5.567009680471733257e-09 5.763080610526005749e-09 5.341470802622526510e-09 4.858144295559673030e-09 4.924933987767993801e-09 4.841577909110241251e-09 4.367879453715806409e-09 4.113981455143766744e-09 4.329074360548258419e-09 4.610233312480085351e-09
0.000000000000000000e+00 0.000000000000000000e+00 0.000000000000000000e+00 0.000000000000000000e+00 0.000000000000000000e+00 0.000000000000000000e+00 0.000000000000000000e+00 0.000000000000000000e+00 0.000000000000000000e+00 0.000000000000000000e+00 0.000000000000000000e+00 0.000000000000000000e+00 0.000000000000000000e+00 0.000000000000000000e+00 0.000000000000000000e+00 0.000000000000000000e+00 0.000000000000000000e+00 0.000000000000000000e+00 0.000000000000000000e+00 0.000000000000000000e+00
0.000000000000000000e+00 0.000000000000000000e+00 0.000000000000000000e+00 0.000000000000000000e+00 0.000000000000000000e+00 0.000000000000000000e+00 0.000000000000000000e+00 0.000000000000000000e+00 0.000000000000000000e+00 0.000000000000000000e+00 0.000000000000000000e+00 0.000000000000000000e+00 0.000000000000000000e+00 0.000000000000000000e+00 0.000000000000000000e+00 0.000000000000000000e+00 0.000000000000000000e+00 0.000000000000000000e+00 0.000000000000000000e+00 0.000000000000000000e+00
0.000000000000000000e+00 0.000000000000000000e+00 0.000000000000000000e+00 0.000000000000000000e+00 0.000000000000000000e+00 0.000000000000000000e+00 0.000000000000000000e+00 0.000000000000000000e+00 0.000000000000000000e+00 0.000000000000000000e+00 0.000000000000000000e+00 0.000000000000000000e+00 0.000000000000000000e+00 0.000000000000000000e+00 0.000000000000000000e+00 0.000000000000000000e+00 0.000000000000000000e+00 0.000000000000000000e+00 0.000000000000000000e+00 0.000000000000000000e+00
0.000000000000000000e+00 0.000000000000000000e+00 0.000000000000000000e+00 0.000000000000000000e+00 0.000000000000000000e+00 0.000000000000000000e+00 0.000000000000000000e+00 0.000000000000000000e+00 0.000000000000000000e+00 0.000000000000000000e+00 0.000000000000000000e+00 0.000000000000000000e+00 0.000000000000000000e+00 0.000000000000000000e+00 0.000000000000000000e+00 0.000000000000000000e+00 0.000000000000000000e+00 0.000000000000000000e+00 0.000000000000000000e+00 0.000000000000000000e+00
0.000000000000000000e+00 0.000000000000000000e+00 0.000000000000000000e+00 0.000000000000000000e+00 0.000000000000000000e+00 0.000000000000000000e+00 0.000000000000000000e+00 0.000000000000000000e+00 0.000000000000000000e+00 0.000000000000000000e+00 0.000000000000000000e+00 0.000000000000000000e+00 0.000000000000000000e+00 0.000000000000000000e+00 0.000000000000000000e+00 0.000000000000000000e+00 0.000000000000000000e+00 0.000000000000000000e+00 0.000000000000000000e+00 0.000000000000000000e+00
0.000000000000000000e+00 0.000000000000000000e+00 0.000000000000000000e+00 0.000000000000000000e+00 0.000000000000000000e+00 0.000000000000000000e+00 0.000000000000000000e+00 0.000000000000000000e+00 0.000000000000000000e+00 0.000000000000000000e+00 0.000000000000000000e+00 0.000000000000000000e+00 0.000000000000000000e+00 0.000000000000000000e+00 0.000000000000000000e+00 0.000000000000000000e+00 0.000000000000000000e+00 0.000000000000000000e+00 0.000000000000000000e+00 0.000000000000000000e+00
0.000000000000000000e+00 0.000000000000000000e+00 0.000000000000000000e+00 0.000000000000000000e+00 0.000000000000000000e+00 0.000000000000000000e+00 0.000000000000000000e+00 0.000000000000000000e+00 0.000000000000000000e+00 0.000000000000000000e+00 0.000000000000000000e+00 0.000000000000000000e+00 0.000000000000000000e+00 0.000000000000000000e+00 0.000000000000000000e+00 0.000000000000000000e+00 0.000000000000000000e+00 0.000000000000000000e+00 0.000000000000000000e+00 0.000000000000000000e+00
0.000000000000000000e+00 0.000000000000000000e+00 0.000000000000000000e+00 0.000000000000000000e+00 0.000000000000000000e+00 0.000000000000000000e+00 0.000000000000000000e+00 0.000000000000000000e+00 0.000000000000000000e+00 0.000000000000000000e+00 0.000000000000000000e+00 0.000000000000000000e+00 0.000000000000000000e+00 0.000000000000000000e+00 0.000000000000000000e+00 0.000000000000000000e+00 0.000000000000000000e+00 0.000000000000000000e+00 0.000000000000000000e+00 0.000000000000000000e+00
0.000000000000000000e+00 0.000000000000000000e+00 0.000000000000000000e+00 0.000000000000000000e+00 0.000000000000000000e+00 0.000000000000000000e+00 0.000000000000000000e+00 0.000000000000000000e+00 0.000000000000000000e+00 0.000000000000000000e+00 0.000000000000000000e+00 0.000000000000000000e+00 0.000000000000000000e+00 0.000000000000000000e+00 0.000000000000000000e+00 0.000000000000000000e+00 0.000000000000000000e+00 0.000000000000000000e+00 0.000000000000000000e+00 0.000000000000000000e+00
0.000000000000000000e+00 0.000000000000000000e+00 0.000000000000000000e+00 0.000000000000000000e+00 0.000000000000000000e+00 0.000000000000000000e+00 0.000000000000000000e+00 0.000000000000000000e+00 0.000000000000000000e+00 0.000000000000000000e+00 0.000000000000000000e+00 0.000000000000000000e+00 0.000000000000000000e+00 0.000000000000000000e+00 0.000000000000000000e+00 0.000000000000000000e+00 0.000000000000000000e+00 0.000000000000000000e+00 0.000000000000000000e+00 0.000000000000000000e+00
0.000000000000000000e+00 0.000000000000000000e+00 0.000000000000000000e+00 0.000000000000000000e+00 0.000000000000000000e+00 0.000000000000000000e+00 0.000000000000000000e+00 0.000000000000000000e+00 0.000000000000000000e+00 0.000000000000000000e+00 0.000000000000000000e+00 0.000000000000000000e+00 0.000000000000000000e+00 0.000000000000000000e+00 0.000000000000000000e+00 0.000000000000000000e+00 0.000000000000000000e+00 0.000000000000000000e+00 0.000000000000000000e+00 0.000000000000000000e+00
0.000000000000000000e+00 0.000000000000000000e+00 0.000000000000000000e+00 0.000000000000000000e+00 0.000000000000000000e+00 0.000000000000000000e+00 0.000000000000000000e+00 0.000000000000000000e+00 0.000000000000000000e+00 0.000000000000000000e+00 0.000000000000000000e+00 0.000000000000000000e+00 0.000000000000000000e+00 0.000000000000000000e+00 0.000000000000000000e+00 0.000000000000000000e+00 0.000000000000000000e+00 0.000000000000000000e+00 0.000000000000000000e+00 0.000000000000000000e+00
0.000000000000000000e+00 0.000000000000000000e+00 0.000000000000000000e+00 0.000000000000000000e+00 0.000000000000000000e+00 0.000000000000000000e+00 0.000000000000000000e+00 0.000000000000000000e+00 0.000000000000000000e+00 0.000000000000000000e+00 0.000000000000000000e+00 0.000000000000000000e+00 0.000000000000000000e+00 0.000000000000000000e+00 0.000000000000000000e+00 0.000000000000000000e+00 0.000000000000000000e+00 0.000000000000000000e+00 0.000000000000000000e+00 0.000000000000000000e+00
