1.900990311889075024e-01 1.823508296977397747e-01 1.796914902277053083e-01 1.772816441578568547e-01 1.778565178799746405e-01 1.801600149237924664e-01 1.813724868981892169e-01 1.810395048397829831e-01 1.784923210520049375e-01 1.781297562731740114e-01 1.774750866673203975e-01 1.768154167937296128e-01 1.761755369778107427e-01 1.773081732503899444e-01 1.774311977487794123e-01 1.783109533344341135e-01 1.788295639422094185e-01 1.817569976636414231e-01 1.903158245702353812e-01 2.041324312843128819e-01
1.953554749408079605e-01 1.888377980454357397e-01 1.860500815536417496e-01 1.835160793242053001e-01 1.841561290031381859e-01 1.865521910817173890e-01 1.878824962694375378e-01 1.876120637282920334e-01 1.850535293763500289e-01 1.847117667374825745e-01 1.840513474891278811e-01 1.833151677274661995e-01 1.826631818490436765e-01 1.838390815172278314e-01 1.839412621133448000e-01 1.847916292838473751e-01 1.851616959182572908e-01 1.880748824225317306e-01 1.967316362490612591e-01 2.108509837185271740e-01
1.959714811228605302e-01 1.911949034321106522e-01 1.884061941758723713e-01 1.858340689970636173e-01 1.865153888273902993e-01 1.889354627086549665e-01 1.903137903976128698e-01 1.900803011308230261e-01 1.875377013669932980e-01 1.872086613613276329e-01 1.865599215289569512e-01 1.857957014585921440e-01 1.851452168467767889e-01 1.863345703110637908e-01 1.864282812351797658e-01 1.872611354418054208e-01 1.875397040691164918e-01 1.904269106545574131e-01 1.990714817819030369e-01 2.132565946908071552e-01
1.956164152373551235e-01 1.924949105532683113e-01 1.897372895944072213e-01 1.871507032001974991e-01 1.878640280301172583e-01 1.902905845708101340e-01 1.916969511459148956e-01 1.914906850635312852e-01 1.889655664885793729e-01 1.886446329834386981e-01 1.880121884950664568e-01 1.872326761883506552e-01 1.865829234413694804e-01 1.877806138443698369e-01 1.878666606454608146e-01 1.886878081987883315e-01 1.888986933791356460e-01 1.917627410845758051e-01 2.003747567228735260e-01 2.145828231204708059e-01
1.949243295910080831e-01 1.933007591468062225e-01 1.905944578834354031e-01 1.880060259552447099e-01 1.887474535954579702e-01 1.911741167804623664e-01 1.925995793195283412e-01 1.924140440316870759e-01 1.899062982488337603e-01 1.895911538981925881e-01 1.889772679919335674e-01 1.881882352010273984e-01 1.875394169060143057e-01 1.887412002309969417e-01 1.888196547311798701e-01 1.896324940302267226e-01 1.897889058711181576e-01 1.926301689487816549e-01 2.012052042987780565e-01 2.154273712964066834e-01
1.940569994489839689e-01 1.938085058420731532e-01 1.911725824685517883e-01 1.885937018192427872e-01 1.893625793250963696e-01 1.917862496975897002e-01 1.932255703973543015e-01 1.930584744884370485e-01 1.905680400165955801e-01 1.902575696967498398e-01 1.896633893454459374e-01 1.888676897950023470e-01 1.882207338295988908e-01 1.894243220350849966e-01 1.894958880685646552e-01 1.903018296381358276e-01 1.904141631775242705e-01 1.932294475178686355e-01 2.017658386681296101e-01 2.160013939592863030e-01
1.930510927902296947e-01 1.940995125930716769e-01 1.915607446402014524e-01 1.890029647865144324e-01 1.898003232803644746e-01 1.922203643118935157e-01 1.936702982324145228e-01 1.935213641399181617e-01 1.910483393741221336e-01 1.907427615744217153e-01 1.901685999953604822e-01 1.893693935457418653e-01 1.887232403936261182e-01 1.899275989780403739e-01 1.899918828988970965e-01 1.907936059924266736e-01 1.908678780776110473e-01 1.936546714283980397e-01 2.021513783441788448e-01 2.164026748243582099e-01
1.919511920238078928e-01 1.941944778497479707e-01 1.917972360271263110e-01 1.892744505037201597e-01 1.901038004303297058e-01 1.925208947887700195e-01 1.939792369651484327e-01 1.938500380681806856e-01 1.913969811621248629e-01 1.910960714439862707e-01 1.905440853348528696e-01 1.897442355092045230e-01 1.890967892960851715e-01 1.903013402867222703e-01 1.903580578017121938e-01 1.911586907400381063e-01 1.911975972639218813e-01 1.939537340704875490e-01 2.024098052968625883e-01 2.166815646915500881e-01
1.907883415207008160e-01 1.941208010062372979e-01 1.918950820344711705e-01 1.894266765084291759e-01 1.902948609118714773e-01 1.927143502394478847e-01 1.941765202658035094e-01 1.940700230891108102e-01 1.916415452623256577e-01 1.913430829335966143e-01 1.908165323188517615e-01 1.900188519031412449e-01 1.893726947626330481e-01 1.905741557214199466e-01 1.906240394269628213e-01 1.914285134650424158e-01 1.914319101758192032e-01 1.941533329895104298e-01 2.025681975878997343e-01 2.168681872840107216e-01
1.895892996181605672e-01 1.939188214126395249e-01 1.918699910026332445e-01 1.894704699291164807e-01 1.903856212156088690e-01 1.928120467318997222e-01 1.942759706535917286e-01 1.941959049893057232e-01 1.917936915595520320e-01 1.914970061838906779e-01 1.909944306502833755e-01 1.902095109689482810e-01 1.895631564796342594e-01 1.907583545121315505e-01 1.908021071346349962e-01 1.916185422497881097e-01 1.915866455183060924e-01 1.942721894775767122e-01 2.026457221477083182e-01 2.169803669386381750e-01
1.884956623361077332e-01 1.936266223869165526e-01 1.917410382643669753e-01 1.894170152169023513e-01 1.903853220142608382e-01 1.928224094516964304e-01 1.942844709138538406e-01 1.942412512289162507e-01 1.918682769109334996e-01 1.915644093436753292e-01 1.910955384823274095e-01 1.903194789856312019e-01 1.896755412591214218e-01 1.908656029989602432e-01 1.909080344229384940e-01 1.917456597993434375e-01 1.916800116614622851e-01 1.943251080993038671e-01 2.026547856391093805e-01 2.170286581372227186e-01
1.876395039071589999e-01 1.932793771652015491e-01 1.915293485293608766e-01 1.892970029337285032e-01 1.903168096200563153e-01 1.927658282609002738e-01 1.942237888963379011e-01 1.942144913745100232e-01 1.918799495188404092e-01 1.915676318719718441e-01 1.911414567031238798e-01 1.903597425285518396e-01 1.897249502136472976e-01 1.909095798626516127e-01 1.909546490650020079e-01 1.918230196697218726e-01 1.917271760081159515e-01 1.943170870042351117e-01 2.026027604954449279e-01 2.170156976651136660e-01
1.870430854116696129e-01 1.929245809172834281e-01 1.912684849827368250e-01 1.891242906975249272e-01 1.901942891356300513e-01 1.926522725095829447e-01 1.941060963532834360e-01 1.941269402093654117e-01 1.918399610844809811e-01 1.915306922873437068e-01 1.911573879480645277e-01 1.903648093690490650e-01 1.897508193908639951e-01 1.909331596592955815e-01 1.909652416247023810e-01 1.918657250695040561e-01 1.917375457933218341e-01 1.942715764925414534e-01 2.025116291718999095e-01 2.169673718309015897e-01
1.866929978594637496e-01 1.926001008585322138e-01 1.909706984312380951e-01 1.888832196864476953e-01 1.899914815556047742e-01 1.924552417153984341e-01 1.939128869868878557e-01 1.939665245900636381e-01 1.917369262020808263e-01 1.914549877358310281e-01 1.911491323428173572e-01 1.903404355012528193e-01 1.897683402130487251e-01 1.909692104303553073e-01 1.909649601313000156e-01 1.918790894010753700e-01 1.917145167092537128e-01 1.942045246385586121e-01 2.023869164843225543e-01 2.169455335147116026e-01
1.863766056578330110e-01 1.922795771746741433e-01 1.906172672644139976e-01 1.885524848238372686e-01 1.896790047806881929e-01 1.921414922285709648e-01 1.936077233697775513e-01 1.936938402819300964e-01 1.915297872077661445e-01 1.912879223427515485e-01 1.910769917566831066e-01 1.902587239721413859e-01 1.897387722995518555e-01 1.909896308342725335e-01 1.909252337245714026e-01 1.918585677860976668e-01 1.916668682767687093e-01 1.941129653705272740e-01 2.021900675903866296e-01 2.169172090488539206e-01
1.858599101655594443e-01 1.919891701847409593e-01 1.903351845754563676e-01 1.882633086589290961e-01 1.893602633752132502e-01 1.917781048322411419e-01 1.932193149559650047e-01 1.933386807018114550e-01 1.912441549584422140e-01 1.910018763862425806e-01 1.909023112627214469e-01 1.900803512189319922e-01 1.896362874108107888e-01 1.909552812002024424e-01 1.908040950943754865e-01 1.917923154185639800e-01 1.915849321426891516e-01 1.939664225311897028e-01 2.018597039167342455e-01 2.167832565622296037e-01
1.856936608162075009e-01 1.924552319007524770e-01 1.910958955261689018e-01 1.889551630766273527e-01 1.898132406309216147e-01 1.920604825383523395e-01 1.932583553175587499e-01 1.933249631474268648e-01 1.912639286800159599e-01 1.908531145022387132e-01 1.908324896450868946e-01 1.899049708723147822e-01 1.895838668249380243e-01 1.909465544100772683e-01 1.906688460246852845e-01 1.917113407697703109e-01 1.914616587025607941e-01 1.937211206291346022e-01 2.013609612128299253e-01 2.164310860170712003e-01
1.870553247394637908e-01 1.951262876371902266e-01 1.945191059898812580e-01 1.920727565719663743e-01 1.921713522395296636e-01 1.939144815459197813e-01 1.945325281317075439e-01 1.943529519604503264e-01 1.923042065438066162e-01 1.915127480238250357e-01 1.914399960802762590e-01 1.901885847700451604e-01 1.899381539414884412e-01 1.912519083831328293e-01 1.908116397451222190e-01 1.918938522788898315e-01 1.914907727774792512e-01 1.935378686292639205e-01 2.008303940613816729e-01 2.159942958284430392e-01
1.916139403626984372e-01 2.012078394651448665e-01 2.007821666496353019e-01 1.980083101594606321e-01 1.973536145824571486e-01 1.984854881396662662e-01 1.981344728633464836e-01 1.974321102878124623e-01 1.953088900108047032e-01 1.938392136815246802e-01 1.934458319645166735e-01 1.916258704638749422e-01 1.912718633579264804e-01 1.923587901800399291e-01 1.918074002738181794e-01 1.928808426734483217e-01 1.922020533082654525e-01 1.939027350983569820e-01 2.006181880019753117e-01 2.158932822052802014e-01
2.005363929339688822e-01 2.131220361554479192e-01 2.122984779560896373e-01 2.102241917695877871e-01 2.090910159410824254e-01 2.092764517318910222e-01 2.070217668612621964e-01 2.057336020361472118e-01 2.030307936402504232e-01 2.001203257488027576e-01 1.988188401783369252e-01 1.958508921342160536e-01 1.951945725946582499e-01 1.957745711605669015e-01 1.952259241708698412e-01 1.959800618561241548e-01 1.946234666158047910e-01 1.958373354469054584e-01 2.015460356981969292e-01 2.166935885053118682e-01
2.143944787207336666e-01 2.318528410193641254e-01 2.306329746371738043e-01 2.295209172570812639e-01 2.279011392924010782e-01 2.270204726545690666e-01 2.229450428488798375e-01 2.209130865181250791e-01 2.169980396920378196e-01 2.120739773509448534e-01 2.097336469672665682e-01 2.054072346327916188e-01 2.045905732960813517e-01 2.044884271730353364e-01 2.041432563830355151e-01 2.039808352397568525e-01 2.010417739298674678e-01 2.012418905362355626e-01 2.049874650768407913e-01 2.193357578896553139e-01
2.340623138445394602e-01 2.555860015138268215e-01 2.527808707584887071e-01 2.511720071485194494e-01 2.494392168006777655e-01 2.479907557874437563e-01 2.436965930880450881e-01 2.406886970672937331e-01 2.358354557373918137e-01 2.294398861845968474e-01 2.270858992037772806e-01 2.218727087576271573e-01 2.211202082840577621e-01 2.207526618401218776e-01 2.208539657830737024e-01 2.195090934552916540e-01 2.146497917372350295e-01 2.129991853883320685e-01 2.136483788309521681e-01 2.255694111521432399e-01
2.647517561488221260e-01 2.837453420796918202e-01 2.784009964892396050e-01 2.748579656571311647e-01 2.736539447031543504e-01 2.717172712391127121e-01 2.688716463523482814e-01 2.651195415979969439e-01 2.597717628292144365e-01 2.533413026296248982e-01 2.515094996951969808e-01 2.460947316636543647e-01 2.455761668807273090e-01 2.456671594787079027e-01 2.463777701596108760e-01 2.444821489701883011e-01 2.385570358166849425e-01 2.353257291767762438e-01 2.317292062876280534e-01 2.387586185318898990e-01
3.143861824097717306e-01 3.218607121541425253e-01 3.130520800224408928e-01 3.059168354637744058e-01 3.048090612924960197e-01 3.031077148311571157e-01 3.023683074555235106e-01 2.977811926398022946e-01 2.918392575138544776e-01 2.860601872753140151e-01 2.840442971442208586e-01 2.791796365116494538e-01 2.793589054347725420e-01 2.802673847192250212e-01 2.816523510194090529e-01 2.799103132287715234e-01 2.741631804254595628e-01 2.706223939145482316e-01 2.632845195099325353e-01 2.639527543106870433e-01
3.848341390492154290e-01 3.765463333827648307e-01 3.619591071193619669e-01 3.494048981610246019e-01 3.483860364355490513e-01 3.466553947378154810e-01 3.473751754727721353e-01 3.411863042828764958e-01 3.346095670739132055e-01 3.295423091442233887e-01 3.270541983793487373e-01 3.226480742501774412e-01 3.232371266910625263e-01 3.254345365172263693e-01 3.271036829932476575e-01 3.253874799561498055e-01 3.204766390323817715e-01 3.179770200447486483e-01 3.096704871372897849e-01 3.089756835611028873e-01
5.351312071506482138e-01 4.925385738305810834e-01 4.612716687324187048e-01 4.401883706920527439e-01 4.345639429438855061e-01 4.316926346974057083e-01 4.311047067602339355e-01 4.232612743597929938e-01 4.157679019523999875e-01 4.110494521453781913e-01 4.070771306455583938e-01 4.032663746955870154e-01 4.023087766012238831e-01 4.049709523589085092e-01 4.083857660693798741e-01 4.077086947629697256e-01 4.081971290612785852e-01 4.110752345206054592e-01 4.112159015348038626e-01 4.284493235807344536e-01
7.249895367000581681e-01 6.463932319161174167e-01 6.174498437435912424e-01 5.996705169316859374e-01 5.949323393440368868e-01 5.918016664292413687e-01 5.889327622242942484e-01 5.826396227369605718e-01 5.728590881349192587e-01 5.667402523027595951e-01 5.609422864048776436e-01 5.547026299869891597e-01 5.504028110012773034e-01 5.493875447109098920e-01 5.524092690959336860e-01 5.538109233525121411e-01 5.556893929666252285e-01 5.668863426139288952e-01 5.738330382956294828e-01 6.161439981138100430e-01
7.899649965493933390e-01 7.064730190439517665e-01 6.921931262309701793e-01 6.770832509537619837e-01 6.760003358644136595e-01 6.789443287858409892e-01 6.769688615150101230e-01 6.737957629591269093e-01 6.629561663362666390e-01 6.568239555764213700e-01 6.525644689446730151e-01 6.473446339251101023e-01 6.450549000195696658e-01 6.469554353495741150e-01 6.488956433734269780e-01 6.518950360564255142e-01 6.525269687912489402e-01 6.556612168984613520e-01 6.568639220769637577e-01 7.106640777483848037e-01
7.464498753280025545e-01 7.328228978515439751e-01 7.327844472474660531e-01 7.186198946770098184e-01 7.183212676561193666e-01 7.245398403979940172e-01 7.221840259390259753e-01 7.210669383138926802e-01 7.101892754926659723e-01 7.067215992379148881e-01 7.062035890732232257e-01 7.025242947971138685e-01 7.044200528062961597e-01 7.050642787688256030e-01 7.063060412750787886e-01 7.055940627895577189e-01 7.035942769713148248e-01 6.977136035186640717e-01 7.021199873551264847e-01 7.633286529626559513e-01
7.204699722759189129e-01 7.459468319941130465e-01 7.512738353983805517e-01 7.407777532739521220e-01 7.444254878384379825e-01 7.527689918123581236e-01 7.499147682612854471e-01 7.472741716010532498e-01 7.381872703392911017e-01 7.338188215695472527e-01 7.374299516124425136e-01 7.336461124904830600e-01 7.373949518487494803e-01 7.338232724874088619e-01 7.325999836052308201e-01 7.289320331375682693e-01 7.271776446557079998e-01 7.200536903518102161e-01 7.295819295890216827e-01 7.898183950780257589e-01
7.169850417846960200e-01 7.475040601005445984e-01 7.441158124250633055e-01 7.340537695290985098e-01 7.404674735387269946e-01 7.463646311550161672e-01 7.403300373662655698e-01 7.340572017333752974e-01 7.254029714373966264e-01 7.209070323677176928e-01 7.241008275106537440e-01 7.181429428781693769e-01 7.210329133914982203e-01 7.179277843359902489e-01 7.148933235920676976e-01 7.120924457489983261e-01 7.123944106834919632e-01 7.087079691125600656e-01 7.279740398990365291e-01 8.047087840045041851e-01
6.807810402200172861e-01 7.186571110803621210e-01 7.027217025765611913e-01 6.913362743841067193e-01 6.912545921857994324e-01 6.927870600794526768e-01 6.807434061114364665e-01 6.717127271459601978e-01 6.635607241231726849e-01 6.588686106919421359e-01 6.595109620449596255e-01 6.536143546502451995e-01 6.520143444028936308e-01 6.524838137576377539e-01 6.490729603199448805e-01 6.508075216670037300e-01 6.561662400014829366e-01 6.623339682992939181e-01 6.912318637952415967e-01 7.754380701442257218e-01
6.022390133412368618e-01 6.325780949738717407e-01 6.135013111680245323e-01 5.994165838909941701e-01 5.897433484085516930e-01 5.907837375866479279e-01 5.776337951374244106e-01 5.725870597981272958e-01 5.677329464249560864e-01 5.609352487583983971e-01 5.604314174467339704e-01 5.579589176091649394e-01 5.556101387261488389e-01 5.581869785465569667e-01 5.551932744916178164e-01 5.619793523611475994e-01 5.704850175514150079e-01 5.879510018512571490e-01 6.258074769034008833e-01 7.105044006017703362e-01
5.550495271469517711e-01 5.376107609481809435e-01 5.201838923339930920e-01 5.087262104938615748e-01 5.010859436716589288e-01 5.056513840535470372e-01 4.990034131155460240e-01 4.951766947077427816e-01 4.945863923749893032e-01 4.869530919282869519e-01 4.860713634704086350e-01 4.842768669554066707e-01 4.827929313035282388e-01 4.854576732542470463e-01 4.843548919377255735e-01 4.903749673842234813e-01 4.977240675907047551e-01 5.210573851028771353e-01 5.594425760162038408e-01 6.262203020252923302e-01
5.613645639364042150e-01 5.039376609244322625e-01 4.830350500279974035e-01 4.711979992352969826e-01 4.691198906992486428e-01 4.738596750268762592e-01 4.707310083392911015e-01 4.638264444745610615e-01 4.641146836191382685e-01 4.595669819931433309e-01 4.584333926270513504e-01 4.578389005094701814e-01 4.582143147916251658e-01 4.611516770643514507e-01 4.604041370272947131e-01 4.655291472256510854e-01 4.703475541734928878e-01 4.903619924985159750e-01 5.234394020202639553e-01 5.807740996253721866e-01
5.620970159358797957e-01 4.838772716509348593e-01 4.540654859216651795e-01 4.365399233002105195e-01 4.340165267367117607e-01 4.379417570204287569e-01 4.385986545287866023e-01 4.329156898254655772e-01 4.329715408667015875e-01 4.330092658195702771e-01 4.347668996862346091e-01 4.376142363942735480e-01 4.396062038314024201e-01 4.433060224963878970e-01 4.443263255828932001e-01 4.489938967259569647e-01 4.565154523284744581e-01 4.765803448887816485e-01 5.082452056157553688e-01 5.622296482226433190e-01
5.479862269158426447e-01 4.494503726004795419e-01 4.105160833652149455e-01 3.899086978901684652e-01 3.882101328474844570e-01 3.941978888311680751e-01 3.957034003451420645e-01 3.944393292097947978e-01 3.955938475541119215e-01 3.984147275427592505e-01 4.023074777647469569e-01 4.065748165085841803e-01 4.091048445695423807e-01 4.143502759104634725e-01 4.192209223178897104e-01 4.253937289739335714e-01 4.375343708286691391e-01 4.621847751955940886e-01 4.998656191705038165e-01 5.568956755364756761e-01
5.321448069721893548e-01 4.130941229279092020e-01 3.688093461637605430e-01 3.503541608847334787e-01 3.501769808239647008e-01 3.572156231122791126e-01 3.574134877197173155e-01 3.575623274447160549e-01 3.604093878329662770e-01 3.639942251742044887e-01 3.675849846533909560e-01 3.696512907963861450e-01 3.719515116188233939e-01 3.773679886153593621e-01 3.819856607591465836e-01 3.902386657123647629e-01 4.028038323352504113e-01 4.280876009219247158e-01 4.714184868902463466e-01 5.480920282437774516e-01
5.179860232225084182e-01 3.885521815089739706e-01 3.457139782697400965e-01 3.305807024045649412e-01 3.309135999175726317e-01 3.328033733522134940e-01 3.311512322348001969e-01 3.307989969306341371e-01 3.338661514419534737e-01 3.358378611169731687e-01 3.383107256849011701e-01 3.380147808966535994e-01 3.409275908404082456e-01 3.441349417678716827e-01 3.443901259096062151e-01 3.509999774665036876e-01 3.588134264174873134e-01 3.823191628916592921e-01 4.299961550044108516e-01 5.173530527816916358e-01
5.030090768075338170e-01 3.777699701292394630e-01 3.367969999591746699e-01 3.224827133190094064e-01 3.233595392848994110e-01 3.216072252800374343e-01 3.185914176230419392e-01 3.188836372818320553e-01 3.199096632539645269e-01 3.195046925578611807e-01 3.198757721215582661e-01 3.181817807023550881e-01 3.215433845431830417e-01 3.229033536885386191e-01 3.202276127099718539e-01 3.230739310632586569e-01 3.268903460472731282e-01 3.472112357656214066e-01 3.928507529580890223e-01 4.851260986209880444e-01
4.738016970955016283e-01 3.645030145224630314e-01 3.303095044021774895e-01 3.164340075409052266e-01 3.184742584501830120e-01 3.186272756021585328e-01 3.162527436979563067e-01 3.164796485532352377e-01 3.140056715571921120e-01 3.105958275789850176e-01 3.098938653697138612e-01 3.072393887647839605e-01 3.095108450328354355e-01 3.112079623375951232e-01 3.094709986873686036e-01 3.117963378868651714e-01 3.156874347557491189e-01 3.337389100407320841e-01 3.788121092948131818e-01 4.724402806245608377e-01
4.366560594442684407e-01 3.498906825119579289e-01 3.207470166594716399e-01 3.063722930849721027e-01 3.089163084502062340e-01 3.118797380815604980e-01 3.100304704458671234e-01 3.117848653012799676e-01 3.080650871942325342e-01 3.045548329791210596e-01 3.045694884142076675e-01 3.024082068741171803e-01 3.035185877238387175e-01 3.056664798557963691e-01 3.066797008518694079e-01 3.120977761617440005e-01 3.179538046181912825e-01 3.385005105615084275e-01 3.807059960637880214e-01 4.614002957071022815e-01
4.124337666520520029e-01 3.377725431714703186e-01 3.128716140295802473e-01 2.978931048228150580e-01 2.998746728521968774e-01 3.029126550683822194e-01 2.999481198882648636e-01 3.023078426867216173e-01 2.988289966518504204e-01 2.981916517036550807e-01 2.984144395669910965e-01 2.977881573298936657e-01 2.989081562706203399e-01 3.020843993571369901e-01 3.062941426630745867e-01 3.154763248670978681e-01 3.246843323712634288e-01 3.490548944462775194e-01 3.880056944969868526e-01 4.613008984918772759e-01
3.972248171392184779e-01 3.215519448894081367e-01 3.012634017959752719e-01 2.884574799090821040e-01 2.897587327659684742e-01 2.912049763144962666e-01 2.884748515712247108e-01 2.898636604361930491e-01 2.872802592655436804e-01 2.885385710403335913e-01 2.887744532831116318e-01 2.887643655597211256e-01 2.894934408098874812e-01 2.925960474566823288e-01 2.991561271898810492e-01 3.095928853182274287e-01 3.215584286343657894e-01 3.461061322324451850e-01 3.811614992506793809e-01 4.474209512336539407e-01
3.801990976632739772e-01 3.085965267543984702e-01 2.901073796422392048e-01 2.776460443186158922e-01 2.772236681550466764e-01 2.778738853349570492e-01 2.776350672640222617e-01 2.791812379039084191e-01 2.779848717929039315e-01 2.794503317811444232e-01 2.795058960017339222e-01 2.789814989289850500e-01 2.793375263094291516e-01 2.821420597297805699e-01 2.880243282107121106e-01 2.961159637307326786e-01 3.062041801777319883e-01 3.286536295624270521e-01 3.578796570137444122e-01 4.077172105911820443e-01
3.731048146739829874e-01 3.025035457923407889e-01 2.815538761065766171e-01 2.679455078604508489e-01 2.656594557726802974e-01 2.659847777829028592e-01 2.663631757624725371e-01 2.682747444296418315e-01 2.683571469474582694e-01 2.707364684923422304e-01 2.714313106951203314e-01 2.709748858369848690e-01 2.703043451579104639e-01 2.729853295728251750e-01 2.767600549464389048e-01 2.822193416322583137e-01 2.911756801736949951e-01 3.110353297264568662e-01 3.376471673925044437e-01 3.707995995335625072e-01
3.541581149037841270e-01 2.920406804930611999e-01 2.701374850066057820e-01 2.567817401296846880e-01 2.540190444366349221e-01 2.536154628708789383e-01 2.528615522740569332e-01 2.543345115622184238e-01 2.559293386055223052e-01 2.591003182008352335e-01 2.610842695076805442e-01 2.597869517482936375e-01 2.586671564253817390e-01 2.597336018868423579e-01 2.622252431377383175e-01 2.669806043677655505e-01 2.747116497932786117e-01 2.918676875975089180e-01 3.164867871730794313e-01 3.395087642164804631e-01
3.199872165515788569e-01 2.748186623395141304e-01 2.510408456396990284e-01 2.386614081148095978e-01 2.347854595063832150e-01 2.328463053982832986e-01 2.318817171713354053e-01 2.332684149213522518e-01 2.350947541682992803e-01 2.377460357226485188e-01 2.399855912946876335e-01 2.377826753882822663e-01 2.369097229074026700e-01 2.373303079108394775e-01 2.394812720902280145e-01 2.449779742081133194e-01 2.522210787428593171e-01 2.670841913074867291e-01 2.897684575646459759e-01 3.011815444890463267e-01
2.904644874205687399e-01 2.504315819782611530e-01 2.263541525103441032e-01 2.150306682456855911e-01 2.101457242800904290e-01 2.063612920774513249e-01 2.046252779079428818e-01 2.051043675033890346e-01 2.067381858439575060e-01 2.081409426876620339e-01 2.098833077048783136e-01 2.078918420261954558e-01 2.080134993391202503e-01 2.096380082198156802e-01 2.113921215079860860e-01 2.173468355366608706e-01 2.243224759526528111e-01 2.363740987203932775e-01 2.574148577309854913e-01 2.628900226807108775e-01
2.549846418559791883e-01 2.193264612348502507e-01 1.958510067706300539e-01 1.862353698518162681e-01 1.819027688335207171e-01 1.778077965985687403e-01 1.762951776656760949e-01 1.760337066575591858e-01 1.770636136725832754e-01 1.783989057489342722e-01 1.796562442570799056e-01 1.780115103588311154e-01 1.784414612826491220e-01 1.810420369385058459e-01 1.826814303023268360e-01 1.878284514837289809e-01 1.944285318162391751e-01 2.049934237424990979e-01 2.250375144531429894e-01 2.268940097365526598e-01
2.174727701873543639e-01 1.849950273717317351e-01 1.618183452551464896e-01 1.537632141863876922e-01 1.497359511963453904e-01 1.464457188500004614e-01 1.460044514845201258e-01 1.461048439484322892e-01 1.467923715134901719e-01 1.487413007385129937e-01 1.494684887442228050e-01 1.477569048551073960e-01 1.474693386669973516e-01 1.497784282609868622e-01 1.511928383590097347e-01 1.554786153379623115e-01 1.618069374229009205e-01 1.728495007026034369e-01 1.904642752485778134e-01 1.920531262209322354e-01
1.835316558514163143e-01 1.502615226629049061e-01 1.301450309261267813e-01 1.237177331831486732e-01 1.204168505155319008e-01 1.179991545934495206e-01 1.175002459159818630e-01 1.173276486736202079e-01 1.176918353362869790e-01 1.191649637494168190e-01 1.193987211070281218e-01 1.181060803498553691e-01 1.183205652280019948e-01 1.209831866419611435e-01 1.220655463596343471e-01 1.258976002577631426e-01 1.306356102683224607e-01 1.402755600554695392e-01 1.547836116741772572e-01 1.640278956389365772e-01
1.514869999931912070e-01 1.181855082263908313e-01 1.042948403047012501e-01 9.870736272327902683e-02 9.633518392838738564e-02 9.494870803581494101e-02 9.445143263810114320e-02 9.396930406646122891e-02 9.406155503463820011e-02 9.487945669531176740e-02 9.531082166413697154e-02 9.449280494485225168e-02 9.525090374201704291e-02 9.754021581695469789e-02 9.890984255161906769e-02 1.015577452273389719e-01 1.045253354337483398e-01 1.134284217735995054e-01 1.264207930212080111e-01 1.467206982188546949e-01
1.198290487464859361e-01 9.316844858684085462e-02 8.193053694689905742e-02 7.736160493351132428e-02 7.605271870409366364e-02 7.602746262566124902e-02 7.531089263212487062e-02 7.532852893899263935e-02 7.590709381715700366e-02 7.678024437055189222e-02 7.709175840998405693e-02 7.613052528789716888e-02 7.739525315353951163e-02 7.949337955444035764e-02 8.178517718347502741e-02 8.401804565109964595e-02 8.585628754004412388e-02 9.365176486403550826e-02 1.045885713546944040e-01 1.229222403250161827e-01
9.483274438030953046e-02 7.433904799395525675e-02 6.506139060604845814e-02 6.171151144141325678e-02 6.186847635776150656e-02 6.198755065987374829e-02 6.123888963304933986e-02 6.059704032011725694e-02 6.084144993301561499e-02 6.168578071605535645e-02 6.195130128537645192e-02 6.155600309463108571e-02 6.177391003807001374e-02 6.360986813125607542e-02 6.570774870864316830e-02 6.718892030951680028e-02 6.842079408074933089e-02 7.377255373003079042e-02 8.247391760974424890e-02 9.480642531320879196e-02
7.230328138254062120e-02 5.954236140682993977e-02 5.372923196296523762e-02 5.093521130010537912e-02 5.086064628498330326e-02 5.069681517764373230e-02 5.019942824212662164e-02 4.909816825722344152e-02 4.895801054070421376e-02 4.954106989187437304e-02 5.033027608218446775e-02 5.044370211673163823e-02 4.986536495144393982e-02 5.126270905269660755e-02 5.264926083499283510e-02 5.433276554824952725e-02 5.597978983137567172e-02 5.960057470056934897e-02 6.482039320608004584e-02 7.045356284040404926e-02
5.725718932464964050e-02 4.721806606218550972e-02 4.298483942876403507e-02 4.117809639517912984e-02 4.081788448443047362e-02 4.114582815670796145e-02 4.117620098426687247e-02 4.048641791804241663e-02 3.970391838818964486e-02 3.988711308816267342e-02 4.084792966736459224e-02 4.139319277376898171e-02 4.078142195226167749e-02 4.124344779458456040e-02 4.167568875418586893e-02 4.285448070680367150e-02 4.418928537840221410e-02 4.668715530793105667e-02 5.108758981813477790e-02 5.325271218744686424e-02
4.868065925570826125e-02 3.705227440257099353e-02 3.388987487113796770e-02 3.234169640614546065e-02 3.188997824277851195e-02 3.237031988016713518e-02 3.318287418991279492e-02 3.270400316900425736e-02 3.196806332744675516e-02 3.184586398591352646e-02 3.255421833630994105e-02 3.289204544562755739e-02 3.259529146122779053e-02 3.295453507447622388e-02 3.336560600136347782e-02 3.367815812132956416e-02 3.464514493190370276e-02 3.652263016465710777e-02 3.968367957424188269e-02 4.085947763685072315e-02
3.979968814278951605e-02 2.989606870319347701e-02 2.686406902286395462e-02 2.579154668431414554e-02 2.537754165205396636e-02 2.544270996486236794e-02 2.573074701219457347e-02 2.533663108736306999e-02 2.499041982100902448e-02 2.477364615282866278e-02 2.486286018725759883e-02 2.511750741024412065e-02 2.526172261242953798e-02 2.532234024270246103e-02 2.558399336198749832e-02 2.632301308182984079e-02 2.690096111513410118e-02 2.822386252697432416e-02 3.030470590610374534e-02 3.101266303450352091e-02
2.997473351603471836e-02 2.311109340595693049e-02 2.035409797583127151e-02 1.960654315199100370e-02 1.925477963606024925e-02 1.921709915107821035e-02 1.916308295538142817e-02 1.908868610933754650e-02 1.898159223826692207e-02 1.895665725464960524e-02 1.894674934921947163e-02 1.909400917995385250e-02 1.913033505228355427e-02 1.902669493903625178e-02 1.910406258254940606e-02 1.960757050468415336e-02 2.004740447097301537e-02 2.075675074728957833e-02 2.244334846036158057e-02 2.366464681814346022e-02
2.067578766719730538e-02 1.638780653171613075e-02 1.487376723798536707e-02 1.458986575493297945e-02 1.467350692967366380e-02 1.483634107916002864e-02 1.480137766544291703e-02 1.459791997586219053e-02 1.458672166084246102e-02 1.451023290091290295e-02 1.463274684387003838e-02 1.465584806050183875e-02 1.460281043037113188e-02 1.457161820273145635e-02 1.463811437355845568e-02 1.463151360964008545e-02 1.494679942807170328e-02 1.553824879224034033e-02 1.684566276264534007e-02 1.805204293299208021e-02
1.583859883183923872e-02 1.325663383089049387e-02 1.216509214539241053e-02 1.184498469550077440e-02 1.190352385843699082e-02 1.216135115060521313e-02 1.213552812023080754e-02 1.186396695456196949e-02 1.182409651021527723e-02 1.183348069352689255e-02 1.198279221676966204e-02 1.202291085714810547e-02 1.185608736938919064e-02 1.179742948349861605e-02 1.177857418753289719e-02 1.170934807976789331e-02 1.199444744336847918e-02 1.238525075462685449e-02 1.297316994300259235e-02 1.399490313144303999e-02
1.153018655301209748e-02 1.082977524813834996e-02 9.876091639175448716e-03 9.532948142305831471e-03 9.555153426803899772e-03 9.746077507533814147e-03 9.785465361182852859e-03 9.699273910178036681e-03 9.642777687757354485e-03 9.681833721595175038e-03 9.740002734465050618e-03 9.739846142045959984e-03 9.662805167760942296e-03 9.602032413609582276e-03 9.547180637754984836e-03 9.583129519187929754e-03 9.769908192174929507e-03 1.002992047323406945e-02 1.058147672529687923e-02 1.192505762993542953e-02
8.336000870672212806e-03 7.902320273315169979e-03 7.350644995287924054e-03 7.182980695053915732e-03 7.279494096868748335e-03 7.436310989338793843e-03 7.511838943966145550e-03 7.573725003820272125e-03 7.499846447021029684e-03 7.470269644634233014e-03 7.462292781785376597e-03 7.419136798644648464e-03 7.405379780362855192e-03 7.339161261724820931e-03 7.307273306745296244e-03 7.322848351052103043e-03 7.392052975415307203e-03 7.455168213386202669e-03 7.811522408726372622e-03 8.877612125176044880e-03
5.688069733762584138e-03 5.384267342144360459e-03 5.190686828242688754e-03 5.096274732933990005e-03 5.086292421496042999e-03 5.160353015969369392e-03 5.186471210555096585e-03 5.251478512335015954e-03 5.197711896781402434e-03 5.174793870867350036e-03 5.153995715184847733e-03 5.133883261630889372e-03 5.158149236468049029e-03 5.138800892792441330e-03 5.119156622493880801e-03 5.126452853602731126e-03 5.166298509705111175e-03 5.175024931293440225e-03 5.403918984357451195e-03 5.980724631562042877e-03
3.368096429794035541e-03 3.416588225244525205e-03 3.339007976549858512e-03 3.288434996541945987e-03 3.294865702774593414e-03 3.348137910046412088e-03 3.340383185161283595e-03 3.354566312429348683e-03 3.343279727501835465e-03 3.351485305302497660e-03 3.323769535062382711e-03 3.311383601336610055e-03 3.313991217593368309e-03 3.316366993631083941e-03 3.318786241214914581e-03 3.348808792915213516e-03 3.389258583749115046e-03 3.404230013614937145e-03 3.512483151940372448e-03 3.618356895447883467e-03
2.102494956997455131e-03 2.031936785149850329e-03 1.969820897907910082e-03 1.936468976506252595e-03 1.942516456033773278e-03 1.982848882242981090e-03 1.987077450684024676e-03 1.998341521963341305e-03 2.004485159750368176e-03 2.022571855349350727e-03 2.012081217618010617e-03 1.987223176754266372e-03 1.973560843486047572e-03 1.962018962751463889e-03 1.976740215093494065e-03 1.995498916693726199e-03 2.012898037792215048e-03 2.050985517825325115e-03 2.105763970161800801e-03 2.206953302637175082e-03
1.144553876969522802e-03 1.080474222419212493e-03 1.045368723759360682e-03 1.024720716962701245e-03 1.019253624131742945e-03 1.038255283451160627e-03 1.038211936091949436e-03 1.049158986585189100e-03 1.058825578144975688e-03 1.073060535792297494e-03 1.072169297723113077e-03 1.062736291125824942e-03 1.057345565794662974e-03 1.054764766568213772e-03 1.060544624091899757e-03 1.067545147417747102e-03 1.085506225985750917e-03 1.111641265234612286e-03 1.155276895206073335e-03 1.210815648790787655e-03
5.605648130990575342e-04 5.608287873002030903e-04 5.384440916351117268e-04 5.219431470447635996e-04 5.135547083275996414e-04 5.151490090386640335e-04 5.124513213171524948e-04 5.161927442856795905e-04 5.198249924735463823e-04 5.249526075766100877e-04 5.215492840927396252e-04 5.170548713636518873e-04 5.197058651334838120e-04 5.185163100245031471e-04 5.245296585892290833e-04 5.268016515544462737e-04 5.302724339953006696e-04 5.366499258865109522e-04 5.555734047551489545e-04 5.710117618074014075e-04
2.651838461253308230e-04 2.649960831567157071e-04 2.611025984157755724e-04 2.523948523853056995e-04 2.461048278820370948e-04 2.455294519810157926e-04 2.435853685672533973e-04 2.417559216448537430e-04 2.425673595133629921e-04 2.436752028436281524e-04 2.432489137675204977e-04 2.409806764509496576e-04 2.424231859456713696e-04 2.431065601638905465e-04 2.430284418716083727e-04 2.455910372345512988e-04 2.472183147640642635e-04 2.496307414509068906e-04 2.522586424413540175e-04 2.580672190665626951e-04
1.067043210047850907e-04 1.018187852783700197e-04 1.014035675091119201e-04 9.839494352024127303e-05 9.757495216609314776e-05 9.703807516889664862e-05 9.647208161380631025e-05 9.663808858906145285e-05 9.726245823411446294e-05 9.832551451980785402e-05 9.896561463591024084e-05 9.776584033771657726e-05 9.759298988786543980e-05 9.782886832138129531e-05 9.751046661959951998e-05 9.780020354698390668e-05 9.912437202968859889e-05 1.006993655863587181e-04 1.054877702450008389e-04 1.126598736555047453e-04
6.324322998613201739e-05 5.208950045575971442e-05 4.955146250272081442e-05 4.860820302808961299e-05 4.846790964383709057e-05 4.822028220549277530e-05 4.903279311094174968e-05 4.861359142488545532e-05 4.895469341208238425e-05 4.915137325882062524e-05 4.921986524601665080e-05 4.936487484488872858e-05 4.956775672305749472e-05 4.970070717355535260e-05 4.985203464318201653e-05 5.019593199959668950e-05 5.178018866985505738e-05 5.435963825186359790e-05 5.809681842129750995e-05 6.151527744468785288e-05
5.075103357072629302e-05 4.339770132956738294e-05 4.148358926637116072e-05 4.023505656100506933e-05 3.955975509775543260e-05 3.913855853794456351e-05 3.944148002225878955e-05 3.896922295397605394e-05 3.927069799102066248e-05 3.926932692331139957e-05 3.953558217910928290e-05 3.927783582481040193e-05 3.957329723348997958e-05 3.999486866568998782e-05 4.079311030816060304e-05 4.139337603155951602e-05 4.263082207120551167e-05 4.449823121228798994e-05 4.753571601646889888e-05 5.203402532997405662e-05
1.220853458332794882e-04 1.148503707408004047e-04 1.136961522490663717e-04 1.129090513029757422e-04 1.133939447398482587e-04 1.144614258846613457e-04 1.152253611979698445e-04 1.165762350480068860e-04 1.187104850671649763e-04 1.201408818286728118e-04 1.211795895947385097e-04 1.217284104653946488e-04 1.244556608912275272e-04 1.259131893687581813e-04 1.280709818528487658e-04 1.291521336529291911e-04 1.312281522136049452e-04 1.319733502176354282e-04 1.286420468965388908e-04 1.233195107022173214e-04
