6.188915310461614444e-02
5.925120671221249108e-02
5.733213848980309169e-02
5.691090679800121094e-02
5.647989735015025020e-02
5.711308046992198684e-02
5.721764932774553447e-02
5.730541540005167078e-02
5.664787595945251775e-02
5.601760375336351655e-02
5.619391949242904388e-02
5.607392594638372502e-02
5.628805963767632287e-02
5.645075279578200267e-02
5.663935020601984505e-02
5.660128095808954901e-02
5.710157826743253451e-02
5.801218155480636351e-02
5.934111564513281506e-02
6.358138042151055547e-02
