1.529693146303400702e-04 3.202119247847681738e-04 4.624699235745216228e-04 4.958710804776877154e-04 4.410464832400004293e-04 4.230016461228084008e-03 4.733323331567651157e-04 1.137336945484034457e-03 2.235990396683796091e-04 2.398311602569032624e-04 1.801483533140449151e-04 1.715338213814406726e-04 1.784000087898000777e-04 3.048879413162523724e-04 1.663899946352055247e-03 2.412358906070592279e-04 2.665253985417891840e-04 1.165340557085632297e-04 1.960178449968837881e-04 9.803327758488990338e-05
9.010530929755456320e-04 9.856972011366336994e-03 5.997155808758875516e-03 6.800371349467028599e-03 6.583709408234961549e-03 2.263338419106434175e-03 2.195487745281328711e-03 4.085797112044941420e-03 1.142257474074623129e-03 5.844335939185941889e-04 2.136242011576295913e-03 2.201065663595508284e-03 1.548995673902734023e-03 1.465668934539824698e-03 5.470848123144362923e-04 3.828691292068801496e-04 3.401788252576825656e-04 4.439180157835144838e-04 4.175633613660385737e-04 2.284875775109690421e-04
2.502597241147561102e-02 1.129076678565032049e-01 2.377854432684156985e-02 5.321295183773404325e-02 3.926699118488385237e-02 2.641721769230069919e-02 5.989453327626445556e-02 1.012785148628917442e-01 1.083942441526420351e-02 1.759068253974591794e-02 1.774027026751711644e-01 5.638933622592210426e-01 1.074797560525370677e-01 3.056262670798455885e-02 1.147271451973053552e-01 1.254113516013883635e-02 1.184759305369782051e-02 8.781841916954920280e-03 8.588984238173764593e-03 5.914217523377488309e-03
5.182403475012276745e-02 1.134027998567922607e-01 2.512872727888483260e-01 1.379042098610438749e-01 5.606556331574452656e-01 2.820230936979573055e-01 3.455647661343951293e-01 9.978099017177388674e-02 3.497590156728169197e-01 1.151923343829679286e-01 6.421387891996307995e-02 1.790988718934440893e-01 1.427997009207872536e-01 1.192037391022379711e-01 8.459795762506934491e-02 4.748737089145093487e-02 4.294647368365634987e-01 5.988548337093940049e-02 1.101149307743928690e-01 2.192531596686140005e-01
2.153250436764285458e-01 1.571151569820029015e-01 1.219091315574814122e-01 2.303312653899637352e-01 2.575409071489748736e-01 6.625261391756898988e+00 3.231925782196934382e-01 1.171987981120076738e-01 2.243206055184553682e-01 2.789065951862392811e-01 1.008062008152748046e+00 1.480960553889692499e-01 7.164390800576440066e-01 3.166269736623660291e-01 2.524584340177730146e-01 7.281429040824274335e-01 2.282336256867185942e-01 1.545301024315638427e-01 1.550720824963004729e-01 3.014148796222641535e-01
2.675946581768116950e+00 4.970293152564530526e-01 4.346681589215165009e-01 3.301370417000145441e+00 6.978721990295991828e-01 2.185634930602569082e-01 5.501877215507292584e-01 2.658200604446660620e+00 4.277816241367174976e-01 2.376703853194491955e+00 4.083967600312250568e+01 3.473333803451533197e-01 8.423091869723627667e+01 5.373004992094009280e-01 1.576609980076067608e+01 4.892799672002946521e-01 5.659747771303336172e-01 3.015972724916976322e+00 6.321018751751213971e-01 4.951978582284379260e-01
8.718109176369248203e+00 6.796638875530484070e-01 1.351359322874419400e+00 2.484917300580213428e+00 1.345717801072709996e+00 9.753646409394444161e-01 1.404722114537599875e+00 1.996984741049621093e+00 2.815168676497219025e+00 1.359610314563208799e+00 9.893085409883118908e-01 4.296965147211617153e-01 1.740874565559987319e+00 8.268516892985864342e-01 9.718774698928944744e-01 1.496248626867968667e+00 9.220897456338073006e-01 1.548149163673361528e+00 3.494397514974086905e-01 1.025498203410184272e+00
2.796541958225122748e+00 3.068289030881085733e+00 2.123342056209736928e+00 2.575482713631850551e+00 1.705113536650786354e+00 1.007959017688338621e+00 1.886660929841983192e+00 2.785366052208955612e+00 1.099431099386509292e+00 2.377866974009824830e+00 1.302090145251980857e+00 5.110568323637862953e+00 2.503796595030436389e+00 3.098720755934158078e+00 2.123146746955695274e+00 1.903861483042371461e+01 2.725368019251638518e+00 1.060737014784586041e+00 8.018980413595665269e+00 6.381235792623022540e+00
3.892355452834277418e+00 2.327429819727963256e+00 2.014287451616923352e+00 2.902027315720931533e+00 2.538164764186209066e+00 3.458854314776516503e+00 5.410738414750774439e+00 8.013520427650467681e+00 5.356984657753651291e+00 3.650351082446814388e+00 1.097405387617125072e+01 2.573555508882971132e+00 1.372422049206597938e+00 1.810891962460169324e+01 8.408724420898307983e+01 7.109448060098067401e+00 1.864946806685279679e+00 3.432868215653848143e+00 4.351962365615094086e+01 5.656434618996912889e+01
4.070791731653163659e+00 1.163130440477249117e+01 7.939185345192257159e+01 2.937627103315879751e+01 3.607936254418935107e+01 9.737921287822569383e+00 7.573037259712520175e+00 1.210608203054630927e+01 3.736851379330162359e+01 3.877557660224641545e+00 1.218752458768042057e+00 5.798138075064617425e+00 4.124515823612463805e+01 3.099541753529799326e+00 8.832560706530227179e+00 2.736340815864693354e+00 9.910277230054552433e+01 1.132391744405638612e+01 4.445434284591325280e+00 5.184750574756968433e+00
3.472979423953849842e+00 2.809058940186108089e+01 1.229495362412052550e+01 5.323975935346918220e+01 2.541724668220345507e+01 4.983893015764208734e+00 3.979643769475161186e+00 3.482652735534270239e+00 4.568050418232299847e+00 8.727240943156942876e+00 4.593205453798217874e+00 7.118532752757033677e+01 5.675375478349680236e+01 9.985270751919186694e+01 4.541984872339774881e+00 1.584150508555415726e+01 3.086057794660131748e+01 1.142403489521472970e+01 8.786122070910053594e+00 4.518750554118879137e+01
8.153069753061615188e+00 2.065730102921576616e+01 5.885623743868164226e+00 1.150330856545341973e+01 1.274616463895301877e+01 2.391053065442203973e+01 7.714385731161597448e+01 9.156888967027322579e+00 6.595840506464751840e+00 4.225804574574464567e+00 1.096950445557601057e+02 3.974421645474139897e+00 3.860921073332860942e+02 3.298328614199007802e+00 6.284599454218860792e+00 7.382483479570725038e+00 3.228592303660361722e+02 4.576747417802499385e+00 5.166069516606919265e+00 3.865634121125767209e+00
3.575612952987151871e+00 1.010248976843923252e+01 7.000118625268117789e+00 2.054782517531622776e+00 5.459255232752247444e+00 3.214324881827945291e+00 3.013417865225806125e+00 2.990739125430848411e+00 1.339453885921533605e+01 1.380284626906411560e+01 1.516372450369487446e+01 5.311142994785057247e+00 1.339687392426778167e+01 5.875683772806844729e+00 1.709223773673862112e+01 3.315355029235579121e+00 3.344862870670782140e+00 1.272977073785195756e+01 1.943625331614637242e+00 4.921169431173957776e+00
1.585563011174291104e+00 2.448497433412108126e+00 7.330681402017574122e+00 1.559812080469079731e+01 9.972527510500572845e+00 5.154755570877501469e+00 1.214926195761013439e+01 6.117970053112350115e+01 2.275776536233790992e+01 5.387853243815638962e+02 1.779669597619765398e+01 3.743091046433327307e+01 5.882044297750778306e+00 5.958765756515462364e+00 5.776486615858352280e+01 6.983330439959984481e+00 4.307457068226999475e+00 7.734856673624729062e+00 1.933293896996023165e+01 5.784646806734747848e+00
2.573196339273622346e+00 5.422356270311018633e+00 3.952728529029249316e+00 8.698564943040501873e+00 8.978499407327570125e+00 4.428503753638826090e+00 4.681215626306028099e+01 7.841737283867246333e+00 4.905221708354735810e+00 6.943497556371840851e+00 4.755240373237322515e+00 3.300370189947680188e+01 8.390647434795724280e+00 9.381814688130948099e+00 3.422668514291247277e+01 6.327915386805504916e+00 4.113023489444976200e+00 4.428263388274580770e+00 2.528207875363438717e+00 7.143810788832888115e+00
2.502798496296880870e+01 1.343958384467996403e+01 5.899895750202873046e+00 2.790004201989508559e+01 1.415547297891795964e+01 1.210587108607708906e+01 8.134691503215355723e+00 1.673225394107655362e+01 3.975140680379811720e+00 3.060316350037547650e+00 1.197861455545711493e+02 9.828554616430878355e+00 4.085673491701669491e+00 3.408501328894973259e+00 2.560841203990353865e+00 5.262046789800727709e+00 5.238646458350448398e+00 2.554569665411560209e+01 2.785118634340795207e+00 7.995993078443863311e+00
5.525095932410734711e+00 1.657655288045169817e+00 1.519087210536713783e+01 4.571820917404239459e+00 1.022816742949410518e+01 3.309512316702235779e+00 6.900801433213574754e+00 4.914735712975423354e+01 9.650125411997741764e+00 2.732152045656154016e+01 2.480519362951076801e+01 3.069448350312143248e+00 7.777572384609125145e+00 3.390556393876068775e+00 2.141070079748186306e+00 3.703368059388735034e+00 1.690187509439750357e+01 2.724283788292849806e+01 2.792229695636612163e+00 4.949458901686185186e+00
9.150091464568339106e+00 6.500029301497709078e+00 5.011152823206353801e+00 3.296145494370080975e+00 2.726310761664859861e+00 1.945941612393937135e+02 2.692318632812839674e+00 4.005471032418068233e+00 3.676541757763832408e+00 7.155317889137879028e+00 4.118631467461719708e+00 6.722591325727708345e+00 3.195966792694802994e+00 3.497872224789360107e+00 4.145944211677256241e+00 1.018766208094683861e+03 1.260690786787094275e+01 7.144899282343370572e+00 7.658706925136319121e+00 1.911059054773537103e+00
3.392584973632759926e+01 6.517108115104806032e+00 3.821922048075037548e+00 5.457346074900097932e+00 5.275428097791889925e+00 4.144288753453552410e+00 5.088200031243304444e+00 8.439554940972032071e+00 5.977723029891592432e+00 1.095474983676877656e+01 2.248264778593462268e+02 8.706140156211198189e+00 7.817208278429482071e+00 5.468247995101367387e+00 3.788197025191720524e+00 2.392908260736342996e+00 1.035427727186836222e+01 7.434074012014519006e+00 6.486890270299347172e+00 1.120393504882291147e+01
5.979244411270737913e+00 3.351457342035105036e+00 2.954091045180680108e+00 3.900549335155004904e+00 8.612729401749039226e+00 1.757659353083079745e+00 4.993377407683002644e+00 5.651861149838588894e+00 2.822458046664449771e+00 2.473265891616376067e+01 4.772687197870624800e+02 2.212680331692114866e+00 8.392408651514543294e+00 3.058612390840869555e+00 6.917798509060997247e+00 1.855130954413936806e+01 3.735508731602700916e+00 7.683172784372642639e+01 4.713074209058379260e+00 1.020911206299318330e+01
1.994344052912333076e+00 5.743436537469771785e+00 2.090155880094153762e+00 2.488666997184114660e+00 2.554868811499850345e+00 9.694119146492440109e+00 4.129754433111285650e+00 9.777304202263931643e+01 4.622437310524292187e+00 3.177749127447123456e+00 3.217697122149105837e+01 8.248168745205368850e+02 2.243022655621738526e+00 5.173967942008255605e+00 6.581429622212824349e+00 4.886665851129468940e+00 6.400380367432603634e+00 5.248920979409437138e+00 4.265832557283586368e+01 7.123483878275285619e+00
2.650505729886206918e+00 2.593774306321348533e+00 2.950179696810151242e+01 1.792606297431044737e+01 1.090645204481920594e+01 5.193864945780540587e+00 8.297267293530921961e+00 3.576468950184272355e+00 3.723027051846661717e+00 1.221806944160578778e+00 2.767307941850150943e+00 8.290621778159227517e+00 6.377748393094347712e+00 6.327076132650447882e+00 1.562549449758301012e+00 2.738183466288854007e+00 3.603622540305146060e+00 3.584018433647956581e+00 3.887915496427074658e+01 4.283824627188483447e+00
4.183719023188692709e+00 2.467263311856014329e+00 1.265681356155071935e+00 2.853894792663304969e+01 9.430956009199943368e-01 3.379659210220374632e+01 6.423725003715360060e+01 1.004784443706668995e+01 1.479561730064306246e+01 8.344693960691436985e+00 2.807166107229566610e+00 4.286612887215458301e+00 3.591670613533350043e+00 2.354091658181369340e+00 2.233232374868546977e+00 2.920583042723686873e+01 7.235173662087002633e+00 1.275927590700549841e+00 1.775800206899776690e+00 7.231159346290759515e+00
3.751579291905542135e+01 5.731687213618211096e+00 1.353263828192887352e+01 4.287648639723022903e+00 3.570183135381777007e+00 1.176639987721937075e+01 6.957678459689646822e+00 2.354869256501352037e+00 6.448340845915086383e+00 3.520231697815793925e+00 2.133863293923320725e+01 9.986819511611809475e+00 4.068804701641856703e+00 6.907885411345263904e+00 4.471512094482354982e+00 3.829173833347194744e+00 9.341771267928589140e+00 2.363175980316202018e+00 3.927375487224239237e+01 2.265355421999785790e+00
2.294543628712379046e+00 3.401476269596749802e+01 7.041300005029233589e+00 8.717285912736424791e+01 1.247771558697621508e+01 2.328136009043008130e+02 3.673669209035188121e+00 1.142981942503611847e+01 5.735038517118475454e+00 5.629741951754310136e+00 1.295682678740823768e+01 6.200725184950508506e+00 5.403314173435793322e+01 2.246161576503758184e+01 5.753196913753874320e+00 1.322856808425489561e+01 6.161760348728817505e+00 2.874636325444777984e+00 1.849752734320364880e+02 4.638071596718135226e+01
1.432477215722848918e+00 1.020911550581813110e+01 7.274568114678893416e+00 1.845795911879033468e+00 3.762647067819520963e+00 3.853253568966223064e+00 2.168049757304408853e+00 2.477785987973234683e+00 1.974442975981549386e+00 4.166884122730964179e+01 6.234352850282683711e+00 1.344069863833377676e+00 2.101451398904162993e+00 5.528313300416673570e+00 4.235608833758985448e+00 3.601251569975409517e+00 5.439505156464544022e+00 2.656934649523715564e+01 2.568948421060161991e+01 1.689529547597149239e+00
1.879668136961460068e+00 2.193722666965187074e+01 2.315504022113909599e+00 3.841484624136370929e+00 6.400012117446986615e+00 7.106542550506957490e+00 2.199517679356267053e+01 2.444192147943539339e+00 2.637728746525147994e+00 2.277225149956728867e+00 2.042784497523818743e+00 9.285154074677077318e+00 5.182515163609811459e+00 3.944699691150005627e+00 2.827665618230572608e+00 3.871782225181947368e+00 2.908166491937822506e+00 1.872469199116309113e+01 3.941670582209203744e+00 1.660123336074445888e+01
2.303513655396001614e+00 7.686724771140463019e+01 6.476718542634233522e+00 6.768412893178060585e+01 5.006787150197305358e+00 4.895433464609883600e+00 9.513700552415649270e+00 6.450318491835875356e+00 4.447578660152471386e+00 2.471545190676212300e+01 5.963521879372243539e+00 3.828940977077687435e+00 3.152483112451031744e+00 1.755114855267944751e+00 5.838957827024612968e+00 1.970442060653837313e+00 1.673099866967014293e+01 5.110432885346552823e+00 5.958472606666640026e+00 5.185801642988308480e+00
7.212206234041685704e+00 5.803145958396594750e+00 6.967252154936165454e+00 5.273817047760714694e+00 1.332720383540377895e+01 2.201868495766559075e+00 1.589330892232553971e+01 1.741867409826720703e+01 4.105826275585440222e+00 2.169009417277676164e+02 2.193529428653037794e+00 5.218648724099548275e+00 4.630856105390273925e+00 1.815742327748507634e+01 3.874473461887216530e+00 6.075045542325403858e+01 9.714341074625561845e+00 2.339937054066242794e+01 2.406387875843056356e+00 7.627604659507570162e+00
6.649295283347472107e+00 5.331318564576827512e+00 6.315804143883769761e+00 1.180432149440609457e+01 5.184575314039993721e+00 1.353041280596839044e+02 6.250308063412505000e+00 1.258535840121585814e+01 3.710293267044789012e+00 6.223404956011334477e+00 9.805024438458474378e+01 2.704204964047565607e+00 4.691437285762849463e+00 4.092815225859045114e+00 1.301298710066028796e+01 1.327965692076664084e+01 1.267590697406882327e+01 6.380862033373422726e+00 5.777394346466592445e+00 3.564171863225787718e+00
3.932394404795497511e+00 1.474750433224149049e+02 3.656410440189013844e+00 8.369241942979734006e+00 5.854093098285590990e+00 1.939111096324329964e+01 4.896263178695754448e+00 5.600689100413929644e+00 8.066998171725634492e+00 1.239190591277731990e+01 1.436514204404025641e+01 1.557225663374083169e+01 8.435218617837771049e+00 1.127259079531481412e+01 1.647551757550851903e+01 8.663820048826766040e+00 5.303315603756667684e+01 4.520966723789017294e+01 1.277627341012690287e+01 1.999125078186241300e+00
1.693878743848332480e+00 3.306258226541208600e+00 1.182655384002766041e+01 2.373546514624905512e+01 1.571868262406858996e+01 3.931753796283440128e+00 1.273795037487079540e+01 9.024767919858637910e+00 5.453759393758085494e+00 2.131024018661748087e+01 2.029689809244038301e+01 7.133191587620630436e+00 4.447395495704017598e+00 1.402210435277426903e+01 5.741512618966869930e+00 6.523343152278551997e+02 6.700022473527203815e+00 1.135289183326994689e+01 3.742423936058951739e+01 3.395761652565439714e+00
3.459240819580143622e+00 8.631413129323551203e+00 3.946408544971539367e+00 1.316168460805723761e+01 3.656620218919811549e+01 5.272934280565221599e+01 9.413329139519419186e+00 4.722371513177390234e+00 1.411124664547527807e+01 1.309683190800821251e+02 4.228665977452117808e+00 1.259648223238240483e+01 4.897532623271302121e+00 6.090135753248028472e+00 8.948273123846604449e+00 6.353297914417967540e+00 2.449503717592626728e+01 4.158487903533139907e+00 5.232709451569050429e+01 2.518161468431659955e+01
3.269361174223135436e+01 3.344945060896617584e+00 4.381141064357523192e+02 9.649755219621360069e+00 1.583871156782094403e+01 3.506996199269520531e+01 1.761508838618425798e+01 7.365299316379108951e+00 5.228149352990183907e+00 1.869746739908058686e+01 3.813637761541701643e+00 7.321210481844306450e+00 6.728230297244929048e+00 5.413453371053876140e+01 1.340583933869586986e+01 4.904183442891792311e+00 3.363809418862373057e+00 1.411780063812851971e+01 8.203173458071717050e+00 1.011940960784002996e+01
3.122831416570386764e+00 5.906891110379286935e+00 5.157709206643216859e+00 8.962495140365929203e+00 6.075736510607089969e+00 1.408377555655464164e+02 3.969306096744179335e+00 4.635272610109360869e+01 1.293318471045290607e+01 2.312262985715697639e+01 2.323442167747439502e+00 4.206161262858673311e+00 5.041317155417450735e+00 8.278646518945475208e+00 2.943634074811515955e+00 5.753122718271478142e+00 4.799693278969647814e+00 7.407143114259947758e+00 3.802726959034848253e+00 1.143697217818955814e+01
1.068241155784907548e+01 3.714229998722669990e+01 5.402022354578571495e+00 8.023291621853240940e+01 6.511422517331955540e+00 5.334030540447066038e+00 8.337067735023980575e+00 3.840163592299977058e+00 4.171779947826441237e+00 6.998699665755344412e+00 2.577391327093221918e+01 4.588879388494235378e+00 4.969679706597851521e+00 7.383233364564620160e+01 9.292382166986294934e+00 5.734008367093725411e+00 7.818547429485395384e+00 5.549630221938647878e+01 4.388746431265633241e+00 2.333320038290743081e+00
1.750993337239003722e+01 5.407097064209112069e+00 1.904696384044491708e+01 1.056682286721099295e+01 1.449532451566527591e+01 1.120242857466522963e+02 1.251027025233006640e+01 1.201785345800480798e+01 1.270348322698420596e+01 6.352879982720370577e+00 1.673915195671414580e+01 1.417313150966098512e+01 5.956467454065324851e+00 4.862480100179230824e+00 8.785324910076489857e+00 3.939042268123341017e+01 7.099179023972109981e+00 9.213625907936055626e+00 5.690660040917927986e+00 3.986809672994164000e+00
1.355696185176933177e+01 4.774961271966116527e+00 3.476655475269244988e+01 6.516062722065884216e+00 7.377444992239073684e+00 1.047632412713104060e+02 3.815462966951184853e+01 3.329572363754235909e+01 8.088496883188694753e+00 9.925608399705534879e+00 3.958562550770696298e+00 1.875996050851894026e+01 6.606371252960684615e+00 1.691368676452302466e+01 5.620615039269484470e+00 4.993775413595428603e+01 1.617983158825214574e+01 6.866981935261965475e+01 6.831951817322742038e+00 7.167293205230102160e+00
1.449704141757824161e+01 4.526734500897752156e+01 2.705717009559103658e+00 2.747733877801953550e+00 9.586131321552809226e+00 5.918368415019184425e+00 4.518527994195770781e+00 1.810496306270153344e+00 4.114869087333089759e+00 2.132882265887478201e+00 1.012955336863876532e+01 3.366581960789463324e+01 2.110229808145585650e+02 6.155464334620887712e+00 6.202030025525912649e+00 1.113963868987718264e+01 5.127964793607912242e+00 4.771144712652782260e+01 3.207677528182778737e+00 2.481168088794035853e+01
3.226584941209695412e+00 5.005886598271060528e+00 3.408160815109173569e+00 2.048249799856444753e+01 7.007093531677445419e+00 4.944204305472771210e+01 6.457651825974675575e+00 4.696097353323046342e+00 1.763849946053861473e+01 1.797572727988982066e+01 3.149705088060407476e+01 3.901086395613121205e+00 2.399540364898195666e+00 5.743474923845862889e+01 2.209301426025309922e+01 7.232433505983673072e+00 3.091445657299057004e+01 9.679648774434962633e+00 4.795755182456708177e+00 2.070758145484628887e+00
2.324064104861834235e+00 1.926929404714269367e+01 4.471550132958309831e+00 1.478319675321729143e+01 2.688228275063994488e+01 1.807882351708829560e+01 6.408826632849129510e+02 1.651286809088173868e+01 1.339078435051605531e+01 2.257352849391744520e+00 2.452134904908860591e+01 1.349286232788680984e+00 8.759012686124478364e+01 1.475961430527897811e+01 8.987638817784048939e+00 3.082285688009239522e+00 6.110267636514421952e+00 3.506956674567914156e+00 3.362193448723264311e+00 1.657932531537139376e+00
2.556198696372724122e+00 2.420284878102453519e+00 3.021920963944860716e+01 3.226250094410534341e+00 2.845060886026951064e+00 1.066654590356490218e+01 4.201118463576992035e+00 4.842096367082059594e+00 2.572448041689759712e+00 3.391093402003835244e+00 5.596358792117176684e+00 5.169182636414060283e+00 4.982806482955453475e+00 1.467278956510532417e+01 2.476570043936837884e+00 1.977208415060333735e+01 5.625378861694458443e+00 2.247945306371800012e+00 1.508730397521733213e+00 6.778663802757954215e+00
6.212736789650840308e+00 2.436178408899036185e+01 9.263833296139605267e+00 6.193665268778094202e+00 1.070035149470924374e+01 2.489499661687524235e+00 1.977580222194077697e+00 2.555736467673833889e+00 4.608168793742825287e+00 3.429245935773148624e+00 3.177679600676084792e+00 5.485321485534553787e+00 1.963973319944560592e+00 1.599871099498085236e+01 4.983027894845922567e+00 3.351600136599166557e+00 4.695043272240310372e+00 2.870602160509240885e+00 4.027249714366823774e+00 9.491236083917824473e-01
2.870160403545026639e+01 6.142080142288344646e+00 3.422098477824791818e+00 1.031146407189854308e+01 1.357088633933270749e+01 3.045851407145407475e+00 1.867935194980963498e+00 3.402275289789266299e+00 5.861028910627593902e+00 2.851859245588854108e+01 2.903532172826380098e+00 2.593729042991643308e+00 2.592696400592714667e+02 1.751145277689078839e+01 2.965810811910695222e+01 1.257778258713390329e+01 5.042347688866432698e+00 1.811737278055587597e+00 2.027534989095014950e+00 1.695398352707077834e+02
1.854073173669183205e+01 4.272845654989148478e+00 5.216010008548134458e+00 7.286809300777041365e+00 1.443974580530203582e+02 3.064979012722295920e+03 5.970112378695453970e+00 1.673877758557381412e+01 7.771088202982637583e+00 2.800699169051695492e+01 2.014685465617527171e+01 9.155641181196687128e+00 2.173235395134699957e+03 1.330699256389519469e+01 2.093638794235333478e+01 7.402663287943052950e+00 6.172527415467509826e+00 5.262575026015807289e+00 1.565317984870145196e+01 2.383528607969928714e+00
2.686815217470878814e+00 7.709297347444041826e+00 8.749329606347068022e+00 2.979516521565150899e+00 1.214873631881202565e+00 1.160808268816727917e+01 4.559225279376714290e+00 5.170671205317617591e+00 1.963857623369644401e+01 1.542246814082601247e+01 4.299292690791974181e+00 9.776365349640183666e+00 2.674993111295079995e+00 4.011367439064605023e+00 3.088777034340823846e+00 3.392453997454832226e+00 4.778863522772159200e+00 2.355284576694149479e+00 1.377530556064328593e+01 2.992154516843831935e+00
2.544327184240339879e+00 2.633120218281526093e+00 2.115937983644600617e+00 1.687644449897403121e+01 1.534944310670301704e+01 4.442495244863137849e+00 2.954933888340534498e+00 3.048117516103222346e+00 1.733457639042522480e+00 2.856037960358831729e+00 4.865735397071660806e+00 3.124406772877121874e+00 1.359274463688712409e+00 4.205037615880934609e+00 2.518585825871779260e+00 5.432089126037284643e+01 2.210682937424772376e+01 9.032289834301680642e+00 2.187755326812530043e+00 1.266755734999437610e+00
1.193094326351023504e+01 3.334722973825542169e+00 1.258297547275686767e+01 9.563554982677393568e+00 2.946612901465196721e+00 8.296864762373406421e+00 4.957356361188065108e+00 6.442988124776260150e+00 1.947466749870120495e+01 1.760784523916980593e+00 1.385443142941649874e+01 8.497844555838992164e+02 3.487463785859433507e+00 9.972317137417094912e+00 3.804441081787327317e+00 1.875595821127682683e+01 4.661511079464786711e+00 2.161330727408586672e+00 2.704763248841992151e+00 9.626653512618105424e+01
1.975635620946341486e+00 4.100122704376084393e+00 4.826568207139859901e+00 3.556923557579329209e+00 2.627136764395424873e+00 1.834745886808851756e+00 2.198697100249304093e+00 4.403653546560528866e+02 6.898653025494691349e+01 6.473346954087658922e+00 1.135685297418047845e+01 9.066754195294151941e+00 4.977589284053703267e+00 4.791184692157028024e+00 2.824595570978433834e+00 2.360058635572635843e+00 2.541062164027341197e+00 1.298133897724219565e+01 6.847695076374884060e+00 3.140955823455323870e+00
4.264170465581020864e+01 5.887032024232810024e+00 4.748538045503702953e+00 6.798375079692704936e+00 1.185824165567492727e+01 4.365588531551718177e+01 3.280564220097505146e+00 7.709212859299461762e+00 4.218608905883860949e+00 4.425103203442538380e+00 6.618834635693603197e+00 5.092237373677150458e+00 3.171211138054905732e+00 5.625093331003374608e+00 2.131004431733280580e+00 1.515756290974067166e+00 2.265637368686571396e+00 5.926305033968381153e+00 3.267136615705582781e+00 2.051752887526606894e+00
6.009310298232193759e+00 7.896715119343990175e+00 1.206585606854286841e+00 4.412936268423501218e+01 2.629953535629753869e+00 2.233860100643486390e+00 7.973563785323084296e+00 3.607581635808732479e+00 1.180188381778590667e+01 3.669620748885475514e+00 1.094727351658225878e+01 1.567332939230812450e+01 6.356015879844302496e+00 8.971580990669609790e+00 5.776521703904133886e+00 1.272400297048344164e+01 7.599504783268318420e+01 2.805537145060018389e+00 3.683728007866154730e+00 1.002645780460377889e+00
3.609281075749926515e+00 9.426465104369486925e-01 2.961834290135988645e+00 8.225554700948155329e+00 1.377160378445961264e+01 3.023073767212463903e+00 4.260205905275266325e+00 1.063208106823862487e+01 8.386321074427062428e+00 1.045617465876868657e+01 1.277646901450675365e+01 5.892018163290991595e+00 2.355546576233639655e+01 5.805162873142263535e+00 3.595276445074743421e+00 6.334427620445630680e+00 4.968880646804396228e+00 1.015652255875413204e+02 8.888979062561576328e+00 7.088586026367161841e-01
4.766506332610053187e-01 1.917311220970318697e+00 1.188070903646613496e+00 1.515420667840853053e+00 1.702153396412338759e+00 1.952153391152486872e+00 6.109805086119906470e+00 2.742082788636738933e+00 1.422948977426519868e+01 6.734805648975739523e+00 2.886598946132664434e+00 1.192861699608319670e+00 2.683167915840590556e+00 4.703102767496341485e+00 1.199893323643441612e+01 1.267959892717704706e+00 5.552614854706711789e+00 4.752519914807678880e+00 2.768915387630332958e+01 5.524494061495607511e+00
1.096057855826823024e+00 3.181089641215003372e+00 2.022073534670246087e+00 1.869192006212958557e+00 1.215200501069817385e+01 3.188180358030601624e+00 3.769751974272479433e+00 2.818113404195791372e+00 5.353888547709549250e+00 1.948898347028735767e+00 2.416836670749277882e+00 1.460255616848375793e+00 2.721847601551159013e+00 1.013312969115774953e+00 1.141098049462202058e+00 1.839854116892689007e+01 2.420357777269758870e+00 2.756186238223539586e+00 1.545624059044722642e+01 2.253384962516640666e+00
1.778566748765448846e+00 2.600567143550347460e+00 3.264551124860359366e+00 2.755638995510012013e+00 3.258458792202067578e+00 2.926416632905282089e+00 1.700426005917736916e+01 2.833958415723544011e+00 1.141761986608129519e+03 2.974118693250657586e+00 3.282921648522939329e+00 6.846082509521886017e+00 3.504554474838659228e+00 2.738461221738531570e+00 6.333865316498084042e+00 1.538466777624706960e+00 1.864350144315468860e+00 1.465688059975687407e+00 2.503571262830109490e+01 9.318816072607201129e-01
7.304845448935710639e-01 9.217854115095507339e-01 9.932678892583002295e-01 4.358184796152081653e+00 1.776566875054721883e+00 3.250467419460627116e+00 3.261319763893070878e+00 4.158781677694070922e+00 7.122410687070098723e-01 1.428453537825305153e+00 3.482324802327598334e+00 1.348711321898393223e+01 1.284185733954778419e+00 5.712869430922297376e+00 8.792627029007936690e-01 1.069854038879144120e+01 2.469934969378197120e+00 3.187262063975887294e+00 8.716373945974268400e-01 7.730659393197742979e-01
7.357769200911012497e+00 3.762185982198912093e+00 9.696313595473148306e-01 2.395850610794463265e+01 5.926783011011016455e+00 9.842440727163248582e-01 1.647628544832617115e+00 8.172820377607512565e-01 6.731770040357317741e-01 5.643995528676262197e-01 2.596544318896534875e+01 5.944806063521617112e-01 7.423372266033818612e-01 5.516902014143596489e-01 1.865889913334881953e+02 9.595101542691618635e-01 1.652251511301947140e+00 1.911141783938334004e+00 3.169287524229047026e+00 1.052943643344456781e+00
4.509441470060466806e+00 6.282028238818448962e-01 2.139797565198656049e+00 1.031874249373565178e+01 1.898703967757424227e+00 8.420652606334478874e-01 2.201146441227599837e+00 4.847401873581089204e-01 1.344988193885521355e+01 9.162546918509637539e-01 1.531108510667615219e+00 7.373334782587226410e-01 1.185711476002292430e+00 3.624017942229542211e+00 2.774745896039807480e+00 1.750369770273225045e+00 4.792973785787509322e-01 2.170237049626459136e+00 6.088213589000796011e-01 1.812970095547935312e+00
2.883659059060499352e+00 2.684378735317074050e+00 9.676558818582593480e-01 8.339485666469403924e-01 6.551694000476854240e-01 8.459054956105131140e+00 8.955528991864650790e-01 1.299147206975293178e+00 1.821499689458461413e+00 5.515046018881173406e-01 2.052500260691082712e+00 3.263421971316618819e+00 1.881384023580144316e+01 6.087028306756628870e-01 1.096633361124614847e+00 8.157696322146301693e-01 2.327652422740595028e+00 4.462159855680845055e+00 3.465963239068393875e+00 4.897410723652680931e-01
1.033332420537413476e+00 3.790396040291542867e+00 8.205271231372257557e-01 6.487100468624367178e-01 9.302384910715068012e-01 7.783028816931013560e-01 5.538584685096606819e+01 1.651733396625533423e+00 1.045665518435023422e+00 1.508679107049003321e+00 5.272624648651633272e+00 6.513438893520986372e-01 7.695499605680087285e-01 1.778076724867163616e+00 4.350039070725229551e-01 1.219731870984737565e+00 6.045506695704190303e-01 6.941290449866091006e-01 4.618795480502235207e-01 1.166778375220716555e+02
4.440289029397752052e-01 2.994137149606897474e-01 2.325990191207354840e+00 5.255697396167141600e-01 7.917665522383049437e-01 3.805449981535509729e-01 5.790932201800683687e-01 1.365751979668624605e+00 1.415065895348611269e+00 3.097113432527273114e-01 5.337950635926590470e-01 1.330286207406960131e+00 3.875085516977846645e+00 4.878731135849185385e+00 4.280083237046965472e-01 1.752380956106493315e+01 1.505512726044081484e+00 1.946032482305049660e+00 1.381467163484696892e+00 3.000221513503261495e+00
1.920994691050479162e+02 7.608746197823400337e+01 7.020636951432402384e+01 6.624817972077437389e+01 6.243587763419332504e+01 6.028247491354697019e+01 5.553028467038338789e+01 5.591761442053856257e+01 5.506031889225738496e+01 4.881481695366765905e+01 4.862725115006011833e+01 4.785445361291795763e+01 4.871269975649017425e+01 4.695903294150592444e+01 4.914080128815005111e+01 5.180323353228362748e+01 5.347437548270869456e+01 5.933239281942970678e+01 6.921951333331854528e+01 3.694166363077633287e+04
6.380496468143069810e-01 2.177246362089010567e+00 2.152139613356912839e+00 7.177201217832224422e+00 2.817836669598940080e+00 1.905750958040641097e+00 2.891920981397265944e+00 1.702577594603213340e+00 5.108096269473477236e+01 4.949998009030791479e+01 3.320742380440803387e+00 7.194450764804781073e+00 9.979826510293273500e+00 2.855051161371509050e+00 2.328445788829198548e+01 1.072869396288038644e+02 1.319623605334330652e+00 5.031425825835204080e+01 9.406276746244522258e+00 1.296930263180002596e+00
1.493403116080692650e+00 6.431034584441027846e+01 6.760529013970741907e+00 1.181970639956652303e+00 1.874642464584972412e+00 5.222639531427462067e+00 4.117467811619604845e+00 4.788234672970548722e+00 3.575715743349289433e+00 2.436506353262876790e+00 2.752848553814680965e+00 3.276015685267566369e+01 2.298258095837374171e+00 2.520005493744364333e+00 6.889741623573143237e+00 9.653592350601366334e+00 9.745347917746737920e+00 1.360428189641722874e+01 5.604095790903677710e+00 4.597662253994498904e+00
4.025394104752439084e+00 8.254176758649748535e+00 5.449975694006307769e+00 3.816877438822594559e+00 1.719457038281476224e+00 3.199827333381390915e+00 2.943310067659870022e+00 1.739378482904947454e+00 5.493400561134568960e+01 3.573427639457448901e+00 1.508658892262766926e+01 5.382346463082035903e+00 4.485930166092291671e+00 1.461223989198005135e+01 3.647613808493801901e+00 1.711871606896438536e+01 2.606736421795671443e+00 8.316168822412545580e+01 2.400578419524639795e+00 1.065810964597177417e+02
2.748469459128002335e+00 1.540248980164825987e+01 3.231783715149503244e+00 1.623154812664417079e+01 9.971802158788882764e+00 1.908050353927588816e+01 2.553834608534471418e+00 6.800424025081816204e+00 3.491595903539086976e+01 2.633500672858013658e+01 5.373294785744091229e+01 4.296268417021052954e+01 4.694468960076338959e+00 5.123942768070385512e+01 9.464830188925311916e+00 3.553367318523511287e+00 4.539740558476292875e+00 2.787992715886753459e+00 9.653974018737276452e+00 3.458545927459506686e+01
5.706626461239465264e+00 1.791789906680228306e+00 2.765003706071866851e+00 2.987035255728595740e+00 5.034542092277905390e+00 1.108989432491656544e+02 9.209725224420479250e+00 3.218312213844087832e+00 3.229129508786354297e+00 4.369885417005866302e+00 5.954007152021002724e+00 1.792313454714933414e+02 3.485821962022245479e+00 1.647230298081327371e+00 4.904971206307964238e+00 3.782702006658559668e+01 5.354475907884371999e+00 4.838319428423598190e+00 2.112819608444289177e+00 1.527285259901438375e+00
6.769414733409721663e+00 5.252350374984130710e+00 7.704145938884720124e+01 3.870393264693455571e+00 3.549011168436291719e+00 1.707947446180740014e+00 2.025648982650417818e+00 1.393107832269106394e+00 5.011619938106717242e+00 2.611990687877698836e+00 1.620358592590660063e+00 8.879729043731788840e-01 6.418201913713487805e+00 1.468284864602450490e+01 1.245079765755799928e+00 1.600407101100929985e+00 1.974861990367812847e+00 1.031674026849282777e+00 1.819458077351174596e+00 3.606147149679340691e-01
9.487112560357947588e-01 1.445402256827836851e+00 3.726945681047832082e+00 4.268208828859165749e-01 4.740106993607083874e-01 6.779711322967016507e+00 5.913238666372577779e-01 8.865549673185567636e-01 1.398066715390318571e+00 1.019442989261471810e+00 1.151745817139343586e+01 1.690821010976939709e+00 3.598402370632062919e+00 1.183664586394652884e+00 5.568504467410557712e-01 2.682817034508038656e+00 1.006812403482251650e+00 4.622611113945247485e-01 2.188784338667434104e-01 2.041820368196961510e+01
7.347136908981185544e-01 3.763626298169755913e+00 5.621975398402269342e+00 6.138061000965708836e-01 1.166050289590075506e+00 7.803584123909997894e-01 1.812977368671992107e+00 3.447942372588505666e+00 2.163224969117606644e+00 2.993746584479267669e-01 9.403782245841320053e-01 2.698060192000307111e+00 1.214943223844655806e+00 9.647286952389977355e-01 5.378122705381320756e+00 1.800173639788141822e+00 1.383050443295726906e+00 8.414759475566856439e-01 7.573156373038121281e-01 2.777866905417170518e+00
2.824548758898433487e+00 7.159860143320291748e+00 3.062680902432521179e+01 5.453460528856611589e+00 2.556880872359476253e+00 3.783219913291354715e+02 1.570538342037155033e+01 3.609260637050692555e+00 7.263146097461816275e+00 1.667524308203059036e+01 7.249343149939148745e+00 3.677859461611193925e+00 8.290810628559730944e+00 2.333479735878059014e+00 3.435117192644049577e+00 2.241519989082692277e+01 3.835757723542539299e+00 3.072759290822282718e+00 2.181853403133647173e+00 1.982963033198821945e+00
6.782156570117021488e+01 7.240752309174276924e+00 8.029108055911489572e+00 6.818590760327772671e+00 2.145862088620606301e+02 2.662121753213394868e+02 1.638453969247492026e+01 6.189156434488961622e+02 2.051782602041351566e+01 5.074822152203486070e+01 3.320544502314142221e+01 2.621906109353918524e+01 3.379846973812644961e+01 1.115137352263517379e+01 9.116677735620330125e+00 1.455926802596123082e+01 1.566300116851414082e+01 7.436361006093099135e+00 4.798815532778946569e+00 1.567913212745453322e+01
1.542481419563210210e+01 1.285742938027978823e+02 2.052348966629922344e+01 3.961861258927468299e+01 3.311971216166480758e+02 2.373216412267610664e+01 7.422655311836770409e+01 1.483368913659586319e+01 1.170550589503419161e+02 2.286428255071152904e+01 8.772352844407031114e+01 2.698939477337415838e+01 1.965116109088642915e+01 4.401908989240489234e+01 2.117245879589628288e+01 1.751663372536675638e+02 1.490909480701698619e+01 1.090738070255493540e+03 3.721518063290644136e+02 2.364147713753799508e+03
1.268192657080217245e+01 7.313423533134670151e+01 2.246279852894909723e+01 5.781459115207900012e+00 3.284014976316640144e+01 1.899250584617915294e+01 3.289215647041860535e+01 1.553650327293223299e+01 1.962127579336394234e+01 4.202442706488043456e+01 1.042843224630212973e+01 1.728782434043647811e+02 5.311652585245309410e+01 3.528070606740131865e+01 1.217722725584948051e+01 5.840196775799230977e+01 3.731243703416143944e+02 1.150753784651395861e+01 1.477781859848627164e+02 2.045295099069385358e+01
