2.661385068613677873e+01
2.332615287694892103e+01
2.229172737839382634e+01
2.175240476083459384e+01
2.161688988557218494e+01
2.173109972512682120e+01
2.185568489018425709e+01
2.177949275472268553e+01
2.159800354648107401e+01
2.159259883363114341e+01
2.146049249401882619e+01
2.126327764294139655e+01
2.112598181266395514e+01
2.126698262351909818e+01
2.133632133254470276e+01
2.127320067729208830e+01
2.117526563785011717e+01
2.141520313792602792e+01
2.206473361108590936e+01
2.314699800188645185e+01
