6.631744663159910846e-02 1.388228566234524786e-01 2.004965803075512698e-01 2.149771278978458711e-01 1.912087838335775059e-01 1.833857277821913101e+00 2.052052616762125858e-01 4.930745905906248061e-01 9.693785590867434743e-02 1.039750371462870165e-01 7.810049247814998541e-02 7.436579730038014868e-02 7.734252513704993615e-02 1.321790323565372183e-01 7.213577190901331315e-01 1.045840359527036995e-01 1.155479053853004229e-01 5.052151170901313104e-02 8.498046164249201118e-02 4.250067652386953221e-02
3.906374330698026420e-01 4.273335582973841085e+00 2.599972819711306560e+00 2.948194316835141660e+00 2.854263931126880038e+00 9.812348651823540324e-01 9.518167378778271681e-01 1.771333241443704409e+00 4.952078085696304255e-01 2.533720162639906959e-01 9.261342115393903507e-01 9.542374889426925577e-01 6.715427743457236254e-01 6.354160833194747449e-01 2.371800379134665071e-01 1.659869046574654894e-01 1.474791930900886117e-01 1.924536917202708808e-01 1.810280447397061843e-01 9.905694128309978919e-02
1.084961774073822838e+01 4.894934814519226762e+01 1.030881486383844603e+01 2.306964048401931322e+01 1.702358802208106781e+01 1.145277030689532438e+01 2.596626622136938423e+01 4.390771129868994649e+01 4.699262410331543904e+00 7.626164458944525215e+00 7.691015871642434831e+01 2.444671210556742835e+02 4.659616213366813042e+01 1.324991210572393108e+01 4.973815400300525624e+01 5.437012407959230131e+00 5.136338107745386239e+00 3.807229796787533260e+00 3.723619375632344575e+00 2.564009406246862355e+00
2.246749726950622517e+01 4.916400485646875040e+01 1.089416550152290313e+02 5.978620679469726440e+01 2.430634543959035341e+02 1.222666879981115926e+02 1.498137847202637261e+02 4.325848296147274397e+01 1.516325343540640347e+02 4.993982947673229944e+01 2.783891984201898140e+01 7.764550627212729239e+01 6.190857014498457289e+01 5.167877358413267075e+01 3.667611738668313848e+01 2.058740468556774772e+01 1.861876993705481880e+02 2.596241185401825646e+01 4.773860079467621631e+01 9.505351494387195999e+01
9.335079474577202063e+01 6.811481154471150035e+01 5.285179152109726886e+01 9.985650675758441253e+01 1.116528200873445513e+02 2.872278141730570496e+03 1.401146994186363770e+02 5.080970034979196726e+01 9.725067946331483881e+01 1.209155789588394470e+02 4.370294695283480451e+02 6.420472153740261945e+01 3.106009239260271215e+02 1.372682921337938922e+02 1.094493935932824371e+02 3.156749332266823558e+02 9.894710797124317025e+01 6.699410169775430290e+01 6.722906865243682262e+01 1.306733449487504402e+02
1.160114661259122840e+03 2.154792624162180630e+02 1.884435613861063814e+02 1.431257353604712989e+03 3.025515439267236957e+02 9.475477367252715055e+01 2.385246209970283928e+02 1.152421171183775186e+03 1.854580122635833561e+02 1.030382670695968500e+03 1.770540085332703893e+04 1.505809382102309826e+02 3.651699341749290761e+04 2.329375827839512567e+02 6.835145235840866007e+03 2.121196541353946543e+02 2.453694858205736296e+02 1.307527661416151886e+03 2.740378518002819419e+02 2.146846918349259568e+02
3.779599466922425108e+03 2.946576161313631701e+02 5.858606348038324541e+02 1.077296913197258618e+03 5.834148415288218530e+02 4.228540389172993628e+02 6.089936159095683479e+02 8.657614065194271689e+02 1.220472216363873258e+03 5.894377228119820984e+02 4.288991980367068777e+02 1.862881830363694746e+02 7.547288576981975439e+02 3.584676249313812377e+02 4.213422306155252954e+02 6.486751195800879941e+02 3.997575438145170210e+02 6.711757831155205167e+02 1.514941223793148311e+02 4.445874757293982498e+02
1.212396894866116099e+03 1.330208575147912143e+03 9.205416382599771623e+02 1.116560127268882752e+03 7.392252246204911899e+02 4.369848196281799346e+02 8.179300729795862708e+02 1.207551756136312633e+03 4.766411056680241813e+02 1.030886923478844210e+03 5.645007557623741832e+02 2.215606723995697394e+03 1.085481735134720566e+03 1.343398198348690130e+03 9.204569649968271960e+02 8.253892788938286685e+03 1.181540550174756845e+03 4.598658923074377753e+02 3.476503159497007346e+03 2.766477311849165289e+03
1.687469644734572285e+03 1.009020686479481469e+03 8.732627252473172348e+02 1.258128416792906137e+03 1.100381515716999957e+03 1.499532026936152761e+03 2.345734517765848523e+03 3.474136068244719354e+03 2.322436659962716931e+03 1.582552446428702751e+03 4.757628901090293766e+03 1.115724617883285873e+03 5.949920493808392621e+02 7.850817131922313820e+03 3.645470559702329774e+04 3.082189676047391458e+03 8.085184314383513993e+02 1.488266161321891786e+03 1.886725011626373816e+04 2.452251969360440489e+04
1.764827894173741470e+03 5.042569557060637635e+03 3.441909259386414487e+04 1.273562146228312668e+04 1.564164163125448613e+04 4.221723009405434823e+03 3.283162766842573092e+03 5.248401948577985422e+03 1.620053293157613552e+04 1.681054293890996178e+03 5.283710091582577206e+02 2.513691803385219373e+03 1.788119131438887416e+04 1.343754128029904678e+03 3.829218132350178166e+03 1.186297634009146577e+03 4.296445224303437863e+04 4.909306762415832054e+03 1.927248295745409223e+03 2.247761295585371954e+03
1.505655746430464433e+03 1.217823436033488724e+04 5.330284265023946318e+03 2.308126246191982864e+04 1.101924856264533628e+04 2.160688631502745920e+03 1.725307535293160299e+03 1.509849458914799015e+03 1.980406596928615954e+03 3.783558401157429216e+03 1.991312167975267357e+03 3.086128202032366971e+04 2.460470005433954793e+04 4.328945973096625676e+04 1.969106288413615630e+03 6.867836014132686614e+03 1.337911943934482224e+04 4.952711112759755451e+03 3.809085390389299391e+03 1.959028202707605669e+04
3.534635489078196315e+03 8.955648797070434739e+03 2.551619842651979525e+03 4.987078968875537612e+03 5.525899722072012992e+03 1.036603546560796167e+04 3.344442016197452904e+04 3.969825561746148651e+03 2.859523178456195183e+03 1.832031280437766100e+03 4.755656571160865860e+04 1.723048155129317593e+03 1.673841762632725295e+05 1.429934823714405184e+03 2.724589502890221866e+03 3.200559898880454512e+03 1.399705544282542542e+05 1.984177044656943281e+03 2.239668395525115557e+03 1.675880572281525247e+03
1.550150902865771513e+03 4.379775954960460695e+03 3.034791614696856868e+03 8.908187258029247459e+02 2.366774463370166814e+03 1.393520127369168222e+03 1.306416566663395315e+03 1.296588030214375522e+03 5.806992193810279787e+03 5.984007465973643775e+03 6.573994875640248210e+03 2.302562726129842758e+03 5.808004524632125140e+03 2.547303747631743136e+03 7.410071534019580213e+03 1.437320162853928423e+03 1.450112824599989835e+03 5.518792403431142702e+03 8.426282716416931180e+02 2.133490129740563134e+03
6.873959697648601832e+02 1.061507651128016732e+03 3.178101920809238891e+03 6.762320577287520791e+03 4.323432856831290337e+03 2.234763411843148788e+03 5.267107916666541314e+03 2.652349940061294910e+04 9.866272157383096783e+03 2.335819251194859098e+05 7.715478352455102140e+03 1.622758402944586487e+04 2.550068029940822271e+03 2.583322542489476291e+03 2.504305152906477088e+04 3.027513360323396682e+03 1.867430438126513081e+03 3.353325769261412461e+03 8.381492402385420064e+03 2.507836204139745860e+03
1.115568905533673615e+03 2.350777497061132635e+03 1.713643444808272761e+03 3.771126371165496039e+03 3.892487566648167103e+03 1.919908329650899759e+03 2.029462198688960052e+04 3.399662181128325756e+03 2.126581920341924160e+03 3.010244438527394323e+03 2.061559865353829991e+03 1.430823720857311127e+04 3.637633565962668399e+03 4.067327759411759416e+03 1.483844240805302434e+04 2.743368445938731384e+03 1.783136810248087613e+03 1.919804123017994925e+03 1.096064862767899967e+03 3.097078858972200123e+03
1.085049025086593610e+04 5.826520740609293171e+03 2.557807247104402904e+03 1.209562553212082457e+04 6.136883244152560110e+03 5.248310496912574308e+03 3.526658505324869111e+03 7.254006206703767020e+03 1.723359881432716293e+03 1.326752144440682969e+03 5.193140424415964662e+04 4.261015667201219912e+03 1.771279647783189375e+03 1.477698348758185830e+03 1.110212530454433818e+03 2.281277836662105528e+03 2.271132990057636107e+03 1.107493603289189923e+04 1.207444492000972332e+03 3.466528139077764990e+03
2.395318665822407183e+03 7.186504454450872572e+02 6.585764292463661150e+03 1.982041237694405254e+03 4.434261533325846358e+03 1.434787146493424189e+03 2.991726245350697809e+03 2.130706567793015711e+04 4.183660484751011609e+03 1.184481658397121828e+04 1.075390256331375531e+04 1.330711179900270054e+03 3.371844495650323552e+03 1.469918624390407786e+03 9.282273447543543625e+02 1.605537125071024320e+03 7.327542796771755093e+03 1.181070498851590855e+04 1.210527381070057800e+03 2.145754553259715522e+03
3.966878611191776599e+03 2.817985733593702207e+03 2.172506693377447846e+03 1.428992170365114362e+03 1.181949261358612603e+03 8.436324588365970703e+04 1.167209402065343284e+03 1.736509129747487350e+03 1.593907002842707925e+03 3.102075820838583240e+03 1.785568061141348835e+03 2.914474007727384105e+03 1.385561265820449307e+03 1.516443595582833495e+03 1.797409072923702070e+03 4.416701074896199279e+05 5.465527133578420944e+03 3.097558997306098263e+03 3.320312240413528343e+03 8.285074691561754889e+02
1.470801993692343967e+04 2.825389985306908784e+03 1.656934347034570237e+03 2.365946777933534122e+03 2.287079092820632468e+03 1.796691374981035779e+03 2.205903433447439056e+03 3.658836648022425834e+03 2.591548043287688415e+03 4.749259937642025761e+03 9.746999248076872027e+04 3.774410485998491822e+03 3.389028015622805015e+03 2.370666827811154690e+03 1.642313392429271744e+03 1.037407837376948237e+03 4.488934477122348653e+03 3.222926164888150197e+03 2.812289512737944733e+03 4.857277355560545402e+03
2.592207614317745083e+03 1.452971754208349012e+03 1.280699829943528130e+03 1.691021973872109356e+03 3.733913718795005934e+03 7.620056390152567474e+02 2.164794681905481411e+03 2.450275737192114320e+03 1.223632408446916088e+03 1.072245627624008375e+04 2.069123662474225857e+05 9.592728460893321198e+02 3.638397113841791906e+03 1.326009892125274973e+03 2.999103019722986573e+03 8.042629226735933116e+03 1.619471209298336817e+03 3.330919029874028638e+04 2.043279386361335128e+03 4.425988603813494592e+03
8.646165776036508532e+02 2.489976809898590545e+03 9.061542922175995045e+02 1.078922535336017972e+03 1.107623293382874181e+03 4.202733278183651237e+03 1.790385485507135854e+03 4.238796854136800539e+04 2.003985180880232747e+03 1.377663282844354399e+03 1.394982109257940647e+04 3.575864165244085016e+05 9.724272846297948263e+02 2.243086666746895389e+03 2.853275565661427663e+03 2.118537319539377677e+03 2.774784501485627970e+03 2.275587347479850450e+03 1.849384784397025214e+04 3.088266469224339289e+03
1.149085179032454334e+03 1.124490160327631656e+03 1.279004126217281009e+04 7.771563385024986019e+03 4.728321187620298588e+03 2.251718667798862498e+03 3.597140501286201015e+03 1.550522007022013668e+03 1.614059972848110419e+03 5.296952333825478263e+02 1.199722945679251097e+03 3.594269011693652828e+03 2.764972764053372430e+03 2.742997303367923450e+03 6.774188012412506623e+02 1.187096486193718874e+03 1.562294020043376804e+03 1.553794967144172233e+03 1.685544771286633841e+04 1.857180023461603469e+03
1.813785749857126575e+03 1.069643303335168639e+03 5.487162964171108115e+02 1.237261316506602998e+04 4.088643028417062624e+02 1.465198231739530092e+04 2.784897793759770866e+04 4.356085328799768831e+03 6.414407772487640614e+03 3.617711158165966481e+03 1.217002827999247984e+03 1.858393770444809888e+03 1.557112449688899005e+03 1.020576793275827640e+03 9.681828619955747399e+02 1.266172961139525614e+04 3.136696038452660105e+03 5.531583906651411553e+02 7.698703216004386150e+02 3.134947355025787601e+03
1.626438348608590240e+04 2.484883074861820660e+03 5.866863032074747935e+03 1.858842804695960012e+03 1.547796890623944137e+03 5.101138079811864372e+03 3.016384322316510406e+03 1.020916623832785262e+03 2.795577014545349812e+03 1.526141228487005264e+03 9.251029558173911937e+03 4.329628929705406335e+03 1.763966448484135981e+03 2.994797384768803568e+03 1.938553921124567978e+03 1.660078244775972053e+03 4.049978382936309117e+03 1.024517873629883525e+03 1.702652031262911987e+04 9.821066924813964079e+02
9.947633942711524924e+02 1.474656675574148721e+04 3.052645155853939286e+03 3.779242553889472038e+04 5.409517846917529823e+03 1.009326843778580806e+05 1.592657417515227280e+03 4.955218904918240696e+03 2.486335979920342652e+03 2.440686305860524953e+03 5.617228991744415907e+03 2.688227129237636291e+03 2.342522094686295895e+04 9.737855240090946609e+03 2.494208267919367245e+03 5.735038168014696566e+03 2.671334535759751361e+03 1.246253482658467874e+03 8.019312797235653852e+04 2.010757831247368813e+04
6.210280247005805450e+02 4.426001870695703474e+03 3.153774885368181458e+03 8.002158614273022295e+02 1.631236609228895077e+03 1.670517636399559706e+03 9.399214602720865059e+02 1.074205244489914094e+03 8.559887779010899749e+02 1.806487242863409119e+04 2.702805876003946651e+03 5.827004041909431180e+02 9.110512871977315399e+02 2.396707129374087799e+03 1.836281763201600597e+03 1.561266123051830618e+03 2.358212127627570680e+03 1.151872336286767859e+04 1.113727287232007438e+04 7.324670820861518905e+02
8.149006332367707728e+02 9.510540479478489942e+03 1.003850444011438299e+03 1.665415394995458200e+03 2.774624852481334074e+03 3.080930037944732248e+03 9.535638479281175023e+03 1.059641162152854804e+03 1.143545918336886189e+03 9.872552394925697854e+02 8.856171724490694714e+02 4.025432886991834039e+03 2.246798147789953873e+03 1.710158118626598707e+03 1.225890069404940050e+03 1.678550444631138362e+03 1.260789960332599094e+03 8.117796466682964819e+03 1.708849445437447457e+03 7.197185143088818222e+03
9.986522086213552711e+02 3.332458938014954765e+04 2.807879719779059997e+03 2.934339229463575612e+04 2.170614024331448491e+03 2.122338380820713610e+03 4.124504654789773667e+03 2.796434391909725491e+03 1.928177956129768290e+03 1.071499644725124381e+04 2.585391357262454676e+03 1.659977293593290597e+03 1.366709598406755731e+03 7.609004877082502389e+02 2.531388566482209626e+03 8.542542438256494961e+02 7.253462003477753569e+03 2.215548006849206104e+03 2.583202324292074536e+03 2.248216968516087036e+03
3.126738870328182657e+03 2.515862892641965118e+03 3.020542872081545738e+03 2.286380647353177210e+03 5.777800150563884017e+03 9.545855442359155631e+02 6.890276424928997585e+03 7.551592897546638596e+03 1.780016571086531485e+03 9.403400062382065516e+04 9.509702725090684226e+02 2.262463286090262955e+03 2.007635017323419561e+03 7.871845073782542386e+03 1.679717188085575572e+03 2.633740691793562655e+04 4.211500177891590283e+03 1.014443001717947300e+04 1.043251713043216341e+03 3.306819544057125313e+03
2.882697658394805785e+03 2.311309527906141284e+03 2.738117806566740455e+03 5.117578402042776361e+03 2.247691293690076691e+03 5.865898211884529155e+04 2.709715799796663759e+03 5.456184700370221435e+03 1.608539440210194243e+03 2.698059588189144961e+03 4.250814527674067358e+04 1.172365639589262855e+03 2.033899037698658049e+03 1.774371114294093559e+03 5.641576414532489252e+03 5.757186931621474287e+03 5.495440613637893875e+03 2.766322633950720956e+03 2.504698685271535396e+03 1.545186687278366435e+03
1.704827904240996986e+03 6.393549149815703277e+04 1.585179385920856248e+03 3.628353550787333916e+03 2.537950225900834084e+03 8.406711957492445435e+03 2.122692443423472014e+03 2.428090897932356711e+03 3.497320505249314920e+03 5.372316408819228855e+03 6.227781978125100977e+03 6.751107571719770931e+03 3.656956703154210572e+03 4.887041898224442775e+03 7.142702182997486489e+03 3.756063267344261476e+03 2.299169283542718040e+04 1.959994199834423853e+04 5.538952907479114401e+03 8.666870104916756645e+02
7.343545564482875534e+02 1.433376386753081306e+03 5.127216886714139036e+03 1.029013856090291301e+04 6.814588262749251953e+03 1.704550178470225319e+03 5.522323865900502824e+03 3.912546554412593196e+03 2.364391828590949899e+03 9.238720325692431288e+03 8.799401757700274175e+03 3.092483309925065896e+03 1.928098548056557547e+03 6.079047196653732499e+03 2.489142725213383528e+03 2.828093087860614760e+05 2.904689635907713637e+03 4.921868154319802670e+03 1.622469187707158380e+04 1.472175276633708108e+03
1.499699590030420040e+03 3.742013755781484178e+03 1.710903514865639636e+03 5.706041886152594088e+03 1.585270332198662072e+04 2.285997937484098293e+04 4.080990319078081484e+03 2.047310086709442430e+03 6.117709611094948741e+03 5.677926015431660926e+04 1.833271796766736088e+03 5.461007262865902703e+03 2.123248438127542158e+03 2.640275792177959374e+03 3.879383435623820333e+03 2.754372642593350520e+03 1.061943909848264229e+04 1.802847193746993071e+03 2.268559093905141344e+04 1.091706496419151335e+04
1.417380248547976225e+04 1.450148456883030576e+03 1.899374978721452644e+05 4.183499993653673300e+03 6.866624928343131614e+03 1.520403185725904950e+04 7.636724915091278490e+03 3.193109974507565312e+03 2.266582134703423890e+03 8.105993671874990468e+03 1.653342824568884680e+03 3.173995951944433273e+03 2.916918695366562588e+03 2.346911541348627725e+04 5.811891339411296940e+03 2.126131796638392188e+03 1.458326803341969708e+03 6.120550991793134017e+03 3.556357164376816854e+03 4.387099615055980394e+03
1.353854570822608821e+03 2.560839975768247768e+03 2.236043914293822581e+03 3.885549167776005561e+03 2.634040250252431179e+03 6.105799951449753280e+04 1.720825811376823594e+03 2.009549723659876690e+04 5.606979340168645649e+03 1.002445343525181306e+04 1.007291902520144049e+03 1.823515230800439213e+03 2.185583966400612098e+03 3.589067778056125462e+03 1.276166374485084816e+03 2.494176101631926031e+03 2.080831725273233133e+03 3.211250696648681242e+03 1.648612617306697985e+03 4.958306678431920773e+03
4.631191949159212527e+03 1.610246148471139713e+04 2.341962046886326789e+03 3.478372216204428696e+04 2.822925083586057553e+03 2.312485262500202680e+03 3.614395312418460890e+03 1.664842682366651616e+03 1.808609751029648578e+03 3.034176447060209284e+03 1.117387576693433948e+04 1.989436670228448065e+03 2.154526674286841626e+03 3.200876484578205782e+04 4.028566513020840375e+03 2.485889374537727235e+03 3.389608583554986581e+03 2.405955122162317275e+04 1.902672166234262932e+03 1.011571607285959885e+03
7.591156924200640788e+03 2.344162107636468136e+03 8.257512371256778351e+03 4.581080285645966796e+03 6.284220546443360945e+03 4.856637168964026205e+04 5.423616983121445628e+03 5.210151835050035515e+03 5.507395865483237685e+03 2.754191454862216233e+03 7.256996733169909930e+03 6.144538823135658276e+03 2.582333021837871456e+03 2.108046358671608687e+03 3.808739793815474513e+03 1.707709981097546915e+04 3.077737696531847178e+03 3.994422972408854093e+03 2.467096387756818785e+03 1.728414192083235321e+03
5.877408134199855340e+03 2.070109551623487732e+03 1.507249440809712178e+04 2.824936771554625921e+03 3.198375541739754226e+03 4.541845976595275715e+04 1.654129713318795257e+04 1.443483865198173589e+04 3.506640934340240619e+03 4.303091812395866327e+03 1.716172693412288254e+03 8.133086579103056465e+03 2.864088618397026494e+03 7.332644054286352912e+03 2.436729476132377386e+03 2.164972990051046145e+04 7.014512161835575171e+03 2.977072291344148834e+04 2.961885533251213474e+03 3.107259265135123769e+03
6.284964882333601054e+03 1.962494729117148381e+04 1.173021163200375895e+03 1.191236917281877595e+03 4.155916850754381812e+03 2.565815781143138793e+03 1.958931715601061569e+03 7.849122711828108550e+02 1.783936940259418179e+03 9.246776465024588560e+02 4.391508954263154919e+03 1.459528795399840965e+04 9.148570288118926692e+04 2.668597898437100866e+03 2.688792822399243505e+03 4.829415599438802928e+03 2.223148690641785379e+03 2.068454942205971383e+04 1.390638271477547050e+03 1.075668639680740125e+04
1.398835283782820625e+03 2.170223604171352690e+03 1.477554655416366813e+03 8.879865685377251793e+03 3.037815475950852942e+03 2.143482213777792640e+04 2.799606196190541596e+03 2.035919336883954429e+03 7.646894734819918995e+03 7.793094565593552034e+03 1.365505229512826190e+04 1.691254808008518694e+03 1.040283082094307019e+03 2.489986827686694960e+04 9.578079745445191293e+03 3.135508086760623428e+03 1.340247767258779459e+04 4.196459875384010047e+03 2.079124425309458729e+03 8.977423204503278384e+02
1.007561533599369000e+03 8.353900144536033622e+03 1.938570412109084828e+03 6.409023039000180688e+03 1.165439196716860170e+04 7.837790321895074158e+03 2.778438855973364552e+05 7.158894912996388484e+03 5.805364485463059282e+03 9.786399153319680408e+02 1.063084619832118005e+04 5.849618791190358706e+02 3.797332541897577903e+04 6.398782216197424532e+03 3.896449814675861489e+03 1.336276606271410628e+03 2.649010678177943646e+03 1.520386050411572569e+03 1.457626224838904591e+03 7.187687278969518729e+02
1.108199844106763521e+03 1.049276540361714297e+03 1.310106427132903627e+04 1.398690116205997811e+03 1.233431514867492297e+03 4.624313643638862231e+03 1.821324159077813874e+03 2.099214918920307809e+03 1.115244492855207454e+03 1.470155346211851111e+03 2.426213560702584346e+03 2.241018039780022264e+03 2.160217582248637427e+03 6.361140812305831787e+03 1.073678091028217523e+03 8.571876906305051307e+03 2.438794756611629509e+03 9.745614226377482510e+02 6.540863954375972753e+02 2.938775532579809806e+03
2.693434572021825261e+03 1.056166931306703191e+04 4.016189597929450883e+03 2.685166413334456138e+03 4.638969527349802775e+03 1.079283523968936379e+03 8.573466010120130250e+02 1.107999452105633736e+03 1.997799289268874645e+03 1.486695778704609893e+03 1.377633140603481024e+03 2.378075078346142618e+03 8.514498227703693374e+02 6.935971718458174109e+03 2.160313571900321676e+03 1.453033660551489220e+03 2.035462356566570861e+03 1.244504533737162546e+03 1.745950935650412475e+03 4.114765562795425353e+02
1.244313016935448286e+04 2.662802490993329684e+03 1.483597110437793162e+03 4.470373485913179138e+03 5.883444877340713902e+03 1.320481095370503226e+03 8.098118459896664945e+02 1.475003078243879145e+03 2.540957138535234662e+03 1.236378837005389141e+04 1.258780823983328219e+03 1.124470537121112329e+03 1.124022851208771172e+05 7.591795442003715834e+03 1.285780750953933239e+04 5.452900325021576464e+03 2.186030738010787900e+03 7.854502750324766112e+02 8.790059872984448930e+02 7.350114037053359789e+04
8.038043384257810430e+03 1.852425202888372496e+03 2.261319312358147272e+03 3.159081859565805189e+03 6.260125268463759130e+04 1.328773568701517070e+06 2.588241679447769002e+03 7.256834430435016657e+03 3.369033380427617885e+03 1.214199188403181142e+04 8.734352779733815623e+03 3.969284603774082370e+03 9.421721126425317489e+05 5.769022523743686179e+03 9.076642550048311023e+03 3.209308538226860492e+03 2.676002428634526041e+03 2.281506845186377632e+03 6.786190562072294597e+03 1.033338687110598130e+03
1.164826587764893020e+03 3.342244924361090398e+03 3.793134594564678537e+03 1.291722646364486991e+03 5.266894046110789986e+02 5.032502146120203179e+03 1.976575338210508562e+03 2.241663385476038002e+03 8.513996643353197214e+03 6.686169120443373686e+03 1.863890900369310430e+03 4.238389829310149253e+03 1.159701299093231910e+03 1.739060797987081287e+03 1.339090827639613735e+03 1.470745211025109484e+03 2.071801311243371401e+03 1.021096679386982146e+03 5.972067623886304318e+03 1.297198200067276048e+03
1.103053136257687356e+03 1.141547963213761022e+03 9.173317187517312732e+02 7.316517761071742825e+03 6.654510262489244269e+03 1.925974121177828465e+03 1.281061823410237821e+03 1.321463531359279386e+03 7.515133655605677632e+02 1.238190453239771614e+03 2.109463249531885594e+03 1.354537541835783031e+03 5.892921199340493104e+02 1.823023241556958737e+03 1.091893374157966946e+03 2.354997023975792035e+04 9.584069071391129910e+03 3.915807562418344787e+03 9.484670012381036486e+02 5.491806155450408369e+02
5.172473283642101705e+03 1.445716831393710891e+03 5.455151619119331372e+03 4.146129233204251250e+03 1.277457798050050314e+03 3.596975559562068156e+03 2.149178363826072655e+03 2.793256426267133520e+03 8.442936582636002640e+03 7.633605078037630847e+02 6.006371402995383505e+03 3.684107196121942252e+05 1.511935214309284220e+03 4.323330151680355812e+03 1.649355748335507542e+03 8.131351445920306105e+03 2.020925000429458350e+03 9.370110307059271690e+02 1.172607675203719737e+03 4.173473508450930967e+04
8.565058304157996645e+02 1.777543877264244429e+03 2.092482928777433244e+03 1.542048408679075919e+03 1.138953930647667221e+03 7.954252964068568872e+02 9.532080996756216109e+02 1.909134912213019270e+05 2.990802795670124033e+04 2.806418020456934300e+03 4.923585444820640987e+03 3.930749045462402592e+03 2.157955747510282436e+03 2.077137435205645033e+03 1.224559098580548152e+03 1.023166397720068858e+03 1.101637637964778833e+03 5.627855867108703933e+03 2.968710776238808194e+03 1.361708500594032103e+03
1.848664210613661635e+04 2.552230380511487056e+03 2.058654176308573369e+03 2.947328865391230011e+03 5.140954642081206657e+03 1.892632422105914156e+04 1.422233369820886992e+03 3.342208295851426556e+03 1.828911711159960532e+03 1.918434074459880776e+03 2.869491922459915713e+03 2.207659628209436050e+03 1.374828840108933036e+03 2.438664481767756570e+03 9.238635409636785880e+02 6.571323613242225292e+02 9.822315387077464948e+02 2.569256577781801752e+03 1.416415826100747609e+03 8.895029109291358509e+02
2.605242207947300358e+03 3.423496959227191837e+03 5.230962613801500538e+02 1.913159290652782147e+04 1.140175097627838795e+03 9.684550026577685458e+02 3.456804296775748298e+03 1.564010423790121649e+03 5.116521585585468529e+03 1.590906508017739725e+03 4.746018696310924497e+03 6.794926080604333038e+03 2.755550973865495507e+03 3.889477848600630750e+03 2.504320364778277508e+03 5.516291878371137500e+03 3.294646080548098689e+04 1.216296617005200005e+03 1.597022488839319294e+03 4.346801926159131426e+02
1.564747189316437016e+03 4.086696067079482759e+02 1.284056792320721343e+03 3.566060201117184988e+03 5.970462776893977207e+03 1.310606206904818919e+03 1.846940524337730494e+03 4.609371954954824105e+03 3.635757940295186472e+03 4.533110490684231081e+03 5.539037708689429564e+03 2.554392042879444944e+03 1.021210265177175643e+04 2.516730599220773456e+03 1.558675701386710216e+03 2.746191722671880143e+03 2.154180254448745472e+03 4.403201023554929998e+04 3.853677425537136514e+03 3.073137093242385163e+02
2.066444045303647670e+02 8.312202017779450216e+02 5.150695022563222665e+02 6.569868571799498795e+02 7.379419022577043279e+02 8.463254780692642498e+02 2.648803100194404124e+03 1.188786976226508614e+03 6.168972064627074360e+03 2.919769335957754265e+03 1.251439689192504375e+03 5.171464766892737543e+02 1.163245357360608978e+03 2.038951000151874041e+03 5.201949269801674745e+03 5.497041201989960655e+02 2.407249062877089273e+03 2.060380453279210087e+03 1.200419828580230387e+04 2.395051362659453389e+03
4.751786888409274070e+02 1.379111510183666496e+03 8.766382594098760137e+02 8.103588710964467055e+02 5.268311136199992688e+03 1.382185579222509887e+03 1.634312482259266972e+03 1.221748856861783452e+03 2.321094390023733013e+03 8.449143047533477784e+02 1.047781624157954639e+03 6.330709147312056757e+02 1.180014328307732967e+03 4.393047726119205549e+02 4.947051582175425324e+02 7.976398894236684100e+03 1.049308144652084366e+03 1.194901305545132573e+03 6.700810636166874247e+03 9.769171013663315080e+02
7.710697124258088024e+02 1.127435088344730275e+03 1.415294927105031093e+03 1.194664057051625150e+03 1.412653691855304260e+03 1.268702022647537433e+03 7.371910580843848038e+03 1.228618213038923614e+03 4.949929977515574428e+05 1.289382502577884907e+03 1.423259179448919440e+03 2.968011673177046760e+03 1.519344614403780497e+03 1.187213744409263654e+03 2.745947944616638779e+03 6.669781365378398732e+02 8.082597578281398683e+02 6.354260652268804961e+02 1.085384045894197516e+04 4.040015770607673176e+02
3.166901148655533120e+02 3.996256045292274734e+02 4.306157113663599034e+02 1.889422648770481374e+03 7.702026985518068614e+02 1.409189157568971041e+03 1.413890259928287605e+03 1.802974554925843677e+03 3.087809419618188258e+02 6.192836222700804001e+02 1.509707288617541963e+03 5.847126355215424155e+03 5.567385791222958460e+02 2.476718331655113616e+03 3.811905512925245034e+02 4.638184350791103498e+03 1.070801558541929808e+03 1.381787467240948217e+03 3.778847185006338236e+02 3.351497188309372746e+02
3.189845411076055825e+03 1.631036712791421905e+03 4.203684647113528285e+02 1.038683447086140040e+04 2.569463797230308046e+03 4.267035772669037215e+02 7.143016079900820614e+02 3.543198062509531496e+02 2.918453295462749679e+02 2.446865720530161070e+02 1.125691055824664363e+04 2.577277408907255563e+02 3.218286590803274976e+02 2.391759958387242477e+02 8.089273005311760062e+04 4.159805749407580038e+02 7.163077228105264567e+02 8.285455391365886726e+02 1.373994887511678598e+03 4.564859840057510496e+02
1.954997606884355037e+03 2.723474792789655226e+02 9.276756660341460474e+02 4.473528931519451362e+03 8.231533190512440115e+02 3.650641837373192971e+02 9.542699702075443611e+02 2.101515038032126199e+02 5.830985317786256019e+03 3.972278477851443199e+02 6.637880753323803447e+02 3.196593624824654398e+02 5.140466094149605851e+02 1.571131946965904717e+03 1.202947554034285076e+03 7.588453547443401703e+02 2.077918594417056113e+02 9.408722269843763115e+02 2.639449491854202847e+02 7.859826527947068371e+02
1.250165147272235117e+03 1.163770289149747441e+03 4.195120273498307029e+02 3.615453183911809560e+02 2.840384153339302316e+02 3.667290573674310508e+03 3.882518774849573902e+02 5.632248910402502133e+02 7.896826153470706231e+02 2.390961683471015533e+02 8.898292891529150666e+02 1.414805400299888106e+03 8.156445289621027769e+03 2.638928611083949249e+02 4.754281901344693892e+02 3.536641265524946789e+02 1.009117192523493827e+03 1.934499404706658424e+03 1.502613989540704779e+03 2.123189942213805921e+02
4.479850603847782509e+02 1.643266740928459058e+03 3.557266621082169991e+02 2.812380640924243380e+02 4.032903045645082329e+02 3.374210046284973146e+02 2.401160115222246168e+04 7.160831023205598740e+02 4.533318815011802485e+02 6.540641592577712800e+02 2.285863701425353611e+03 2.823799251850643373e+02 3.336263129873229332e+02 7.708552195734031329e+02 1.885891197298816451e+02 5.287956179601471831e+02 2.620934588235504634e+02 3.009287582126102052e+02 2.002406322605860680e+02 5.058371149262175459e+04
1.925017651073107743e+02 1.298061190288947273e+02 1.008396558118734902e+03 2.278525156659217998e+02 3.432579677802553419e+02 1.649793140994083558e+02 2.510561131318588366e+02 5.921003453702503521e+02 6.134796198947244648e+02 1.342704942294998034e+02 2.314184758398333202e+02 5.767247161802056326e+02 1.679982534968422897e+03 2.115091721503515600e+03 1.855562943049011722e+02 7.597172728116093822e+03 6.526914244461088401e+02 8.436718540610261243e+02 5.989134167796808015e+02 1.300695510613122678e+03
8.328171124462738226e+04 3.298652550852539571e+04 3.043687013121422933e+04 2.872085904084745198e+04 2.706809527720417827e+04 2.613452130945835961e+04 2.407421973636143230e+04 2.424220451704169682e+04 2.387053748969254593e+04 2.116289810135588050e+04 2.108158188966521993e+04 2.074654764080095993e+04 2.111862679249663779e+04 2.035829789728761170e+04 2.130422349564829710e+04 2.245847922783392642e+04 2.318297660418001396e+04 2.572262812209251570e+04 3.000903411537635839e+04 1.601543613458880410e+07
2.766164148879954610e+02 9.439110044429978643e+02 9.330263673956432058e+02 3.111562994696399073e+03 1.221628882918629188e+03 8.262084311379392148e+02 1.253743638801899124e+03 7.381258067286927371e+02 2.214535003693405088e+04 2.145993983065880457e+04 1.439655764454167866e+03 3.119041265181798281e+03 4.326597223687389487e+03 1.237759349252352195e+03 1.009461143945172262e+04 4.651256959799178730e+04 5.721021123225995098e+02 2.181295735631771822e+04 4.077943721121946510e+03 5.622622740701480097e+02
6.474414930175919380e+02 2.788074156377540930e+04 2.930921297312641855e+03 5.124248286322342665e+02 8.127218318188456578e+02 2.264193438000961578e+03 1.785058827677737554e+03 2.075864026400723105e+03 1.550195466014738713e+03 1.056309106440975711e+03 1.193454304830038154e+03 1.420265207417765669e+04 9.963737432219991206e+02 1.092505942538344925e+03 2.986939397165835089e+03 4.185163521594554368e+03 4.224942708302817664e+03 5.897922997217482589e+03 2.429567815151278410e+03 1.993239041241064342e+03
1.745146465212217663e+03 3.578468845221389529e+03 2.362751464920857870e+03 1.654747335831149485e+03 7.454436247368951172e+02 1.387234942672376064e+03 1.276022511710263416e+03 7.540802545330998328e+02 2.381577634830960596e+04 1.549203494467364180e+03 6.540553954543206601e+03 2.333431872796157677e+03 1.944804649885647905e+03 6.334890521236099630e+03 1.581365744247721977e+03 7.421550799573715267e+03 1.130109682146620798e+03 3.605344531957038271e+04 1.040733114392982316e+03 4.620643944370155077e+04
1.191555817026256591e+03 6.677507824905701455e+03 1.401089130667969357e+03 7.036933055745392267e+03 4.323118391975737723e+03 8.272052981526478106e+03 1.107171985541326194e+03 2.948217153521577075e+03 1.513726629106154724e+04 1.141712903326965716e+04 2.329507660085679163e+04 1.862579773919622676e+04 2.035213372537479017e+03 2.221399095057346494e+04 4.103328647631315107e+03 1.540506657025397317e+03 1.968133301346073949e+03 1.208690504967687502e+03 4.185328987827409037e+03 1.499394341667495246e+04
2.474018378811887487e+03 7.768024050997202039e+02 1.198723980405580051e+03 1.294982275609910403e+03 2.182646744061162281e+03 4.807849710381441400e+04 3.992721270569320495e+03 1.395248772612967741e+03 1.399938441137440122e+03 1.894495269386600285e+03 2.581266396482869823e+03 7.770293811369374453e+04 1.511223427341000388e+03 7.141289548179121311e+02 2.126473319109330532e+03 1.639931113348050712e+04 2.321349030813236823e+03 2.097577486416157626e+03 9.159797961035603748e+02 6.621288035028410377e+02
2.934773561579510897e+03 2.277074108132161655e+03 3.340011611993600673e+04 1.677948282600854327e+03 1.538618116492764784e+03 7.404538216398715349e+02 8.781860025844968050e+02 6.039600461166280638e+02 2.172709203714573505e+03 1.132387586779488629e+03 7.024810482276345738e+02 3.849667224984377754e+02 2.782510753297837709e+03 6.365501757433911735e+03 5.397848000896846088e+02 6.938313920839275397e+02 8.561704350149108222e+02 4.472660898175598732e+02 7.887975064460167687e+02 1.563384365816803552e+02
4.112988820208281027e+02 6.266314735083537926e+02 1.615758833064263172e+03 1.850414979660542372e+02 2.054999026022037469e+02 2.939237486452963367e+03 2.563585039277260762e+02 3.843519981324817536e+02 6.061098921006938554e+02 4.419635153473866467e+02 4.993213308557013988e+03 7.330289243304846423e+02 1.560030897373714879e+03 5.131578474009199908e+02 2.414137755194437887e+02 1.163093238263378453e+03 4.364877230267931623e+02 2.004060530626823606e+02 9.489131131850375311e+01 8.851968344467823044e+03
3.185235947705367607e+02 1.631661139185433512e+03 2.437319238493581906e+03 2.661060055323712845e+02 5.055228104834099554e+02 3.383121477161611210e+02 7.859858059351553266e+02 1.494801325583079006e+03 9.378322494827051514e+02 1.297891866904905385e+02 4.076862269604943663e+02 1.169701670065099279e+03 5.267195751151010654e+02 4.182418788777396799e+02 2.331600728905771120e+03 7.804370410677324799e+02 5.995998229038410727e+02 3.648086962978159704e+02 3.283223140636972062e+02 1.204297414939176633e+03
1.224538803937634611e+03 3.104045043882154005e+03 1.327777259037294971e+04 2.364262260401398635e+03 1.108495590804093808e+03 1.640155643643970252e+05 6.808804488399932779e+03 1.564738328439018915e+03 3.148823048988125720e+03 7.229290043129791229e+03 3.142838997625240609e+03 1.594478272674077743e+03 3.594350884822175431e+03 1.011640841485482383e+03 1.489241170014869340e+03 9.717758271250717371e+03 1.662932587084514125e+03 1.332146586217623280e+03 9.459083148143333801e+02 8.596802280714945255e+02
2.940297584994709541e+04 3.139114573381582886e+03 3.480893839944302727e+03 2.956093056594395875e+03 9.303048450257182412e+04 1.154121123718052258e+05 7.103241252536760840e+03 2.683211678961337893e+05 8.895181595036892759e+03 2.200109532143122487e+04 1.439569977496593128e+04 1.136686262211016037e+04 1.465279633699392434e+04 4.834490191067636260e+03 3.952392613188666019e+03 6.311942252209884828e+03 6.790448441203830043e+03 3.223917655293395910e+03 2.080451192182013983e+03 6.797423682452346839e+03
6.687186215700508001e+03 5.574136805193866894e+04 8.897636979861446889e+03 1.717602796584735552e+04 1.435853163781836629e+05 1.028870745391810487e+04 3.217967205915190789e+04 6.430913219708008000e+03 5.074738449117891287e+04 9.912451013399977455e+03 3.803115958245478396e+04 1.170082870429097602e+04 8.519452610761301912e+03 1.908373509976975765e+04 9.178987365209071868e+03 7.594061757121022674e+04 6.463604165182643555e+03 4.728723792613183032e+05 1.613405774532106880e+05 1.024936426815773593e+06
5.498050315368416705e+03 3.170620042490159540e+04 9.738393914098645837e+03 2.506460901992731579e+03 1.423733174562153727e+04 8.233902962159854724e+03 1.425984050274404945e+04 6.735607263026786313e+03 8.506496308849989873e+03 1.821903109021298224e+04 4.521083202972125036e+03 7.494865037762033171e+04 2.302783651079617266e+04 1.529535595508293954e+04 5.279245844908030449e+03 2.531925693287272225e+04 1.617622173236249655e+05 4.988912507331927372e+03 6.406691424387061852e+04 8.867032454987693200e+03
