2.099410919493580330e-01
1.103542429409092029e-01
9.741535733356122828e-02
9.135558679005377491e-02
8.845569296598455866e-02
8.687090426715678160e-02
8.581153591600695907e-02
8.443349500459114421e-02
8.380637947305691338e-02
8.269519023693604198e-02
8.192457011699709468e-02
8.147068562268412750e-02
8.114267469937279376e-02
8.166399504485225003e-02
8.204872676683534760e-02
8.240125504279641189e-02
8.392240730257914672e-02
8.796115824645447945e-02
9.330555871215341635e-02
1.357753096971284212e-01
