3.654029293824618854e-08 1.406310417049593999e-08 1.197134775515521388e-08 1.095206078606455167e-08 1.047946750555958764e-08 1.020460132167591692e-08 1.002189513805749967e-08 9.798347096547463191e-09 9.680441356792930169e-09 9.510926747495760898e-09 9.418704306413753204e-09 9.284396587933710917e-09 9.200941092828226849e-09 9.213437925950283846e-09 9.247910050500837784e-09 9.242399465030272171e-09 9.380537519089928516e-09 9.859892336704500899e-09 1.055015953893042642e-08 1.502232126728212352e-08
2.042174618709229420e-08 7.313518166206242937e-09 6.216253128014587031e-09 5.679368409750434391e-09 5.435677122191263463e-09 5.296006381393892596e-09 5.209698366758038768e-09 5.092506737838240997e-09 5.019651957794731705e-09 4.931024735495418629e-09 4.888493858593116088e-09 4.813149168919970017e-09 4.778872495844352996e-09 4.784484478309280988e-09 4.796673146701530363e-09 4.786767036113344294e-09 4.857102940048572020e-09 5.101714501065206737e-09 5.472213702870800221e-09 7.737822158086324032e-09
1.032680245857057829e-08 3.236074312384513078e-09 2.775172275776945876e-09 2.553511696096509387e-09 2.446664401104335400e-09 2.398544371794177598e-09 2.380734514337603547e-09 2.330092820603410798e-09 2.271364406649021754e-09 2.229013394267740705e-09 2.215676648432261657e-09 2.179148296484315454e-09 2.220179046743505099e-09 2.217206610200681082e-09 2.199591082813738506e-09 2.162463360348522699e-09 2.207883653956661250e-09 2.278700321022668391e-09 2.430737955484337734e-09 3.273585599108793031e-09
7.301569953738437846e-09 2.193086129075665215e-09 1.942907962233437156e-09 1.830524235938677474e-09 1.752573629226184238e-09 1.748331516975126695e-09 1.746495402678707884e-09 1.721015020153375894e-09 1.670658762333804440e-09 1.634309421580167277e-09 1.614194041431027828e-09 1.577520971120212370e-09 1.668519783595360174e-09 1.640907501493473047e-09 1.639219066024046003e-09 1.576891999847135924e-09 1.628950346867012022e-09 1.605154427804481160e-09 1.670576785363739733e-09 2.068002381248345150e-09
6.055451153090815951e-09 1.904943044375701210e-09 1.732770274549326451e-09 1.645170709976965166e-09 1.572169821617255128e-09 1.599241136531309983e-09 1.584548483950527467e-09 1.581841582111912661e-09 1.538762397617453183e-09 1.507527981033910999e-09 1.475895420670543736e-09 1.441533127501638034e-09 1.514177013076124386e-09 1.494739911651710279e-09 1.504802505283408111e-09 1.443033362046291606e-09 1.472119990261099184e-09 1.408149530803892084e-09 1.436594472909674969e-09 1.625622183730176979e-09
5.676669343695953776e-09 1.962929278762784367e-09 1.770464745331999742e-09 1.654350042618462720e-09 1.581394269233836626e-09 1.611165737386514145e-09 1.589382218276391257e-09 1.592932571896811038e-09 1.545698310975305361e-09 1.523144985938672309e-09 1.493790870661221522e-09 1.474088122658053210e-09 1.505904809560915639e-09 1.496630411929316471e-09 1.505008535430404350e-09 1.460595932054384908e-09 1.447582810952494531e-09 1.396310218602078886e-09 1.394786995254847990e-09 1.483597750555246880e-09
5.886997890157181220e-09 2.257325716461457473e-09 1.927229306518346964e-09 1.761207269744362726e-09 1.683042080757878979e-09 1.699135508056535266e-09 1.679117820397614032e-09 1.682241049316136181e-09 1.639834731085193229e-09 1.609188035909150630e-09 1.586232938318584259e-09 1.580308437117176897e-09 1.593251423397411279e-09 1.577749695779152275e-09 1.587005414282118928e-09 1.554291582045184650e-09 1.500008594792348426e-09 1.476561301438189481e-09 1.458905997135817074e-09 1.513017094282274198e-09
6.447427907815897764e-09 2.776690317980897653e-09 2.197266220993843358e-09 1.963951254554647543e-09 1.860844487043220258e-09 1.859702766711917808e-09 1.842508481918107899e-09 1.835613868730510513e-09 1.794362449159959366e-09 1.749036114410029923e-09 1.731447651569850382e-09 1.726906114642327049e-09 1.737454904846859157e-09 1.727939704285840756e-09 1.730115866732722426e-09 1.684604412157676178e-09 1.619131931173072686e-09 1.615271870842769455e-09 1.608146912279067836e-09 1.672284405594082995e-09
7.347491895493737586e-09 3.476059290462058572e-09 2.640372675463503292e-09 2.292463074113781346e-09 2.123099467678054551e-09 2.089556116428217213e-09 2.096585784211001047e-09 2.068228795015249602e-09 2.020932464624356697e-09 1.974984213847154655e-09 1.979513889961123422e-09 1.929672917065775090e-09 1.934604904880071789e-09 1.968788499394887313e-09 1.950136082111078206e-09 1.876040927866267213e-09 1.830207543005396387e-09 1.834664918917993111e-09 1.848234489597152785e-09 1.968098193887971658e-09
8.845270347875962426e-09 4.313844995048226372e-09 3.278910384585307642e-09 2.821053900789752236e-09 2.547562012232319660e-09 2.466645511757907707e-09 2.506165584261685799e-09 2.429399775183952392e-09 2.384971997331288389e-09 2.339482630147113453e-09 2.375626491256643556e-09 2.232074329418011625e-09 2.242137562088740402e-09 2.342838422424636920e-09 2.279051262093268358e-09 2.188006601780597183e-09 2.173510017163930165e-09 2.175606527071915201e-09 2.209319085998879253e-09 2.412182551810927722e-09
1.080720166796290961e-08 5.338004347886943254e-09 4.125945723250263700e-09 3.552846153129615309e-09 3.190108374547437656e-09 3.058796919429908936e-09 3.105273135607818907e-09 2.996732359470154441e-09 2.923645063292784590e-09 2.907483989833121030e-09 2.939106194898518488e-09 2.764257430214294428e-09 2.760560523925752109e-09 2.919436439920421776e-09 2.744049224243670728e-09 2.671461530979973060e-09 2.676132897772630535e-09 2.690443414254703319e-09 2.747023826844264803e-09 3.028712800215705585e-09
1.277722941715300732e-08 6.528222626393490000e-09 5.135921163899994441e-09 4.424480767205410341e-09 4.001608856936981715e-09 3.823740840031271864e-09 3.863815406764954968e-09 3.764912381412836721e-09 3.628440123620081144e-09 3.695516684356461023e-09 3.742878192358163099e-09 3.553873996940676522e-09 3.568096954021828625e-09 3.822843009440600057e-09 3.516489257749493569e-09 3.370327779822520871e-09 3.379299705205990237e-09 3.450522222620070764e-09 3.542096406405922504e-09 3.946974335234266696e-09
1.475952899947395438e-08 8.050418824464805083e-09 6.362094009749524102e-09 5.452125016333964905e-09 4.946279314573855939e-09 4.683073787326887443e-09 4.772052795975997042e-09 4.699001250530056501e-09 4.544402680958329777e-09 4.679568320193618750e-09 4.725979439574010916e-09 4.466464626152003403e-09 4.487715028972669675e-09 4.878369955582957485e-09 4.562413269924882543e-09 4.313377398081696864e-09 4.358632542827249583e-09 4.467601149757013331e-09 4.532770383124543128e-09 5.254119069706968623e-09
1.704424285985324223e-08 1.012889552805211227e-08 8.103822361731715443e-09 6.926583991405730245e-09 6.360756474883088337e-09 6.105290812164841478e-09 6.173914645823742587e-09 6.119028067690493116e-09 5.904464421064923013e-09 6.012289653582841854e-09 6.000044977524661757e-09 5.751044675121714939e-09 5.682077892374912670e-09 6.048350417736992161e-09 5.757863233772813709e-09 5.653819987333189951e-09 5.729825170852250021e-09 5.934983392827420501e-09 5.953128363015510737e-09 7.016165437484158842e-09
2.038064409202263348e-08 1.340669165740479745e-08 1.129820146833921309e-08 9.839074694212411093e-09 9.114411697861481987e-09 8.975255727552768876e-09 8.804306436647124335e-09 8.646753449130639391e-09 8.316142617571121728e-09 8.201608478726617509e-09 8.067376307565381857e-09 7.909164336419161920e-09 7.735588485065202858e-09 7.913880559981411169e-09 7.713162522998332360e-09 7.791555935814607997e-09 7.752421664534888613e-09 8.196254244830935336e-09 8.420839375531123837e-09 9.864813043322038687e-09
2.522786513102303267e-08 1.842426419661818283e-08 1.683542097858635204e-08 1.520084294314117089e-08 1.406621254905388648e-08 1.383854486986410254e-08 1.309735224591496395e-08 1.271536015967030371e-08 1.225744213447348373e-08 1.179770378659829835e-08 1.147681700760379693e-08 1.110211633247943677e-08 1.078883647007059607e-08 1.069827599017719007e-08 1.055712841549746807e-08 1.062618507266387586e-08 1.049455958367600014e-08 1.112874374156635943e-08 1.188089798986234363e-08 1.380212090354138414e-08
2.951824974461020964e-08 2.423844385583835170e-08 2.382727999619853148e-08 2.213754632627938453e-08 2.015644829635219729e-08 1.953941092272632155e-08 1.837607481042856303e-08 1.763351972479059472e-08 1.702529363191796123e-08 1.628596050047105954e-08 1.573473894083978563e-08 1.485712270429740978e-08 1.434388482661719040e-08 1.388137547657176610e-08 1.374509297012241150e-08 1.376178651800191101e-08 1.353393359268324930e-08 1.424271194292688335e-08 1.538857319257470004e-08 1.794618634457637164e-08
3.399512180731025510e-08 3.042674319854849253e-08 2.982140672448465376e-08 2.813776478522375313e-08 2.629643180065729229e-08 2.537838119522981129e-08 2.391176666621506459e-08 2.280658668710090842e-08 2.203344080405679256e-08 2.102168325645898061e-08 1.997156123153735689e-08 1.879978478321053692e-08 1.806835344319240057e-08 1.741263078802203422e-08 1.734238769209886365e-08 1.729307460778661377e-08 1.686436706402212425e-08 1.741669173965975255e-08 1.851901784790518015e-08 2.143886072151639168e-08
3.916333798420227296e-08 3.925178347508446812e-08 3.816999744013670865e-08 3.701814701628177804e-08 3.591649824329997234e-08 3.435555404165637575e-08 3.214018899022578172e-08 3.093714908155849850e-08 2.958743700186838512e-08 2.773932475096353428e-08 2.591250058021982336e-08 2.445614197518643420e-08 2.343795708736665155e-08 2.278912604242664642e-08 2.277544563630420623e-08 2.238048055692403382e-08 2.165001567884938086e-08 2.149517520672925772e-08 2.216218826741560436e-08 2.461732965691665734e-08
4.530938942041440127e-08 4.912409436001586333e-08 4.870436046484070924e-08 4.768647306054323125e-08 4.677157251890042311e-08 4.491872339268311889e-08 4.251190344532544380e-08 4.118209613709358807e-08 3.907681456817035828e-08 3.668755259710978828e-08 3.454395794180284244e-08 3.318363484718443746e-08 3.217476854707985401e-08 3.158892562612118115e-08 3.167148071932939662e-08 3.064780730773227657e-08 2.951502468768423312e-08 2.808367242597024855e-08 2.755191046784917413e-08 2.869749259411022622e-08
5.338602768887486045e-08 5.800364393169213983e-08 5.717253225233838908e-08 5.557850719390040258e-08 5.480941292073013106e-08 5.342645059044467373e-08 5.191705589323941702e-08 5.004386017440210823e-08 4.795982818236614598e-08 4.607961628714949256e-08 4.477568675851125039e-08 4.350588385984380941e-08 4.278289271903845901e-08 4.251823700421116002e-08 4.255400164744048790e-08 4.098849560485548599e-08 3.963699043009125880e-08 3.717172165349134246e-08 3.533676960456798918e-08 3.513947300804772266e-08
6.467090593209490421e-08 6.757006384063233530e-08 6.616122168745059031e-08 6.459738848433808198e-08 6.406594804649596389e-08 6.283425321080444788e-08 6.193658171366941903e-08 5.989836407064620888e-08 5.803574835015503287e-08 5.666713464418062346e-08 5.551037010600936718e-08 5.394151896649617731e-08 5.337640758754231442e-08 5.337562913908286139e-08 5.305650127522999524e-08 5.157678812501016928e-08 5.117873716187028926e-08 4.937556735719370370e-08 4.676651267321957073e-08 4.470890621044124286e-08
8.942820968769324074e-08 8.497881477921321259e-08 8.183479992402614114e-08 7.979947228799395855e-08 7.896387535427032720e-08 7.838690562386833835e-08 7.796106103712611782e-08 7.560821378502386503e-08 7.333000993915484943e-08 7.136519442699098268e-08 6.986057442446191713e-08 6.846299477234919244e-08 6.827594229854300592e-08 6.775089972798892503e-08 6.771893305339405285e-08 6.652785847071396963e-08 6.565861215095908660e-08 6.473119123625344075e-08 6.161261026624859288e-08 5.775677017459017145e-08
1.216904023280692828e-07 1.123274003863064146e-07 1.049976178409176724e-07 1.005421371718323415e-07 9.871031326588292645e-08 9.816579252550833969e-08 9.650930587470290845e-08 9.305168230712507042e-08 9.071873402686803844e-08 8.826258950954377909e-08 8.721714874197114972e-08 8.682296625528013138e-08 8.591820927448749107e-08 8.619283509175627996e-08 8.668967862727478928e-08 8.470975760263411133e-08 8.318404652519428914e-08 8.355429146092879897e-08 8.147242623392228328e-08 7.867949832821751727e-08
1.302011104866211604e-07 1.169111665217034216e-07 1.077459819189152879e-07 1.023933636256430614e-07 9.999104219739376768e-08 9.811932771219417110e-08 9.598427344358390714e-08 9.311655407485482549e-08 9.102974610802418331e-08 8.932281764046445129e-08 8.850729258040231483e-08 8.774483297951483797e-08 8.660610280240538937e-08 8.722670335330217917e-08 8.791667686802251136e-08 8.623931333599334602e-08 8.574985283183920379e-08 8.703112190862234978e-08 8.733973452425698839e-08 8.910981408782770360e-08
9.403437793170777164e-08 8.046985034977299487e-08 7.366190938904355837e-08 7.058412787205536202e-08 6.865491859191191287e-08 6.766432371120275376e-08 6.691663704474165308e-08 6.610554223809552464e-08 6.471778987989734895e-08 6.387240441507481179e-08 6.239446858618089227e-08 6.178185731590418124e-08 6.076028251721374949e-08 6.031155378306129755e-08 6.075816720316449610e-08 6.090114030936540565e-08 6.168919446510616820e-08 6.470114459855318293e-08 6.744605541257326611e-08 7.430360975684356499e-08
8.308598147150287951e-08 7.010032243126329381e-08 6.631605068245699242e-08 6.442685837457907846e-08 6.378720622586911106e-08 6.333138481285747378e-08 6.305451874397429275e-08 6.246746212102522670e-08 6.143524819977279359e-08 6.064644052658150426e-08 6.014990980089686924e-08 5.974961213386609059e-08 5.977354411062614580e-08 6.016502915111220880e-08 6.037513542561126188e-08 6.133498816082784881e-08 6.216738856529158575e-08 6.254792230978567109e-08 6.223752058791391905e-08 6.576557722310459609e-08
8.117847790441239896e-08 7.434224772820229893e-08 7.057447959585712997e-08 6.854641362226245775e-08 6.767242236566583817e-08 6.718578225497345433e-08 6.657783198668089830e-08 6.595317644549924001e-08 6.536417391536222929e-08 6.523560036726768327e-08 6.502333854563721837e-08 6.491422470966769520e-08 6.468384930266346068e-08 6.485018570743090390e-08 6.511188734847226091e-08 6.538928981538483857e-08 6.578379706109552707e-08 6.689683416771163692e-08 6.816087246228102538e-08 7.418118595973654765e-08
8.464657468873902647e-08 7.642417684452656334e-08 7.348189697112765718e-08 7.150392605437426011e-08 7.075593013392771377e-08 7.047063744318912116e-08 6.980615784864942719e-08 6.900695334694864451e-08 6.881518123523165647e-08 6.830268621672513087e-08 6.816455285855794691e-08 6.781334921257786880e-08 6.764589227621295849e-08 6.742838941693025804e-08 6.747582590583335437e-08 6.790262659384210956e-08 6.906107880980853973e-08 7.119363619965520658e-08 7.255146338316881123e-08 7.759708817562533813e-08
7.917360020031902673e-08 7.239255574425738955e-08 6.938025601623785198e-08 6.766004551962897408e-08 6.692382503125969605e-08 6.652833208201567094e-08 6.609287633770250213e-08 6.525014164138371115e-08 6.492470746151090734e-08 6.442885357077349252e-08 6.413089188606456493e-08 6.383130178268199239e-08 6.393689987635683377e-08 6.408899546634491525e-08 6.411782593594303702e-08 6.443247816535612192e-08 6.504955611596048559e-08 6.651141092874608082e-08 6.788609542150695782e-08 7.320722168569025305e-08
6.774116894140684180e-08 6.760912621391875373e-08 6.560617504824074799e-08 6.447886903081804223e-08 6.350887957503445607e-08 6.263410798337432969e-08 6.223500830106658861e-08 6.174896830286739916e-08 6.158263049971102870e-08 6.132111774780664851e-08 6.115034678080592869e-08 6.100173991872210890e-08 6.092055167974971639e-08 6.102668673167581501e-08 6.097270452728421456e-08 6.055054728462564426e-08 6.032724925949089733e-08 6.024432769355080387e-08 5.972834184686639615e-08 6.048376536762522499e-08
5.229458125929759854e-08 5.581724500711284483e-08 5.635943219570115964e-08 5.590348579036001767e-08 5.559103352182722548e-08 5.539546689195834100e-08 5.538451917381438165e-08 5.522134617490833288e-08 5.494445632979571111e-08 5.478439955243992495e-08 5.482403765898834772e-08 5.479402721168945460e-08 5.498557044622874434e-08 5.481023923262228540e-08 5.477888663059941325e-08 5.392335420387958586e-08 5.336441500268828790e-08 5.276850585951570350e-08 5.113611666642649710e-08 4.923763058399542358e-08
3.745035041935422014e-08 4.141657661349633868e-08 4.321355874085999817e-08 4.389249569736962628e-08 4.435062980855177269e-08 4.445589803123125463e-08 4.477265235197101671e-08 4.430932012722148929e-08 4.380563288007353577e-08 4.365080082544999919e-08 4.333079658294403609e-08 4.305679277527526690e-08 4.286411463135928988e-08 4.298780297848624419e-08 4.300421780188504445e-08 4.271210580425421922e-08 4.230000663632255325e-08 4.109874920413566723e-08 3.884024655443762618e-08 3.541009316373724967e-08
3.921809763435065243e-08 4.607835485009465150e-08 4.717425024413792051e-08 4.752873744575488079e-08 4.778266152219199331e-08 4.775507933528285990e-08 4.748315819075376507e-08 4.652049266066049996e-08 4.573431313829526281e-08 4.536797860225892715e-08 4.500357265521602966e-08 4.481819155879240917e-08 4.472399048569378155e-08 4.447091384771550728e-08 4.390813252328795597e-08 4.351859083155723423e-08 4.276348089762982308e-08 4.185098993293836220e-08 3.948812002197427912e-08 3.653179700042953567e-08
3.977030185679686620e-08 4.735378911084059135e-08 4.833630464898441628e-08 4.847483968942677804e-08 4.862047714225905557e-08 4.832924807320684921e-08 4.803959277044819964e-08 4.704370943756651763e-08 4.634142714973904522e-08 4.636387484679715147e-08 4.630998562489831293e-08 4.616866796695199187e-08 4.596446234205722464e-08 4.597153335238090270e-08 4.549417166911473070e-08 4.472317000009539455e-08 4.407939397141390233e-08 4.266930469513979705e-08 4.009761643117227783e-08 3.668500103735589759e-08
3.819386571964998279e-08 4.247931545268450041e-08 4.276036989676365671e-08 4.226883755613900017e-08 4.199810002551238956e-08 4.181217987620202062e-08 4.160975749868666928e-08 4.123786272499599785e-08 4.069384810491949442e-08 4.052689897990579811e-08 4.044366214235289263e-08 4.015082383449375588e-08 3.996708355058967966e-08 3.998358164853888707e-08 3.993767418059975132e-08 3.952290511784757692e-08 3.939379707940370741e-08 3.892515829144936980e-08 3.790243728150846306e-08 3.575434220058397989e-08
3.967271971343881193e-08 4.166565556459185897e-08 4.048844345667855855e-08 3.962582401081087051e-08 3.895982391832246208e-08 3.875990923846168346e-08 3.808826353197606248e-08 3.782367864545079718e-08 3.746375838314557256e-08 3.730282219824963237e-08 3.710436802307083898e-08 3.689215059499554615e-08 3.674671983481399855e-08 3.663404916439580202e-08 3.646229422199955363e-08 3.653939575173328095e-08 3.648822900768557241e-08 3.690852382058242439e-08 3.698158182703805492e-08 3.729815405764283239e-08
3.845536903625618427e-08 3.928647157287338935e-08 3.756289374889024321e-08 3.694146572416495425e-08 3.646301961954018317e-08 3.629348869514480193e-08 3.574704028087012519e-08 3.528826591745956767e-08 3.525771157930257574e-08 3.501192056032310462e-08 3.487847667364555696e-08 3.468762743629361114e-08 3.476953110745628619e-08 3.494746728690350770e-08 3.504811765099753269e-08 3.521553225426374525e-08 3.493149275144104556e-08 3.467634742178175053e-08 3.483615627966731515e-08 3.593009568652688601e-08
3.822190782761549436e-08 3.786659450729087147e-08 3.538286643042842483e-08 3.490230609899130660e-08 3.481453291602827482e-08 3.481820674759360923e-08 3.446902455295755073e-08 3.417653468799121470e-08 3.399474483057340844e-08 3.358798104616498966e-08 3.346091396413006385e-08 3.314353986871130382e-08 3.328605220085941866e-08 3.340776685201477348e-08 3.363997609642641047e-08 3.343397143979503156e-08 3.342546221385454234e-08 3.371412164543924034e-08 3.447251005307539188e-08 3.362131527779783380e-08
3.876585625886261079e-08 3.712310796480172684e-08 3.514249520144435362e-08 3.480330419924017014e-08 3.430285167648527373e-08 3.425204426613320126e-08 3.384541471290169599e-08 3.386648188363043323e-08 3.339689494839078627e-08 3.293689979308981609e-08 3.285029438019523237e-08 3.257981755239249930e-08 3.260795747258556814e-08 3.247207091895121635e-08 3.253380461350612491e-08 3.242939358261616264e-08 3.235862664036718370e-08 3.301670818098457363e-08 3.388444764724341941e-08 3.412445628544242845e-08
3.566085715399077666e-08 3.350030606702519481e-08 3.198509337050445149e-08 3.193688865691593314e-08 3.183601123774035856e-08 3.208084856692971872e-08 3.218890539361203240e-08 3.236529282716152064e-08 3.232456135602248191e-08 3.206862715343390160e-08 3.216557607606677025e-08 3.197971193071715846e-08 3.186382385387328074e-08 3.170145633278241703e-08 3.172318643345279741e-08 3.171612827275898080e-08 3.146556729566701093e-08 3.186076318914141531e-08 3.170949750748144599e-08 3.254203634022800787e-08
3.097397631156703628e-08 3.144442264060625581e-08 3.091871458715801980e-08 3.069946063183711676e-08 3.044761557973908998e-08 3.067874379761416033e-08 3.112046259155547389e-08 3.135142061691215003e-08 3.146856597550926925e-08 3.150753400136274729e-08 3.147710970160496344e-08 3.138726936566034291e-08 3.143640949223467414e-08 3.140332259095435016e-08 3.144762741426782177e-08 3.148401913752559478e-08 3.120071617692317114e-08 3.166924097034370689e-08 3.212920708606953159e-08 3.226619960845349798e-08
3.031694453254159294e-08 3.126553281868065667e-08 3.049421496647071099e-08 3.061502394771237250e-08 3.069447261970580978e-08 3.057068547094903332e-08 3.065246102488400174e-08 3.061133186103761621e-08 3.065535260400795686e-08 3.084528789750282780e-08 3.101943429523060811e-08 3.106124966726562877e-08 3.147650764402689962e-08 3.172470325828473337e-08 3.194783472641700004e-08 3.205163763387495028e-08 3.209135290015858802e-08 3.221046770124386831e-08 3.201076551116182060e-08 3.084232901649785409e-08
2.946787633721418889e-08 3.001507765061328184e-08 3.042224770213275013e-08 3.105529227621669923e-08 3.141141403034935142e-08 3.088070272360538539e-08 3.085310953994331951e-08 3.070633738707697928e-08 3.071482258554327885e-08 3.088846092989302493e-08 3.107538363108107513e-08 3.115470558221012651e-08 3.143648320699957544e-08 3.133641924179225963e-08 3.152906370493173626e-08 3.120372148170655822e-08 3.138528192141659444e-08 3.150117897532907961e-08 3.082899341123454095e-08 2.872889255820716033e-08
2.921183177738919309e-08 2.977028568295072030e-08 3.085578493771422907e-08 3.168113291822150042e-08 3.184585818001485703e-08 3.159589074673100992e-08 3.152975623589574436e-08 3.157545368137579413e-08 3.141708920634453948e-08 3.139736659181639207e-08 3.132422306450703625e-08 3.135244878275159601e-08 3.149228164569988799e-08 3.154914107596858717e-08 3.190868942747259545e-08 3.141506705687609048e-08 3.150585802115042469e-08 3.172464319340005819e-08 3.120768300934247443e-08 2.899208370148095209e-08
2.642234696437996308e-08 2.865051001395164402e-08 3.017226445572519119e-08 3.144283753878955472e-08 3.205007389455991223e-08 3.187460853473573771e-08 3.180033680780097661e-08 3.166700567577600759e-08 3.152189103087561250e-08 3.143183575758422670e-08 3.136137916576186335e-08 3.130896039721475707e-08 3.122657210538308948e-08 3.154880106109413686e-08 3.157652072805902835e-08 3.137490847519143761e-08 3.135863864711594666e-08 3.129011223277773683e-08 2.999528157125728890e-08 2.766167812948597932e-08
2.522941937308714787e-08 2.990447254311140386e-08 3.018844869506539896e-08 3.069614820598267640e-08 3.077553300364487256e-08 3.041596833749294793e-08 3.029856704769373508e-08 3.048504078765089931e-08 3.041910971154718278e-08 3.060530841639087580e-08 3.066571430161626263e-08 3.069142052088438152e-08 3.060605116672534233e-08 3.095602609541876881e-08 3.093210169098654006e-08 3.081067040656967810e-08 3.095294742678418010e-08 3.107938846523252319e-08 3.031308627874515831e-08 2.811219021772269695e-08
2.603281927079857807e-08 3.097544131098726916e-08 3.068477451813125216e-08 3.028860488814611360e-08 2.978409555049582900e-08 2.906640580131675638e-08 2.865592210022842622e-08 2.869825568013568481e-08 2.866703732205205099e-08 2.880107703164209598e-08 2.872121185874849552e-08 2.887910223617768331e-08 2.907951472422286802e-08 2.921109949739241199e-08 2.980046967782911245e-08 2.983181560596544741e-08 3.023491151148042880e-08 3.054286872231779658e-08 3.071824316876063307e-08 2.851622923484252061e-08
2.828132385334190407e-08 3.070045276344511760e-08 3.041571549663937642e-08 2.986698172115750774e-08 2.924693553457688221e-08 2.856689446865795595e-08 2.810779916319630410e-08 2.782461489452687412e-08 2.789541758486301508e-08 2.776450235762260846e-08 2.762303340315292065e-08 2.763199733475220309e-08 2.785083538737946338e-08 2.792715772821452339e-08 2.864960476015457245e-08 2.908035929876565798e-08 2.971563364779275064e-08 3.013101699958908553e-08 3.017231992611335891e-08 2.810378524034082332e-08
3.070560414571926341e-08 3.044834508767451743e-08 2.979502250927963505e-08 2.925963471097254385e-08 2.854769687615630007e-08 2.829402074727594628e-08 2.808616657714072580e-08 2.788064464175005464e-08 2.762829816178312087e-08 2.754950866262349570e-08 2.753001187664723332e-08 2.746614438601848601e-08 2.736572500212671447e-08 2.722359633517364017e-08 2.745053768254023093e-08 2.762150771613511177e-08 2.831008915647110790e-08 2.890838150676471352e-08 2.895953229346967117e-08 2.863808237943203284e-08
3.053944775493234828e-08 3.038214651431219897e-08 2.986904666100366287e-08 2.923214021818975626e-08 2.824138666502798864e-08 2.764427089851108937e-08 2.747205228235582185e-08 2.726194145532262424e-08 2.699025695232463609e-08 2.673290319795000240e-08 2.671901536864903837e-08 2.654687838360645853e-08 2.657247610141089140e-08 2.645410313771658509e-08 2.650298284965034527e-08 2.651101773152647264e-08 2.709804625083956636e-08 2.788560275543484194e-08 2.822345033141010616e-08 2.814058634682776896e-08
3.006434934812123636e-08 2.913864391831109642e-08 2.851621604751964824e-08 2.762787376448275752e-08 2.658084975990725718e-08 2.601087048848870365e-08 2.574786919628731364e-08 2.524723872270949199e-08 2.512994337022962337e-08 2.502412150014819797e-08 2.505087534725771719e-08 2.510126621910355069e-08 2.499495732491467453e-08 2.506184679937645189e-08 2.523586723819817413e-08 2.546035539111658825e-08 2.590606221010517963e-08 2.692433083518690634e-08 2.836611257928469111e-08 3.016618215715278752e-08
2.901511527355678028e-08 2.756641568709495208e-08 2.633280779489425403e-08 2.556718061357848531e-08 2.507182441750370893e-08 2.502759596079253011e-08 2.462135692771651170e-08 2.429431504357873690e-08 2.424324302145519116e-08 2.421847749380710444e-08 2.416077210978228316e-08 2.450112992072132321e-08 2.462472705085837888e-08 2.461337801059036840e-08 2.478897818160809981e-08 2.524706845173746029e-08 2.574844902300531976e-08 2.707634435884531374e-08 2.888187071942748841e-08 3.210278806459439995e-08
3.344346591019491341e-08 2.749697707570558196e-08 2.575103305986291604e-08 2.500335777778055946e-08 2.495586083508814187e-08 2.502228878444837590e-08 2.458615111723087306e-08 2.425641076009509420e-08 2.413737802373301059e-08 2.423988104713681354e-08 2.441793835635766060e-08 2.452653701749285809e-08 2.465170349206887758e-08 2.465544362961899570e-08 2.501306691961962252e-08 2.546065885086878789e-08 2.573802139640061832e-08 2.635302889163391058e-08 2.769690239790697012e-08 2.957952878230339345e-08
3.014524725615012740e-08 2.572330484719158965e-08 2.560940376404827309e-08 2.545568644514266632e-08 2.535639201380259189e-08 2.537730731376680983e-08 2.548703101414337745e-08 2.517603989905071866e-08 2.507120862370291037e-08 2.520272201303665247e-08 2.548799330228121442e-08 2.544511707758129425e-08 2.546738827544107250e-08 2.575804416241250496e-08 2.593365630938593944e-08 2.660954849832750174e-08 2.729841906955520421e-08 2.823764371689688956e-08 2.899416789276988592e-08 2.994085346508191496e-08
2.977075256748082979e-08 2.833999083505395696e-08 2.798164692164644012e-08 2.772734598000989854e-08 2.818308533418230645e-08 2.891193759119328368e-08 2.970440132281696296e-08 2.964200751807284330e-08 2.892879339578223003e-08 2.903395215671643617e-08 2.932993741911480573e-08 2.915769791424068857e-08 2.922251158369556819e-08 2.897480428938476990e-08 2.865554337809787072e-08 2.874642599042827120e-08 2.938640918970450045e-08 3.012542316856411520e-08 3.080083457112134063e-08 2.993890682570653444e-08
3.341141661968410369e-08 3.224552683163966279e-08 3.223869831279589824e-08 3.080281035266394794e-08 3.096486743645814473e-08 3.180642996295388096e-08 3.253962942158494377e-08 3.264670031425689778e-08 3.182411799480925522e-08 3.201991809440747842e-08 3.242758939044466342e-08 3.258476484259489281e-08 3.250804854258401851e-08 3.231821328109651635e-08 3.176875053191273358e-08 3.133033215726644002e-08 3.126788924484344315e-08 3.144968962992485416e-08 3.262268597549474079e-08 3.042688781300980309e-08
3.591459481891608953e-08 3.515143472441031114e-08 3.470826779173817778e-08 3.314980199027924356e-08 3.297336655535572024e-08 3.347541487368192720e-08 3.376214498255977499e-08 3.361343325303445708e-08 3.345899146211376903e-08 3.338306444908782501e-08 3.348810557386701765e-08 3.339932675131952605e-08 3.366336802072753142e-08 3.389521852245085835e-08 3.423681145406285084e-08 3.508960791273182929e-08 3.524150015635171230e-08 3.543046000957609923e-08 3.556815734144846881e-08 3.360612470058190006e-08
3.392296354235420041e-08 3.568644202517818142e-08 3.522682552958438991e-08 3.416128143037577708e-08 3.392747722859590169e-08 3.427410307459546806e-08 3.429488941791584354e-08 3.442523997942252167e-08 3.407257624010694786e-08 3.406529700443967656e-08 3.426466819958973782e-08 3.437456075103782368e-08 3.448354307189827698e-08 3.413239418986736913e-08 3.395468341571482059e-08 3.423304117437633297e-08 3.420836204393377313e-08 3.416627956075151026e-08 3.468591876773436863e-08 3.431634254914820601e-08
2.995217035252410492e-08 3.453285261689562550e-08 3.443137147451773843e-08 3.363069730102253054e-08 3.347804581527855708e-08 3.357473487325988892e-08 3.362238785631227510e-08 3.386366401778216975e-08 3.360157824670981048e-08 3.348036190193022323e-08 3.356619713377997096e-08 3.341044640817664338e-08 3.331093556239040600e-08 3.287967659374795064e-08 3.263291877840816969e-08 3.224752125645205748e-08 3.207620078244336941e-08 3.171334990943641507e-08 3.153727365434690540e-08 2.931321453108960951e-08
3.081437593408746410e-08 3.369227943562895987e-08 3.262412648075374761e-08 3.220856321856421645e-08 3.222479882913507573e-08 3.218749471018799268e-08 3.222453289968974510e-08 3.217615406390968062e-08 3.232463727199322465e-08 3.222409709954457495e-08 3.199186492959243057e-08 3.185855522237846299e-08 3.159208168656396353e-08 3.127487234679506751e-08 3.114694319357788487e-08 3.086705614074383398e-08 3.046657874418225148e-08 3.005049089301145580e-08 2.937657165841726307e-08 2.534987144624140866e-08
2.731276365357446851e-08 3.151374011492104622e-08 3.075337386090666594e-08 2.983856657877650179e-08 2.953571231538718052e-08 2.952192937095063971e-08 2.949424780684353869e-08 2.950832443221485611e-08 2.966326350823812526e-08 2.957090575217319153e-08 2.933921569018904879e-08 2.927447065265637135e-08 2.916996795620054721e-08 2.887659737128687859e-08 2.887877923678620330e-08 2.850049915395964070e-08 2.788161407576562194e-08 2.743640717088399591e-08 2.642114416239636782e-08 2.224889614909413670e-08
2.236585037873833997e-08 2.821651734326389238e-08 2.921336505631417700e-08 2.868861772129299736e-08 2.849322128880268287e-08 2.850422621221232017e-08 2.820831805060723644e-08 2.774856025536641906e-08 2.742233789222562968e-08 2.710871944705061026e-08 2.690655415692672110e-08 2.665734787887384865e-08 2.634371692940572312e-08 2.594241425514116457e-08 2.585361550098258398e-08 2.549561614059601989e-08 2.512445146608378883e-08 2.474507348262491522e-08 2.355286504791471080e-08 1.992741577051215654e-08
2.139866946631769591e-08 2.718258098613491907e-08 2.700422376004727899e-08 2.630936596300659876e-08 2.583821582773326701e-08 2.569817276658190827e-08 2.535223100251048504e-08 2.478419965587448159e-08 2.449085035146890585e-08 2.420981412875668753e-08 2.384178234998316054e-08 2.355469269274967372e-08 2.295157173645994768e-08 2.249775262572419331e-08 2.207432756980714154e-08 2.162757996586517636e-08 2.135249423497242232e-08 2.060004143222415993e-08 1.928435624417398603e-08 1.687866494648047557e-08
2.019807669044723148e-08 2.481944881376021191e-08 2.432043170387289175e-08 2.374662469843283218e-08 2.305520487423268975e-08 2.276636176290454912e-08 2.245860872565841350e-08 2.209514535415165208e-08 2.194270739208557168e-08 2.170359022582664872e-08 2.132365538660598272e-08 2.100850254764464206e-08 2.055137726504568925e-08 2.025170729499137768e-08 2.010600376168442433e-08 1.959742826455292774e-08 1.917871084954820770e-08 1.831665492713072207e-08 1.695203453310068896e-08 1.520518254791751718e-08
2.014034234214973120e-08 2.363015950348597408e-08 2.350574018320135349e-08 2.310780727734677613e-08 2.247761588365190627e-08 2.208623649283508163e-08 2.161730032757926939e-08 2.120179426162482405e-08 2.107030009054655391e-08 2.081815646861361447e-08 2.042034860228873149e-08 2.000467211485296675e-08 1.971633624501043478e-08 1.960776570625310398e-08 1.945952288809989383e-08 1.914129245196099763e-08 1.872812412197534887e-08 1.817720091887998134e-08 1.713240014513790034e-08 1.600517588282212703e-08
1.904401634929105600e-08 2.171090801509096608e-08 2.143026202900693259e-08 2.092088895686998251e-08 2.045230118842124506e-08 2.011246320082007723e-08 1.978294498134854447e-08 1.951214200806494005e-08 1.940416206982543722e-08 1.923007222111150939e-08 1.895145467233697906e-08 1.862111922678520017e-08 1.847545296051670776e-08 1.839603243202680724e-08 1.822546892614201259e-08 1.790523210129697294e-08 1.774398712270765047e-08 1.729336136403549801e-08 1.644547577716310383e-08 1.526426235358370407e-08
1.740655831015978114e-08 1.939930443842323259e-08 1.928017586816321061e-08 1.883950227365678610e-08 1.853436541102804777e-08 1.835235854474768978e-08 1.815426186786988045e-08 1.794466534352358401e-08 1.790536755284595896e-08 1.779213061195323635e-08 1.768979048473337194e-08 1.755569608822146018e-08 1.748903812713678748e-08 1.743585899481056279e-08 1.732916231711377426e-08 1.709009061129691673e-08 1.701432266852096481e-08 1.662936064709550702e-08 1.556922910325336146e-08 1.407783025084960553e-08
1.719611342884830471e-08 1.860646277852976282e-08 1.844429815790582618e-08 1.824302812364267876e-08 1.823600771011005236e-08 1.810137134202028079e-08 1.790771028190853686e-08 1.782513305218801120e-08 1.785434630512429966e-08 1.781000644707144470e-08 1.768436382417827248e-08 1.746625149609470642e-08 1.724396826104647039e-08 1.712423777326541147e-08 1.712219324938479496e-08 1.695249892593051119e-08 1.700795132811557639e-08 1.662930436583298779e-08 1.631556586525390539e-08 1.514727599603097753e-08
1.760457633571569686e-08 1.744055623640599350e-08 1.737613359402914808e-08 1.730493834774490165e-08 1.728660681674535327e-08 1.738233256894206118e-08 1.722657396897562088e-08 1.719028982019160131e-08 1.728431040557213094e-08 1.717091426278787676e-08 1.718262820797156571e-08 1.697098900874315352e-08 1.690986999737540766e-08 1.695517557790026356e-08 1.709196218913683188e-08 1.706392358432484990e-08 1.706856472975979856e-08 1.702018767631241077e-08 1.705594838115198243e-08 1.622604522999941919e-08
1.918866122365181200e-08 1.884392201287654339e-08 1.865534481454606175e-08 1.835648743953894104e-08 1.856476017335570263e-08 1.882695154417896861e-08 1.865113318676442744e-08 1.860289284801346055e-08 1.877759558565205391e-08 1.892667835725265398e-08 1.908579373790888847e-08 1.889971626649655912e-08 1.884421724987052684e-08 1.899881280618663283e-08 1.907041418853106244e-08 1.877812224785004300e-08 1.859355921858038177e-08 1.828233709205194024e-08 1.806747483295642547e-08 1.575797869091906835e-08
1.885329369669269976e-08 1.851640141673603505e-08 1.833803645942801705e-08 1.814004082840698572e-08 1.781480259867262094e-08 1.769081553504184747e-08 1.759518067419265915e-08 1.748981574063727808e-08 1.762198782239474709e-08 1.760574301813673871e-08 1.772004138443818081e-08 1.760793658461832261e-08 1.746824590253099594e-08 1.733397264690720175e-08 1.745466961858279810e-08 1.735206940809792722e-08 1.726921568237327903e-08 1.722813481748671108e-08 1.701212760073410431e-08 1.557449714968723955e-08
1.625968457015252769e-08 1.584526380116509249e-08 1.577905606647897045e-08 1.571177224806550549e-08 1.575451842033853141e-08 1.573546500805937054e-08 1.552101122650315212e-08 1.541272055507438235e-08 1.567734396776979003e-08 1.588477075931204713e-08 1.607171542129591230e-08 1.588564943735916388e-08 1.573289503897780159e-08 1.584252318196172056e-08 1.573719990172998184e-08 1.533817816281791581e-08 1.504121288847280028e-08 1.486307006589523216e-08 1.482730324515466473e-08 1.293720807822254682e-08
5.870436622726761354e-08 5.114159068985541314e-08 5.052270580994876992e-08 5.077815978869889415e-08 5.037884340965397568e-08 5.065779671738115158e-08 5.072746718757188749e-08 5.101394403366008819e-08 5.222997350384526653e-08 5.272681763193804664e-08 5.351754245396352566e-08 5.368470939020607961e-08 5.364162013701273700e-08 5.369658605975771258e-08 5.414035435169983965e-08 5.365597622686604861e-08 5.354906418953159513e-08 5.394846732879193314e-08 5.377104595762496028e-08 5.076264193113830029e-08
