3.001533340279992682e-04
2.501689129937685260e-04
2.229920870384410252e-04
2.099221192856137762e-04
2.035219531578276409e-04
1.999593424874714759e-04
1.976703466300622420e-04
1.945188793222617024e-04
1.930897930231055917e-04
1.905516673011156356e-04
1.887139253791270523e-04
1.876401468978644636e-04
1.868714217419676499e-04
1.880356056787529722e-04
1.888266502216604881e-04
1.894778275105358047e-04
1.925578901811292418e-04
2.012799120406901854e-04
2.111406312906294325e-04
2.401032354740652969e-04
