4.384867028189085155e-04 4.206145269146425959e-04 4.144804346544204770e-04 4.089218294849975314e-04 4.102478461478503311e-04 4.155611442608378686e-04 4.183589723416745922e-04 4.175897954907430501e-04 4.117144040508642004e-04 4.108781039738276949e-04 4.093680283300373869e-04 4.078464189561719039e-04 4.063704577746348498e-04 4.089841100897057295e-04 4.092667931629722939e-04 4.112960571925028093e-04 4.124922960898190385e-04 4.192447805827884426e-04 4.389867633104160014e-04 4.708577118515832488e-04
4.506113342539496184e-04 4.355775140707696569e-04 4.291473044835049811e-04 4.233023179226992551e-04 4.247786709140866069e-04 4.303054816190899539e-04 4.333751463880663318e-04 4.327502077142095227e-04 4.268486348076273797e-04 4.260603174147062507e-04 4.245369795161484106e-04 4.228388907128853179e-04 4.213350054151749854e-04 4.240484901271573959e-04 4.242830541113011772e-04 4.262445301611637698e-04 4.270981341870803342e-04 4.338177557283729715e-04 4.537856188930085711e-04 4.863549172991731831e-04
4.520322279744224867e-04 4.410144663936497100e-04 4.345819668735793201e-04 4.286490450599348637e-04 4.302205927111599215e-04 4.358027895805346888e-04 4.389832390504046287e-04 4.384434996454798870e-04 4.325786818183867746e-04 4.318197107374848235e-04 4.303233128426379507e-04 4.285605456323763880e-04 4.270601231900026263e-04 4.298046560436859492e-04 4.300196683789315371e-04 4.319407486322508240e-04 4.325833012961675418e-04 4.392429969720964113e-04 4.591827592486676622e-04 4.919037684586207619e-04
4.512132250134656014e-04 4.440130920711843820e-04 4.376523015173718512e-04 4.316860231388871009e-04 4.333313942423281978e-04 4.389285441598085179e-04 4.421736772427628699e-04 4.416967229601608067e-04 4.358722276366830124e-04 4.351319551922990143e-04 4.336731445045856315e-04 4.318751038778614122e-04 4.303763695713820159e-04 4.331401414687429058e-04 4.333374666921169737e-04 4.352315441155236954e-04 4.357179766177070768e-04 4.423242534999208861e-04 4.621889225529128477e-04 4.949628849344060765e-04
4.496168446887629589e-04 4.458718805696936329e-04 4.396294651802596840e-04 4.336589298515675030e-04 4.353691235295818664e-04 4.409665194352307147e-04 4.442557052370723616e-04 4.438265635329018501e-04 4.380421406825894164e-04 4.373152216322375428e-04 4.358992185876190426e-04 4.340792177978378998e-04 4.325826389192945188e-04 4.353558575369704782e-04 4.355356642938586057e-04 4.374105777109948750e-04 4.377713607826675150e-04 4.443250821297674768e-04 4.641044516176584317e-04 4.969109439428040596e-04
4.476162414670996435e-04 4.470430605219656898e-04 4.409629803568537319e-04 4.350144762229464458e-04 4.367879863787048475e-04 4.423784789956734733e-04 4.456996341840318166e-04 4.453130213249753924e-04 4.395685291341701719e-04 4.388523913084228854e-04 4.374818415402648088e-04 4.356464630529237325e-04 4.341541798657628181e-04 4.369315658532097152e-04 4.370954793260110947e-04 4.389544822851307489e-04 4.392135933547367476e-04 4.457073915617806056e-04 4.653976234690164211e-04 4.982350010556005696e-04
4.452959945337923542e-04 4.477143032418540885e-04 4.418583239561409354e-04 4.359584913922110090e-04 4.377976964357417817e-04 4.433798175331772617e-04 4.467254561442940246e-04 4.463807330107085196e-04 4.406763984396090315e-04 4.399715458109170721e-04 4.386471717932627378e-04 4.368037042133746648e-04 4.353132728134075503e-04 4.380924388624454682e-04 4.382395521621928569e-04 4.400888246895537262e-04 4.402601423524597248e-04 4.466882226019057564e-04 4.662869179609420694e-04 4.991606069906733391e-04
4.427589386767479484e-04 4.479333522397469414e-04 4.424038203105894879e-04 4.365847064563039442e-04 4.384977036584871497e-04 4.440730278934721070e-04 4.474380630724641701e-04 4.471388596892351378e-04 4.414805834327155593e-04 4.407864983059920955e-04 4.395132747262505291e-04 4.376683231207355155e-04 4.361749091171619242e-04 4.389545212680837907e-04 4.390841794324437425e-04 4.409309373832819121e-04 4.410206800467202462e-04 4.473780472214527798e-04 4.668830113849492124e-04 4.998039023450585351e-04
4.400766815406132989e-04 4.477634075746792495e-04 4.426295141127951894e-04 4.369358343840513297e-04 4.389384080643239129e-04 4.445192565890081150e-04 4.478931223834640833e-04 4.476462820884652741e-04 4.420447004892530808e-04 4.413562605660111579e-04 4.401417070699583690e-04 4.383017594742205365e-04 4.368113188745376173e-04 4.395838051625210294e-04 4.396976986341837230e-04 4.415533165521435123e-04 4.415611514816517491e-04 4.478384465793094926e-04 4.672483626074906606e-04 5.002343713612407037e-04
4.373109445081919261e-04 4.472975168992797098e-04 4.425716385741765573e-04 4.370368492736183036e-04 4.391477578231509408e-04 4.447446055167973028e-04 4.481225174959511102e-04 4.479366441119633801e-04 4.423956445619274818e-04 4.417113033986153265e-04 4.405520513641852909e-04 4.387415379654911437e-04 4.372506421566120949e-04 4.400086833681771288e-04 4.401084336154582996e-04 4.419916412229358909e-04 4.419180675043810113e-04 4.481126036291106936e-04 4.674271825015498651e-04 5.004931281651540205e-04
4.347883361451296063e-04 4.466235240516842051e-04 4.422741932864851662e-04 4.369135494316237693e-04 4.391470676785891617e-04 4.447685083994552466e-04 4.481421244396982984e-04 4.480412407685991651e-04 4.425676848116926430e-04 4.418667770436344750e-04 4.407852689646374160e-04 4.389951926671971589e-04 4.375098714177827561e-04 4.402560657992293271e-04 4.403527678821626693e-04 4.422848534230524784e-04 4.421334279510462264e-04 4.482346669127252312e-04 4.674480885547560040e-04 5.006045180267503815e-04
4.328135018482242094e-04 4.458225604098015331e-04 4.417859049804222379e-04 4.366367263988205549e-04 4.389890354484979047e-04 4.446379969516134996e-04 4.480021535603121688e-04 4.479795158862937953e-04 4.425946091117397637e-04 4.418742101999143098e-04 4.408911849659470227e-04 4.390880654612806236e-04 4.376238392240586758e-04 4.403575040924091440e-04 4.404602902644372091e-04 4.424632934407663506e-04 4.422422182942975402e-04 4.482161652743544568e-04 4.673280861877453446e-04 5.005746230306275723e-04
4.314377895263267048e-04 4.450041794009707333e-04 4.411841912540058063e-04 4.362383444685405853e-04 4.387064269422480184e-04 4.443760667004709544e-04 4.477306805700775319e-04 4.477775683987547184e-04 4.425023708892538788e-04 4.417890045228217819e-04 4.409279323340011014e-04 4.390997527495821545e-04 4.376835096503173001e-04 4.404118939266155465e-04 4.404847233009886488e-04 4.425617986768316543e-04 4.422661374741872231e-04 4.481111897040354185e-04 4.671178806262816065e-04 5.004631532775008626e-04
4.306302697009776852e-04 4.442557263962264888e-04 4.404973100937292665e-04 4.356822846499746054e-04 4.382386264147240481e-04 4.439215910371526038e-04 4.472850183125080424e-04 4.474075501217104813e-04 4.422647083110890819e-04 4.416143827008505059e-04 4.409088897691759820e-04 4.390435314376792001e-04 4.377239235730101671e-04 4.404950496675473677e-04 4.404840740019727824e-04 4.425926251447491249e-04 4.422130180706909967e-04 4.479565263888835502e-04 4.668302155349159251e-04 5.004127803919812805e-04
4.299004723294549404e-04 4.435163992548344617e-04 4.396820778116660149e-04 4.349194041739073697e-04 4.375178604545624790e-04 4.431978894110597130e-04 4.465811191741453096e-04 4.467785703608135889e-04 4.417869168459026942e-04 4.412290259059819630e-04 4.407424886699405479e-04 4.388550537860137139e-04 4.376557215584212586e-04 4.405421519560130780e-04 4.403924401783160594e-04 4.425452895258781788e-04 4.421031111241685747e-04 4.477453337210383693e-04 4.663761594468039673e-04 5.003474463678908362e-04
4.287086508806476400e-04 4.428465399573148034e-04 4.390314195340843306e-04 4.342523839250856136e-04 4.367826443565925310e-04 4.423596918659903048e-04 4.456852052037828119e-04 4.459593512817536351e-04 4.411280710725102856e-04 4.405692258662876172e-04 4.403395667120273897e-04 4.384436151798390391e-04 4.374193276080061334e-04 4.404629201063778874e-04 4.401130190881274605e-04 4.423924703241594492e-04 4.419141153936297214e-04 4.474073147104154231e-04 4.656141351635395857e-04 5.000384677261731801e-04
4.283251763906031494e-04 4.439215683984694123e-04 4.407860925299961750e-04 4.358482308925840424e-04 4.378274918871942869e-04 4.430110306367766892e-04 4.457752568198549673e-04 4.459277100621470888e-04 4.411736815836270480e-04 4.402260883573060057e-04 4.401785145977131822e-04 4.380390789260430406e-04 4.372984131050997969e-04 4.404427906423612963e-04 4.398010505406978470e-04 4.422056923772157673e-04 4.416297701028149285e-04 4.468414958235192454e-04 4.644637240203462010e-04 4.992261410614118669e-04
4.314660210352177627e-04 4.500826856624087183e-04 4.486821468123390849e-04 4.430393421988927552e-04 4.432667651842265764e-04 4.472875064650512554e-04 4.487143003221487824e-04 4.482988921893692278e-04 4.435732099118686522e-04 4.417476138808200219e-04 4.415798026108158571e-04 4.386932691242341649e-04 4.381156197400617211e-04 4.411471288611986991e-04 4.401304217493044279e-04 4.426266775309001451e-04 4.416969252831268590e-04 4.464188026372061771e-04 4.632399058903559482e-04 4.982186283037245110e-04
4.419810264066263250e-04 4.641105299516948323e-04 4.631286634572414989e-04 4.567304236615802367e-04 4.552202881121512109e-04 4.578310931278555397e-04 4.570226491909926462e-04 4.554013480723805691e-04 4.505038804061818158e-04 4.471138919154114409e-04 4.462065087953540369e-04 4.420085446464430451e-04 4.411919838902361680e-04 4.437002941123191317e-04 4.424272653907179308e-04 4.449032917835725833e-04 4.433375809601870494e-04 4.472604118447923703e-04 4.627504266188134092e-04 4.979856273877551883e-04
4.625617562744530065e-04 4.915920841226651111e-04 4.896924462488811769e-04 4.849078510569248277e-04 4.822940421929457796e-04 4.827217725605744076e-04 4.775223360368450781e-04 4.745497557335874171e-04 4.683153970708631869e-04 4.616020463430891728e-04 4.586000104411132317e-04 4.517540746998040257e-04 4.502401932818059509e-04 4.515792323415758502e-04 4.503125095329473773e-04 4.520520204868461482e-04 4.489228673803458613e-04 4.517228045398100945e-04 4.648906209927133903e-04 4.998316368182138900e-04
4.945271287753868691e-04 5.347969800895533863e-04 5.319832088437929322e-04 5.294181122681158435e-04 5.256818959676469276e-04 5.236505304846644044e-04 5.142514204333776401e-04 5.095630961981107701e-04 5.005325610953479569e-04 4.891746081014949291e-04 4.837763493779866086e-04 4.737969493373109806e-04 4.719132199220994316e-04 4.716788621633579109e-04 4.708814286652481884e-04 4.705067844014719828e-04 4.637274794513307290e-04 4.641890729184665635e-04 4.728286994341869532e-04 5.059261403853787444e-04
5.398933998241513829e-04 5.895404221134502559e-04 5.830700443940508128e-04 5.793590033897456177e-04 5.753621101833489336e-04 5.720210574179428274e-04 5.621175404884391595e-04 5.551779644681063049e-04 5.439833688122325435e-04 5.292312041730173758e-04 5.238014448352515959e-04 5.117765824485105653e-04 5.100408479239235821e-04 5.091944116141720314e-04 5.094267269803469042e-04 5.063246142076861757e-04 4.951160395241280916e-04 4.913087137789316642e-04 4.928061579813866914e-04 5.203048635171439364e-04
6.106823579960816506e-04 6.544933906849248646e-04 6.421660028911731991e-04 6.339935682509716813e-04 6.312163464264715839e-04 6.267491718366095159e-04 6.201870392995399847e-04 6.115307001888052596e-04 5.991953933486658798e-04 5.843627491584688213e-04 5.801374712919387354e-04 5.676476455109702056e-04 5.664515123142801253e-04 5.666629053573209087e-04 5.683005084744824527e-04 5.639280259849869473e-04 5.502610266622663844e-04 5.428076220579977455e-04 5.345118014353866884e-04 5.507274669657551136e-04
7.251702424495505865e-04 7.424111609446800049e-04 7.220929718638724980e-04 7.056346562124522293e-04 7.030794393826036602e-04 6.991550753523430957e-04 6.974513970621817188e-04 6.868687994119994714e-04 6.731629981491219937e-04 6.598328647002127531e-04 6.551829671636503040e-04 6.439620314872897570e-04 6.443755372191523924e-04 6.464727757625203432e-04 6.496656504102212406e-04 6.456474268441919975e-04 6.323909610020151967e-04 6.242237031635871746e-04 6.072979969500621328e-04 6.088409820512640175e-04
8.876670844059003163e-04 8.685502453691223155e-04 8.349030210381539786e-04 8.059452001686167851e-04 8.035950707869041632e-04 7.996031337051943445e-04 8.012655277168653301e-04 7.869880066000937025e-04 7.718179565686497570e-04 7.601297054080499108e-04 7.543905731320208656e-04 7.442273080720782389e-04 7.455860296866795604e-04 7.506566215760218175e-04 7.545047154559090608e-04 7.505460829137104500e-04 7.392186267385584403e-04 7.334529493369645057e-04 7.142929136246891925e-04 7.126921600063254765e-04
1.234345683570648410e-03 1.136100557164234585e-03 1.063979610318267982e-03 1.015348400656386008e-03 1.002374969055431272e-03 9.957519448458838386e-04 9.943984623925399089e-04 9.763039793744340703e-04 9.590195979687929449e-04 9.481359154725813292e-04 9.389732693186313714e-04 9.301832938973994807e-04 9.279744765857231726e-04 9.341175960839388694e-04 9.419917972332386138e-04 9.404300493228768577e-04 9.415566828657710588e-04 9.481953856794178570e-04 9.485198513795610247e-04 9.882734795070575572e-04
1.672277178571788007e-03 1.490985173436776235e-03 1.424223703013673169e-03 1.383213507731062596e-03 1.372284320692154997e-03 1.365063040102623823e-03 1.358449174933595675e-03 1.343929663963958901e-03 1.321369662775980121e-03 1.307255818363655710e-03 1.293882099761732183e-03 1.279489567867743037e-03 1.269571508643709771e-03 1.267233043739374090e-03 1.274199650032794033e-03 1.277432737280084643e-03 1.281765657560038352e-03 1.307592793562623165e-03 1.323616198131835706e-03 1.421215390899278419e-03
1.822151036293688043e-03 1.629566562300178252e-03 1.596628240221358973e-03 1.561775461914856247e-03 1.559277585602749641e-03 1.566068265919032124e-03 1.561515762695100517e-03 1.554192468133621307e-03 1.529189610658131292e-03 1.515044915336653591e-03 1.505219887627803638e-03 1.493179698718516933e-03 1.487898146969968832e-03 1.492285934391136826e-03 1.496757292011760077e-03 1.503675758664650306e-03 1.505133388930112804e-03 1.512362916138919452e-03 1.515137102966103476e-03 1.639238113407191083e-03
1.721778078536888345e-03 1.690345785664748102e-03 1.690257094636192677e-03 1.657584818956089933e-03 1.656895999150202704e-03 1.671239898962687638e-03 1.665810355806730640e-03 1.663229224870628638e-03 1.638138563045446992e-03 1.630139942968955374e-03 1.628945089067166535e-03 1.620458346100925665e-03 1.624831144181957581e-03 1.626321456716458289e-03 1.629181407621276088e-03 1.627539142026119493e-03 1.622926391059945723e-03 1.609361897351163553e-03 1.619525761457787580e-03 1.760715730780442606e-03
1.661852249574916193e-03 1.720617747463801164e-03 1.732905133380677242e-03 1.708694634176798717e-03 1.717108580802073929e-03 1.736353894808146357e-03 1.729774880187567474e-03 1.723679418868058824e-03 1.702719367950431733e-03 1.692643005722289798e-03 1.700972519534414001e-03 1.692244631074338486e-03 1.700891788291938834e-03 1.692657775214648956e-03 1.689831606648338046e-03 1.681371029565911215e-03 1.677324317617600842e-03 1.660892044321875564e-03 1.682870095344359733e-03 1.821817728544871664e-03
1.653813830488335725e-03 1.724209684853779574e-03 1.716394276525479157e-03 1.693184941972429233e-03 1.707978935957825753e-03 1.721581452409371707e-03 1.707666465421975744e-03 1.693192858772043325e-03 1.673230816439759058e-03 1.662860382217087136e-03 1.670227261958380591e-03 1.656484671204840791e-03 1.663150742219027950e-03 1.655992787036868414e-03 1.648989026238804759e-03 1.642528458382540562e-03 1.643224977495052336e-03 1.634721748417750304e-03 1.679161300805804289e-03 1.856164326066833247e-03
1.570304865841529347e-03 1.657670663149480401e-03 1.620913691326933935e-03 1.594651806471088793e-03 1.594463396474516152e-03 1.597998221400562593e-03 1.570222235354899005e-03 1.549387690855921675e-03 1.530584097252755309e-03 1.519761162833546892e-03 1.521242824918168403e-03 1.507641577620087497e-03 1.503950957981208458e-03 1.505037850346348325e-03 1.497166295270463106e-03 1.501167273503503782e-03 1.513527813792033948e-03 1.527754434665774819e-03 1.594410970657436687e-03 1.788647659235401274e-03
1.389138059343884889e-03 1.459118867707015748e-03 1.415115928927687585e-03 1.382627780065575056e-03 1.360315277441234661e-03 1.362715062529558157e-03 1.332386653876370874e-03 1.320742196093340100e-03 1.309545588962839286e-03 1.293865866568006751e-03 1.292703717927653605e-03 1.287000594167814075e-03 1.281582847945630672e-03 1.287530069818838482e-03 1.280621299522267031e-03 1.296274219431814336e-03 1.315893578148354332e-03 1.356181010542020955e-03 1.443501607717843742e-03 1.638869797528049073e-03
1.280289728662555851e-03 1.240065078153263639e-03 1.199867870880281812e-03 1.173439324134902591e-03 1.155816112766743691e-03 1.166346860280028383e-03 1.151015562923795275e-03 1.142185706140690180e-03 1.140824101497380947e-03 1.123216958927703750e-03 1.121183144226709991e-03 1.117043918186671515e-03 1.113621038821542087e-03 1.119770571443021341e-03 1.117223892366553135e-03 1.131109933851071492e-03 1.148061533751775116e-03 1.201882688955727358e-03 1.290422834033758126e-03 1.444457682062085533e-03
1.294856134617751887e-03 1.162393947949384634e-03 1.114179515319392707e-03 1.086875907611717070e-03 1.082082495702288948e-03 1.093015388883784682e-03 1.085801624414690697e-03 1.069872513530912596e-03 1.070537372427554819e-03 1.060047541527758558e-03 1.057432778788677070e-03 1.056061509893408811e-03 1.056927448923943198e-03 1.063705664567407908e-03 1.061978542166623109e-03 1.073800006009631349e-03 1.084914251896025713e-03 1.131080005687746517e-03 1.207377102775889725e-03 1.339630170138874634e-03
1.296545624880876936e-03 1.116122202665956057e-03 1.047357666898379681e-03 1.006932809807491126e-03 1.001112286514378811e-03 1.010166311009651468e-03 1.011684216923731472e-03 9.985730713246178652e-04 9.987018985930548425e-04 9.987889158182029770e-04 1.002843113644127752e-03 1.009410844563716353e-03 1.014005561476088828e-03 1.022542366685251156e-03 1.024893100517033527e-03 1.035659425142122650e-03 1.053008814539796965e-03 1.099290947205910874e-03 1.172329827459819363e-03 1.296855007465824152e-03
1.263997361415921490e-03 1.036712342665604839e-03 9.469056350427567173e-04 8.993721760127000283e-04 8.954542276652945575e-04 9.092657203496550640e-04 9.127407952090701342e-04 9.098226321597219397e-04 9.124856701509071952e-04 9.189923754062361396e-04 9.279714806602800065e-04 9.378146202275570607e-04 9.436504398819267614e-04 9.557522123887329368e-04 9.669844124413376442e-04 9.812227471704480352e-04 1.009226624853012868e-03 1.066085802232326395e-03 1.153001284813470837e-03 1.284551513316039943e-03
1.227457185721077997e-03 9.528521991073529099e-04 8.507039365573645017e-04 8.081347909267851777e-04 8.077261034118312201e-04 8.239615940927791024e-04 8.244201862182632193e-04 8.247613101072822197e-04 8.313284036614287118e-04 8.395972701362903762e-04 8.478797967477994142e-04 8.526459849918418534e-04 8.579517260988736528e-04 8.704478094320196703e-04 8.810967202875143612e-04 9.001332872160885956e-04 9.291163832812347799e-04 9.874364928213513921e-04 1.087384489397885765e-03 1.264244768355878359e-03
1.194798216532781459e-03 8.962432048044316783e-04 7.974316412968212317e-04 7.625248866675697623e-04 7.632927555617058076e-04 7.676517494884395722e-04 7.638429156302943860e-04 7.630284097333153237e-04 7.701031773441406299e-04 7.746511672466055692e-04 7.803551323016980719e-04 7.796724993939786698e-04 7.863912523523032246e-04 7.937915118608114030e-04 7.943780136545146829e-04 8.096244459860200320e-04 8.276471231492511446e-04 8.818659838106053701e-04 9.918388066129943739e-04 1.193341367266313388e-03
1.160252054930981059e-03 8.713727134219790768e-04 7.768635384819147982e-04 7.438458828274073465e-04 7.458683893300683014e-04 7.418264624170806554e-04 7.348720875645874378e-04 7.355441730561030613e-04 7.379108276503595302e-04 7.369767131303534610e-04 7.378326536017560571e-04 7.339252548771839921e-04 7.416792059369515990e-04 7.448181227765146052e-04 7.386442170198674606e-04 7.452095989794705558e-04 7.540126276559620117e-04 8.008852491270866767e-04 9.061583864324795554e-04 1.119005751898463370e-03
1.092881655682696046e-03 8.407708550954139798e-04 7.618993352529506357e-04 7.298938019757857066e-04 7.345998906314583996e-04 7.349528434372926437e-04 7.294776353151109262e-04 7.299990785618090238e-04 7.242925475549951298e-04 7.164273247088821274e-04 7.148081628819031056e-04 7.086852874157520280e-04 7.139246795543972412e-04 7.178411981591609420e-04 7.138327690773482118e-04 7.191964487981016181e-04 7.281717403906736883e-04 7.698096794649842648e-04 8.737765350707952247e-04 1.089744280817251743e-03
1.007200692050591291e-03 8.070657212832673105e-04 7.398422858570566623e-04 7.066852250099031531e-04 7.125533080950485982e-04 7.193888215638000140e-04 7.151251616412269280e-04 7.191699858740424221e-04 7.105898619924202282e-04 7.024930306345010100e-04 7.025268351908384471e-04 6.975415745587845370e-04 7.001028040117837723e-04 7.050590559722035022e-04 7.073942986821080961e-04 7.198917531056952743e-04 7.333994001116895785e-04 7.807928943684900626e-04 8.781450169070592919e-04 1.064279135448603945e-03
9.513290064625747229e-04 7.791137484064030458e-04 7.216767049440176362e-04 6.871269385715081997e-04 6.916976679759707751e-04 6.987051461144250155e-04 6.918689231113185015e-04 6.973100722658115294e-04 6.892856877231599800e-04 6.878155735245517844e-04 6.883294610231430579e-04 6.868848643228789123e-04 6.894682790810103016e-04 6.967965265120130937e-04 7.065049614882669849e-04 7.276847895712601879e-04 7.489241868726647907e-04 8.051378737246366263e-04 8.949826655659045855e-04 1.064049862985473952e-03
9.162477012948777718e-04 7.416989514241735483e-04 6.949009414059203723e-04 6.653625138315038927e-04 6.683640129511010880e-04 6.716999508625199006e-04 6.654043538450240018e-04 6.686060414762518781e-04 6.626471102061031815e-04 6.655495604595058250e-04 6.660936517483588212e-04 6.660703831785991453e-04 6.677520845557862817e-04 6.749104222953430368e-04 6.900402543830492933e-04 7.141139155226968772e-04 7.417139069761856341e-04 7.983361924511774661e-04 8.791956908073644784e-04 1.032033979152075735e-03
8.769757936505519604e-04 7.118156924399890017e-04 6.691682096809211050e-04 6.404246132269943636e-04 6.394503508640856813e-04 6.409501564420097856e-04 6.404009969372464681e-04 6.439657252947076803e-04 6.412061603032515348e-04 6.445864232869069881e-04 6.447145889683868723e-04 6.435050028807594866e-04 6.443262236475767735e-04 6.507969548279530668e-04 6.643633963775599609e-04 6.830277449404957959e-04 7.062974519953012578e-04 7.580798570882175003e-04 8.254932696315363423e-04 9.404521939685880861e-04
8.606119608767424890e-04 6.977614854528103048e-04 6.494385059604666777e-04 6.180491375577443474e-04 6.127760783729099305e-04 6.135264734418629509e-04 6.144009292004993942e-04 6.188085620364966498e-04 6.189986335382572811e-04 6.244868301515550798e-04 6.260895688113477702e-04 6.250367689634120805e-04 6.234900847450105784e-04 6.296757788216702460e-04 6.383809702052030931e-04 6.509734837158548089e-04 6.716323757249459707e-04 7.174410902516178967e-04 7.788245538135202262e-04 8.552969750734251784e-04
8.169090768611028718e-04 6.736276049252424864e-04 6.231052013654380956e-04 5.922985397104817097e-04 5.859260436606014612e-04 5.849951333399118578e-04 5.832576978088027143e-04 5.866537072308981079e-04 5.903323711746918381e-04 5.976466240604578952e-04 6.022228507863447173e-04 5.992304284511846537e-04 5.966474833624864924e-04 5.991089642442667864e-04 6.048546462348454141e-04 6.158234694499170256e-04 6.336560727871098008e-04 6.732285756197935829e-04 7.300155446629699816e-04 7.831206382384158903e-04
7.380897138316880280e-04 6.339029103341798808e-04 5.790564633021936950e-04 5.505017741536348671e-04 5.415614238794900755e-04 5.370885273802253378e-04 5.348650093499447917e-04 5.380621747041563737e-04 5.422748499062028486e-04 5.483903555967917579e-04 5.535561648722071111e-04 5.484748694739832297e-04 5.464612976390058200e-04 5.474328847839340928e-04 5.523928908473542919e-04 5.650717076355056372e-04 5.817788155347425197e-04 6.160624054159204643e-04 6.683864443905513557e-04 6.947139756177304979e-04
6.699919225178112628e-04 5.776511220314862506e-04 5.221135814469142098e-04 4.959945778487431746e-04 4.847268561800283982e-04 4.759975997067121089e-04 4.719945259875643704e-04 4.730983492017216594e-04 4.768669513491414439e-04 4.801025818487067941e-04 4.841215602029255607e-04 4.795280006578750203e-04 4.798086181533171325e-04 4.835570332772077770e-04 4.876018240714717015e-04 5.013371014389213101e-04 5.174272705835451444e-04 5.452258148370002673e-04 5.937589030156221331e-04 6.063896548395387521e-04
5.881533123952745841e-04 5.059033506185505076e-04 4.517543391227360353e-04 4.295746946413050928e-04 4.195810196432753214e-04 4.101354645438664843e-04 4.066475054643006216e-04 4.060433087665735901e-04 4.084189154616924195e-04 4.114989302108340292e-04 4.143991355054951991e-04 4.106053552871155674e-04 4.115970897624562398e-04 4.175967470013941226e-04 4.213770977081321271e-04 4.332493325799098723e-04 4.484732263853780684e-04 4.728424438264722208e-04 5.190765944780837728e-04 5.233602205451910001e-04
5.016275851379064848e-04 4.267136927674026938e-04 3.732538362914143595e-04 3.546736897171571504e-04 3.453843142856041185e-04 3.377949903209636739e-04 3.367780490028863096e-04 3.370087206028722637e-04 3.385945871547105441e-04 3.430900311586226078e-04 3.447673793752807029e-04 3.408194014637553238e-04 3.401560948236427399e-04 3.454832119129050286e-04 3.487448029968856804e-04 3.586304726121643293e-04 3.732275227288654653e-04 3.986985476620448477e-04 4.393291829854164459e-04 4.429952408707767304e-04
4.233382470908565558e-04 3.465966092564205011e-04 3.001954567688093077e-04 2.853701071721915995e-04 2.777562169368592523e-04 2.721795051216415059e-04 2.710294321480960587e-04 2.706305944571956021e-04 2.714706356079823720e-04 2.748685867530371602e-04 2.754077767339518164e-04 2.724261424773375827e-04 2.729208781234628424e-04 2.790632829695031025e-04 2.815591358686938650e-04 2.903982376163775632e-04 3.013270381181991863e-04 3.235627632087992767e-04 3.570273615227799696e-04 3.783514414366122226e-04
3.494233228413128381e-04 2.726093526045861456e-04 2.405688254180937972e-04 2.276806239031806535e-04 2.222089029177363984e-04 2.190108264263951234e-04 2.178643793799653903e-04 2.167517111928045977e-04 2.169644993517698861e-04 2.188510897261441534e-04 2.198460858695162998e-04 2.179592300983606038e-04 2.197078778421222920e-04 2.249890551154687043e-04 2.281476684312925987e-04 2.342553803244058113e-04 2.411004906691977966e-04 2.616365499518670729e-04 2.916050458170657013e-04 3.384301642318487393e-04
2.764003801500638765e-04 2.149044399232091904e-04 1.889828200667064914e-04 1.784440186776384437e-04 1.754249122491996352e-04 1.753666560103923986e-04 1.737142616641516066e-04 1.737544798417940965e-04 1.750890106082397812e-04 1.771030393217378840e-04 1.778215846145682799e-04 1.756043826661514190e-04 1.785216324190847458e-04 1.833617057753117235e-04 1.886475299656064860e-04 1.937979146155107974e-04 1.980380447194137090e-04 2.160192681234391612e-04 2.412463520673434867e-04 2.835359597245702299e-04
2.187433420492713694e-04 1.714721208293463800e-04 1.500720675388900714e-04 1.423451608810493070e-04 1.427072196890155154e-04 1.429818791535962552e-04 1.412553765588993120e-04 1.397744967155998923e-04 1.403382574282494228e-04 1.422858098109635640e-04 1.428982655307221112e-04 1.419864618292189160e-04 1.424890908881483909e-04 1.467243434618606098e-04 1.515629716822436152e-04 1.549794754251305735e-04 1.578209431846378170e-04 1.701654324133111663e-04 1.902361941304057740e-04 2.186832156504865156e-04
1.667763757560273847e-04 1.373417506025467229e-04 1.239330554242596446e-04 1.174883044941622899e-04 1.173163111524706505e-04 1.169384146338655153e-04 1.157914387715516471e-04 1.132509396755628401e-04 1.129276487329063680e-04 1.142725465519187875e-04 1.160929473086667711e-04 1.163545783521884378e-04 1.150205728333879084e-04 1.182440327389618252e-04 1.214419697197057440e-04 1.253251795723769576e-04 1.291242428440513381e-04 1.374760266957618219e-04 1.495161775133640168e-04 1.625102056645797821e-04
1.320707212584080884e-04 1.089142536477127454e-04 9.914979784188807837e-05 9.498232370652328986e-05 9.415145080794801928e-05 9.490789306158782046e-05 9.497820437551779556e-05 9.338688256748302080e-05 9.158195154465459680e-05 9.200451256173441136e-05 9.422075370296004496e-05 9.547846985333044672e-05 9.406734551079248136e-05 9.513331779397995937e-05 9.613008143829167361e-05 9.884910948057136601e-05 1.019279999709437110e-04 1.076896429557582061e-04 1.178397842125662444e-04 1.228342309583762269e-04
1.122879040181655062e-04 8.546560986194455067e-05 7.817114794458658860e-05 7.460008466118036652e-05 7.355814138130453434e-05 7.466610821042462252e-05 7.654056788242447073e-05 7.543578959276980118e-05 7.373825419461756212e-05 7.345638644379089025e-05 7.509029252732107938e-05 7.586953213922800168e-05 7.518503272145600329e-05 7.601387433968734026e-05 7.696185757282469398e-05 7.768279732557281333e-05 7.991327086131993736e-05 8.424392054507945360e-05 9.153526824100271684e-05 9.424764123218935677e-05
9.180285621556027076e-05 6.895894477170695278e-05 6.196526608507272455e-05 5.949136192580854038e-05 5.853640860273871062e-05 5.868672729943543939e-05 5.935127792369046491e-05 5.844204337368110532e-05 5.764346467649938331e-05 5.714344965578152698e-05 5.734923275502858489e-05 5.793660776946720213e-05 5.826925779986007339e-05 5.840923517341371817e-05 5.901261476230677897e-05 6.071725427701216062e-05 6.205036221522370688e-05 6.510179637879847682e-05 6.990151653881503742e-05 7.153469668184312541e-05
6.914039479906845624e-05 5.330856808022069366e-05 4.694922038506452774e-05 4.522489360742645127e-05 4.441350796643816882e-05 4.432659331191805759e-05 4.420211592848636889e-05 4.403039290037647602e-05 4.378336776761182589e-05 4.372585217333015069e-05 4.370299837572408228e-05 4.404267121483614955e-05 4.412646128933180967e-05 4.388751942416696257e-05 4.406586061947784916e-05 4.522726332226526398e-05 4.624179424575068398e-05 4.787798832792793666e-05 5.176833256356971690e-05 5.458555204805994130e-05
4.769123706561116151e-05 3.780048329328718936e-05 3.430816619048961721e-05 3.365331264152369057e-05 3.384624125721714672e-05 3.422183817040522316e-05 3.414128159819335552e-05 3.367189068874959235e-05 3.364606040334824666e-05 3.346962970859688579e-05 3.375222312614689033e-05 3.380550891223759981e-05 3.368317112116158194e-05 3.361131184175670920e-05 3.376460399090267932e-05 3.374937852032268903e-05 3.447662388346322187e-05 3.584087429524427054e-05 3.885658477791672523e-05 4.163935919538717804e-05
3.653366845485456291e-05 3.057804988605304972e-05 2.806027527315761681e-05 2.732190822639834612e-05 2.745693597683528854e-05 2.805164621040415985e-05 2.799215669382731548e-05 2.736569313227472716e-05 2.727372706820713831e-05 2.729537283659019280e-05 2.763977815580789124e-05 2.773231671442705524e-05 2.734751790381415170e-05 2.721228869602674674e-05 2.716872425439574281e-05 2.700904575654638416e-05 2.766666236373867171e-05 2.856809807507645660e-05 2.992420570393999966e-05 3.228104434262045491e-05
2.659578774756114671e-05 2.498020327156251356e-05 2.278041519999142179e-05 2.198891268893134231e-05 2.204013189780273406e-05 2.248052167845762927e-05 2.257143463378504216e-05 2.237256344765420755e-05 2.224224798977924973e-05 2.233233551624176874e-05 2.246650947020682406e-05 2.246614827060941470e-05 2.228844382580020216e-05 2.214832294384369319e-05 2.202174168318425096e-05 2.210466218199466255e-05 2.253549007187261645e-05 2.313524024998240555e-05 2.440747231173259003e-05 2.750667943355437442e-05
1.922800717929116785e-05 1.822766975504278752e-05 1.695516314532479428e-05 1.656842489773745192e-05 1.679104488204219729e-05 1.715276225480022505e-05 1.732702282875971453e-05 1.746972451259951021e-05 1.729931457112154683e-05 1.723109205321915447e-05 1.721269244188206238e-05 1.711314788010319968e-05 1.708141563218338222e-05 1.692871954183740288e-05 1.685512103261225389e-05 1.689104678026934336e-05 1.705067572402070456e-05 1.719625875210035592e-05 1.801823335751072646e-05 2.047735436092606054e-05
1.312022963695734089e-05 1.241947220449680835e-05 1.197295503531469139e-05 1.175518197187915461e-05 1.173215654770123159e-05 1.190298638137432572e-05 1.196326302205637364e-05 1.211317850173501216e-05 1.198915921647938316e-05 1.193629598222026203e-05 1.188832248833710599e-05 1.184193065041285241e-05 1.189790309398863752e-05 1.185330530194428010e-05 1.180796185321065103e-05 1.182479150406113582e-05 1.191670039100662636e-05 1.193682895139824555e-05 1.246480112461335511e-05 1.379531070841713764e-05
7.768927011568592996e-06 7.880779278083957487e-06 7.701830930787065415e-06 7.585178157142155940e-06 7.600011368837740808e-06 7.722890240825744000e-06 7.705023515258621806e-06 7.737718138409745399e-06 7.711684247652917062e-06 7.730611418044232760e-06 7.666681598767050338e-06 7.638111925335360392e-06 7.644126711668000059e-06 7.649627080110356082e-06 7.655187021047805084e-06 7.724437714346668894e-06 7.817740112057716348e-06 7.852273549063111424e-06 8.101972673762748904e-06 8.346205635889649747e-06
4.849662176715983751e-06 4.686911109880502956e-06 4.543633206678969294e-06 4.466702914311748071e-06 4.480652166666181731e-06 4.573683848493050890e-06 4.583449752762819322e-06 4.609419519876832036e-06 4.623590573036329752e-06 4.665309752079415954e-06 4.641111811035140946e-06 4.583773694640169426e-06 4.552259849303203023e-06 4.525649126884060181e-06 4.559593459392987317e-06 4.602862702599575685e-06 4.642995906828490155e-06 4.730849345291326229e-06 4.857202556037965934e-06 5.090621689582022832e-06
2.640053726587584634e-06 2.492246153525214281e-06 2.411271020396444042e-06 2.363643863311921675e-06 2.351033343971243930e-06 2.394862998919773981e-06 2.394769383628188361e-06 2.420013725916405623e-06 2.442310903519250841e-06 2.475145577133858603e-06 2.473089827349447816e-06 2.451331442077070321e-06 2.438897073729792501e-06 2.432950616437126859e-06 2.446276093581224030e-06 2.462423658205618496e-06 2.503853086178499636e-06 2.564136755782727653e-06 2.664787681734045085e-06 2.792902050285495843e-06
1.293011411340880937e-06 1.293620300173010439e-06 1.241987257466776109e-06 1.203925807381693102e-06 1.184576845885763344e-06 1.188254295779770304e-06 1.182034893096663948e-06 1.190661798985954192e-06 1.199040024386455821e-06 1.210867496761275902e-06 1.203017314234119357e-06 1.192650400702999757e-06 1.198765242583345429e-06 1.196024569735411305e-06 1.209891913110073461e-06 1.215132543206477637e-06 1.223138328081728412e-06 1.237848794379961195e-06 1.281498116541559702e-06 1.317112082158578598e-06
6.116790264584901952e-07 6.112459281701684126e-07 6.022651286581813015e-07 5.821796457285450802e-07 5.676709336754700203e-07 5.663437586754588017e-07 5.618609868235841172e-07 5.576396486926647953e-07 5.595113295385889854e-07 5.620667058921126909e-07 5.610834179170970770e-07 5.558514506843677971e-07 5.591787755432563978e-07 5.607565536484913259e-07 5.605748724810781734e-07 5.664858126070130201e-07 5.702393275724752610e-07 5.758038852511242704e-07 5.818654608069230293e-07 5.952652379099008341e-07
2.461265878173963778e-07 2.348575011798589636e-07 2.338997505303415588e-07 2.269599907396102227e-07 2.250685802312467183e-07 2.238302076690737301e-07 2.225252661737479521e-07 2.229075896238010052e-07 2.243477746962196234e-07 2.267998442449665432e-07 2.282763135758639743e-07 2.255088871831485855e-07 2.251101864461591683e-07 2.256548692484774783e-07 2.249198364186947839e-07 2.255881501348620808e-07 2.286425069526035862e-07 2.322754225298482807e-07 2.433204644608836762e-07 2.598644908757129873e-07
1.458782573419822305e-07 1.201508138336208538e-07 1.142965183819446189e-07 1.121207748531797754e-07 1.117971709762769928e-07 1.112259879550484800e-07 1.131004447683974090e-07 1.121332038504750881e-07 1.129199973693874919e-07 1.133736635294295148e-07 1.135316486882557816e-07 1.138661310919210816e-07 1.143341029972146245e-07 1.146410744726393332e-07 1.149898248444014635e-07 1.157830662248509969e-07 1.194373483083306116e-07 1.253871647552044071e-07 1.340074286254965696e-07 1.418929006002924284e-07
1.170634759993350000e-07 1.001021143922176221e-07 9.568698043720678463e-08 9.280708680537908243e-08 9.124942125507513503e-08 9.027787979273804992e-08 9.097684732640457852e-08 8.988728652448261035e-08 9.058267562851510646e-08 9.057951309288608437e-08 9.119366345700341593e-08 9.059913991654517340e-08 9.128065785007633177e-08 9.225330941903381134e-08 9.409430613551234799e-08 9.547889255987363362e-08 9.833321343908678170e-08 1.026406213830727951e-07 1.096469521798051368e-07 1.200231729527327104e-07
2.816048057801180261e-07 2.649164494353372441e-07 2.622541030908672760e-07 2.604385583378066705e-07 2.615570244500377884e-07 2.640193004783953739e-07 2.657821179104216553e-07 2.688973668805596825e-07 2.738202759981861267e-07 2.771196613540911357e-07 2.795155680595910650e-07 2.807814906290389685e-07 2.870722278279916144e-07 2.904349684422960505e-07 2.954114085075503957e-07 2.979052175769553930e-07 3.026938087021619531e-07 3.044126991861952135e-07 2.967286399870416407e-07 2.844523149534696904e-07
