6.127055516553137245e-03
3.471475637678712693e-03
3.098371817318773362e-03
2.905327879479443348e-03
2.813874009285597961e-03
2.765158235880737451e-03
2.742451655145263477e-03
2.708063368166638805e-03
2.709958719677242004e-03
2.690099211339007108e-03
2.690094859261978489e-03
2.683265486653869328e-03
2.692721964422250744e-03
2.732571594144253373e-03
2.775569239494907713e-03
2.816474445291602437e-03
2.909725211605995038e-03
3.100820596745132267e-03
3.370787214874841099e-03
4.769444379077550887e-03
