2.771864747347820845e-01 2.664240155284152145e-01 2.679334897827328477e-01 2.656120895410226668e-01 2.624482143470044382e-01 2.602083532348331008e-01 2.541654193099152081e-01 2.515126043226739716e-01 2.490688369015975068e-01 2.452205827394404458e-01 2.430726279122448208e-01 2.397583257403658186e-01 2.391620306014348996e-01 2.357168570339549518e-01 2.336091364593608499e-01 2.291891816730768361e-01 2.247866408850775766e-01 2.212487112263009370e-01 2.165224106117260294e-01 2.113942168548365308e-01
2.937247459313714892e-01 2.882039055832676389e-01 2.899687535870596466e-01 2.876835747230621632e-01 2.844491361528770357e-01 2.821181096984608505e-01 2.756152574636692165e-01 2.727726662678483516e-01 2.701144046790974751e-01 2.659923290887791780e-01 2.636568241258474554e-01 2.601486729665705155e-01 2.594273828013902161e-01 2.556744942825115996e-01 2.533684029345102395e-01 2.485602607281600096e-01 2.437658224600199874e-01 2.398976637901772679e-01 2.345633353425408130e-01 2.287990186461310027e-01
2.967901948253240385e-01 2.963691336000424115e-01 2.982204539870867421e-01 2.959616920383880689e-01 2.927096917854442593e-01 2.903334685749741073e-01 2.836210701436616688e-01 2.806904295042797481e-01 2.779158978710110084e-01 2.736716648747948288e-01 2.712669083442703077e-01 2.676845905215994303e-01 2.668990396153628764e-01 2.630230553786469527e-01 2.606149495815286987e-01 2.556343495306141467e-01 2.506756183885771594e-01 2.466768889062396219e-01 2.410265867354136338e-01 2.349009541888368302e-01
2.965309643097814307e-01 3.003303599946477997e-01 3.022545399692385115e-01 3.000305697771748492e-01 2.967843977982152492e-01 2.943874387861446507e-01 2.875408176134458538e-01 2.845626453302851355e-01 2.817204059353685119e-01 2.773910082279157918e-01 2.749481935160401069e-01 2.713327761446590047e-01 2.704837132352408968e-01 2.665316079335516841e-01 2.640613103146797758e-01 2.589869319134390779e-01 2.539174432095481215e-01 2.498232821299362083e-01 2.439473769856538299e-01 2.375922388997958878e-01
2.949079304572224114e-01 3.023512603601463677e-01 3.043533706163004671e-01 3.021745702131406475e-01 2.989606498817012903e-01 2.965427094010132936e-01 2.896093130758774503e-01 2.866034547177366276e-01 2.837141928674088986e-01 2.793218728731239886e-01 2.768535352341137679e-01 2.732175330611550934e-01 2.723203849863106707e-01 2.683067833299674354e-01 2.657844985522576087e-01 2.606534033361556646e-01 2.555075253090597354e-01 2.513375479374819199e-01 2.452782622979736149e-01 2.388019615110220650e-01
2.925722774677437243e-01 3.032711002462028516e-01 3.053601659163709958e-01 3.032413106152315740e-01 3.000675989194473425e-01 2.976496771521113249e-01 2.906497193345357055e-01 2.876233184703949619e-01 2.846890973161481653e-01 2.802516241947430875e-01 2.777631454308497339e-01 2.741246127068211469e-01 2.731762057491681772e-01 2.691223574991243872e-01 2.665637060924924695e-01 2.613931461433323111e-01 2.561832435982295264e-01 2.519428242533203743e-01 2.457158423091253541e-01 2.391597941660260629e-01
2.898153133871529952e-01 3.034844381911749878e-01 3.056861431677436181e-01 3.036385569820966857e-01 3.005078369609640032e-01 2.980938239740549278e-01 2.910417265386882613e-01 2.880053876624837916e-01 2.850387485348579997e-01 2.805600635885878158e-01 2.780599634753453953e-01 2.744174408231085938e-01 2.734286142934717057e-01 2.693356516504779585e-01 2.667477662807677952e-01 2.615494013964717035e-01 2.562994760907901237e-01 2.519945892868150628e-01 2.456240710617834389e-01 2.390109302200474628e-01
2.869062153701043005e-01 3.031906554821457433e-01 3.055377664102969515e-01 3.035771443529156066e-01 3.004934402923684633e-01 2.980947605044561577e-01 2.910069366882381825e-01 2.879680219107877970e-01 2.849615392808201864e-01 2.804548322638844571e-01 2.779400684764778418e-01 2.743090802651134141e-01 2.732725189318800374e-01 2.691499460119050058e-01 2.665481564813694804e-01 2.613361355887975357e-01 2.560481920430024982e-01 2.516748022188640688e-01 2.451727770058095557e-01 2.385334153043768557e-01
2.841183969186079628e-01 3.025667203780028625e-01 3.050617814939321493e-01 3.031940783178144194e-01 3.001646710946404562e-01 2.977813502177680816e-01 2.906644715818156866e-01 2.876268372937256790e-01 2.846034651095425416e-01 2.800733137344355028e-01 2.775464697618268972e-01 2.739284223877256896e-01 2.728459274478363117e-01 2.686851579227487186e-01 2.660782606548227625e-01 2.608728059785604403e-01 2.555557971568716003e-01 2.511061663336455196e-01 2.444893280889489096e-01 2.378684649755368752e-01
2.816006325165736346e-01 3.017682208232342345e-01 3.043589627270692488e-01 3.025844706290685138e-01 2.996005601877876900e-01 2.972408294466698520e-01 2.901160121072337006e-01 2.870880063107809077e-01 2.840487147182904626e-01 2.794927295896583730e-01 2.769546435244757965e-01 2.733435507822118415e-01 2.722143776295755102e-01 2.680210462516837144e-01 2.654113947567729448e-01 2.602287634269831451e-01 2.548889599872235512e-01 2.503799797161275209e-01 2.436535538254269440e-01 2.370781036261077612e-01
2.794660444542215183e-01 3.008994317338306579e-01 3.035170717000343910e-01 3.018258568061945590e-01 2.988816203551742934e-01 2.965530669116144269e-01 2.894161466472847666e-01 2.863961999978174577e-01 2.833528785601510114e-01 2.787708229395918225e-01 2.762320941596806967e-01 2.726310193842393370e-01 2.714484098187684435e-01 2.672295990606053939e-01 2.646243066174632230e-01 2.594756916592151352e-01 2.541163498540107146e-01 2.495364011036245722e-01 2.427106508277020736e-01 2.362240850474480736e-01
2.777848781659506550e-01 3.000511809200068214e-01 3.026148293634551845e-01 3.009965226830179086e-01 2.980785808196407816e-01 2.957668172343602131e-01 2.886382355036966607e-01 2.856322128681103023e-01 2.825765782082733657e-01 2.779773529995970827e-01 2.754271365986492581e-01 2.718275195100579023e-01 2.705873763157690681e-01 2.663652995081590702e-01 2.637536346471846538e-01 2.586515869577965532e-01 2.532802710059809947e-01 2.486293275115009083e-01 2.417305185885844920e-01 2.353732998146866318e-01
2.764442460163522575e-01 2.992726914024269047e-01 3.017058385853317870e-01 3.001451057477657058e-01 2.972418682382965138e-01 2.949444578429644137e-01 2.878174661142137158e-01 2.848218215310817092e-01 2.817513882971002803e-01 2.771432745023350019e-01 2.745850220316086165e-01 2.709856239913253639e-01 2.696841362990132218e-01 2.654655986210207042e-01 2.628378788320978598e-01 2.577857887506644352e-01 2.524176581245832773e-01 2.476984161679106344e-01 2.407523622401274432e-01 2.345655772153006913e-01
2.752619065231501350e-01 2.985855563480973029e-01 3.008193241984040145e-01 2.993049090211377661e-01 2.964247377989946419e-01 2.941149909170417409e-01 2.869968861581532193e-01 2.839963260203303697e-01 2.809235757462336669e-01 2.763104155933712724e-01 2.737455441651650556e-01 2.701467095719449762e-01 2.687791970098230010e-01 2.645674323593493749e-01 2.619376493387506333e-01 2.569317376764292948e-01 2.515727097845363303e-01 2.468184600614151958e-01 2.398473391396574173e-01 2.338547074290485694e-01
2.741189153524510869e-01 2.980293290258388961e-01 2.999387329886897824e-01 2.985173317371284663e-01 2.956406325328785334e-01 2.933224851395096477e-01 2.862183824525068587e-01 2.831967807248144120e-01 2.801194377702491134e-01 2.755251310179026580e-01 2.729384666123970682e-01 2.693234290135061437e-01 2.678915841323024627e-01 2.637012316447581162e-01 2.610632318561574849e-01 2.561066275971143336e-01 2.507601635900877368e-01 2.460087130296542413e-01 2.390527625459239469e-01 2.333374570528284342e-01
2.731822036293551914e-01 2.976737168981863912e-01 2.990299558684435532e-01 2.977812191477804959e-01 2.949597125728631863e-01 2.926118347017898635e-01 2.855103449976258423e-01 2.824724777246591656e-01 2.794202075191254409e-01 2.748493150437167354e-01 2.721979201315110064e-01 2.685768619658827072e-01 2.670499576170667910e-01 2.628786885269952522e-01 2.602189273610560627e-01 2.553938849417967116e-01 2.500602160086892178e-01 2.453609942949482592e-01 2.384680943209432635e-01 2.331225533770097391e-01
2.729592196525016945e-01 2.975749169867639154e-01 2.981100818175413947e-01 2.971348319723997045e-01 2.944028157147767222e-01 2.920690972661625917e-01 2.849825305622892269e-01 2.819566009987833355e-01 2.789209076915787344e-01 2.743564685189399666e-01 2.716219068084642085e-01 2.679849303634782576e-01 2.663381484810782851e-01 2.622085629789884798e-01 2.595313215420480546e-01 2.548769061207916686e-01 2.495966741297134250e-01 2.449378869431990957e-01 2.381626041750354306e-01 2.333453526890405250e-01
2.740899947566921568e-01 2.979798451536928017e-01 2.975856128995093552e-01 2.968985896287739124e-01 2.942326882866553306e-01 2.918479032491717584e-01 2.848549539050970192e-01 2.817873937210909618e-01 2.787511310483385407e-01 2.741844997068791923e-01 2.713783563294396850e-01 2.677339974244133392e-01 2.659707959285819712e-01 2.619067766096336292e-01 2.592243014374835952e-01 2.547910938785448165e-01 2.496207773435216160e-01 2.450093494787510262e-01 2.383847231540267841e-01 2.344570809765195440e-01
2.769279711932682297e-01 2.991827441489439687e-01 2.980652054103231086e-01 2.975172950004174588e-01 2.948499923675788614e-01 2.922999274419999516e-01 2.854621344938668703e-01 2.822332896320630113e-01 2.791841456592579762e-01 2.746752994978912676e-01 2.718191313715555002e-01 2.681447766366596430e-01 2.662079805223002138e-01 2.622793213698518811e-01 2.596190210265209575e-01 2.554186456149426521e-01 2.503985623093195056e-01 2.458485794666798452e-01 2.394983587724899832e-01 2.367568832675720492e-01
2.815365586812172416e-01 3.016452437624282945e-01 2.998354548385895324e-01 2.993568256508382652e-01 2.967197628835304690e-01 2.939218898029574145e-01 2.872163493932084477e-01 2.837033603643706048e-01 2.806415490718709438e-01 2.762382844819208927e-01 2.733454798405763331e-01 2.696004423259129035e-01 2.674555653677093137e-01 2.636783518793104908e-01 2.610281378309879385e-01 2.571716751543180468e-01 2.523716328945581067e-01 2.479590988261317908e-01 2.421240558304026957e-01 2.406678238350257459e-01
2.881864701085343206e-01 3.059643204184187559e-01 3.035897510800916188e-01 3.032152072635698747e-01 3.005740765003759307e-01 2.974062840182488121e-01 2.909494294455708951e-01 2.870107914361689216e-01 2.838993826681992516e-01 2.795277262495540760e-01 2.765946590338854705e-01 2.727165563586229635e-01 2.703547416503553347e-01 2.667408364217028760e-01 2.641422444685502247e-01 2.606957436296454267e-01 2.562679472933951375e-01 2.521941291170318733e-01 2.471210290502724727e-01 2.468651522530300735e-01
2.985309240533060016e-01 3.129419285848944465e-01 3.100907075872949004e-01 3.098292822245862221e-01 3.071639350408433278e-01 3.037483842313366544e-01 2.976198955814239322e-01 2.932402481270022787e-01 2.900019577730319487e-01 2.856241113575431756e-01 2.825934297746285351e-01 2.783733450627371986e-01 2.758429026599765743e-01 2.724487301382407800e-01 2.699139952480602567e-01 2.669516130943995758e-01 2.630154712004290074e-01 2.595763507088962307e-01 2.556316023263316417e-01 2.564354628426835925e-01
3.159394142265102845e-01 3.239997197682352170e-01 3.202820100372382184e-01 3.200284972194435973e-01 3.173945130748570542e-01 3.139418202136571856e-01 3.083836229531714546e-01 3.037118311129934911e-01 3.001974430084630163e-01 2.957469200156839229e-01 2.924842535053110981e-01 2.877913674102954844e-01 2.851536880511758021e-01 2.819432812843149505e-01 2.794566132539198500e-01 2.770813296554194838e-01 2.735372498648168671e-01 2.710441585624719374e-01 2.686938682004057499e-01 2.712964569719757968e-01
3.412032801036124496e-01 3.404204764609289335e-01 3.351079380287497744e-01 3.345490549155247240e-01 3.320128549653673655e-01 3.288641718291167026e-01 3.238760761931196996e-01 3.190506820348144035e-01 3.151006757913940581e-01 3.106189117013131717e-01 3.072603237771918683e-01 3.020546746248360948e-01 2.992924568747655223e-01 2.961834175025020999e-01 2.939626691113002011e-01 2.919801626147485174e-01 2.884285058188226780e-01 2.874365575140140905e-01 2.869314535024023449e-01 2.934154345859160129e-01
3.735987742235883924e-01 3.621276548888249791e-01 3.544372091503157907e-01 3.531771108418123029e-01 3.511282149444471257e-01 3.483976883329895635e-01 3.438129784051627280e-01 3.390654458762713541e-01 3.344554876423527778e-01 3.302059239402083124e-01 3.268129686450338411e-01 3.209757421052545912e-01 3.182159374217234937e-01 3.151176061839005560e-01 3.132747488109122735e-01 3.114113569776809087e-01 3.077193845177155218e-01 3.082357701452552723e-01 3.098769851147668564e-01 3.227198610665729661e-01
4.602871529672191153e-01 4.262897319095533266e-01 4.105366757876380279e-01 4.069395676049711308e-01 4.066866510492464504e-01 4.054790158659537513e-01 4.017154282541900434e-01 3.970095083161140348e-01 3.904954183563936754e-01 3.871535308758680682e-01 3.832950464288183423e-01 3.763608671937019312e-01 3.730532891048479738e-01 3.688575936971958402e-01 3.689506771887007819e-01 3.664522630436032324e-01 3.629259253409832242e-01 3.676196683017032840e-01 3.764328141678767725e-01 4.113700792867300282e-01
5.409761841939848548e-01 5.254435311971006328e-01 5.099454932867930612e-01 5.070044870917302937e-01 5.087023518457406412e-01 5.085765485705048272e-01 5.068117952387241054e-01 5.030677877230255168e-01 4.980531629239351443e-01 4.948380810052130929e-01 4.917673886427449959e-01 4.871699321685791784e-01 4.840953999315967260e-01 4.816309051254907270e-01 4.812267563507435231e-01 4.797505832498627498e-01 4.781697397352674406e-01 4.832072168640375587e-01 4.899610798084023666e-01 5.241899869148809454e-01
5.641376606093421175e-01 5.922122348851008855e-01 5.837538494788873100e-01 5.790493248308904439e-01 5.805444318019542527e-01 5.804089236342765412e-01 5.805683938515701081e-01 5.776106544932302356e-01 5.763870483353771279e-01 5.730958017285862072e-01 5.714956912759505681e-01 5.690609476540994249e-01 5.673554364526762761e-01 5.658694943172051239e-01 5.642532785629515990e-01 5.651672792383739541e-01 5.676122890661375875e-01 5.695036553338876928e-01 5.763924947033154389e-01 5.963414388232408658e-01
6.061641662304542155e-01 6.571773624175228923e-01 6.479516263209040838e-01 6.392718024742009009e-01 6.383632630973841149e-01 6.387411140515553143e-01 6.397908097048977671e-01 6.387564981645328377e-01 6.389547505129040683e-01 6.361219648682090444e-01 6.346896230619804014e-01 6.331641000486675219e-01 6.318204548901817930e-01 6.278705700593018024e-01 6.244511568321637895e-01 6.258623154174208780e-01 6.290391901842233846e-01 6.301786870683940833e-01 6.394122880212357307e-01 6.554390797902863719e-01
6.784272933364934310e-01 7.079534919470724663e-01 6.945639910261933725e-01 6.818750394088600730e-01 6.775479970623164983e-01 6.764901810585222108e-01 6.764173860289998119e-01 6.767250090642998872e-01 6.783535005735609191e-01 6.763901779962785410e-01 6.757449836229755258e-01 6.744943112546706310e-01 6.732180229628182966e-01 6.682526763887612908e-01 6.638767688262344757e-01 6.642990837975727425e-01 6.668664391758920562e-01 6.673825538018898218e-01 6.744378436903746277e-01 6.716357862267100520e-01
7.049224117047618865e-01 7.155224819388996682e-01 7.090909335673831748e-01 7.016133508404495123e-01 6.953282375808443883e-01 6.902475649043450234e-01 6.882859158890988205e-01 6.878739731509689870e-01 6.895482920618158929e-01 6.889971801213143898e-01 6.903013878814627802e-01 6.916502348188061644e-01 6.905054334396795168e-01 6.859730710633343831e-01 6.812562705948999042e-01 6.801064144983383075e-01 6.816471433616065889e-01 6.782395556746657617e-01 6.836105525682930617e-01 6.762349549332742349e-01
7.010546289636095940e-01 7.197270661816373982e-01 7.213597971759098115e-01 7.179706088653565743e-01 7.071716894213413429e-01 6.983183466829068209e-01 6.964488706950631158e-01 6.936374728251671895e-01 6.946085932973268262e-01 6.940524399410288314e-01 6.972174702339687391e-01 6.993253067650155863e-01 6.981825797260980959e-01 6.945436583621217297e-01 6.885073447538737623e-01 6.864659020065932982e-01 6.865193156364221005e-01 6.837247169050959528e-01 6.868404048490148739e-01 6.936065826408894797e-01
6.962602267755768626e-01 7.319802243243314077e-01 7.322327801019624660e-01 7.316710875821466065e-01 7.203577158316863960e-01 7.119355678430104861e-01 7.082681280577708405e-01 7.009325111084566684e-01 6.982298665149597738e-01 6.942056526087404533e-01 6.951982121156127237e-01 6.929850507048803676e-01 6.891143937163494160e-01 6.851887733785217982e-01 6.771994142216913870e-01 6.715110166798059499e-01 6.701462084793508023e-01 6.664178774935152205e-01 6.657996193492985437e-01 6.709271699285180857e-01
7.369923818754432476e-01 7.756548002745616843e-01 7.729605855761639832e-01 7.663633875235432713e-01 7.536045399803921185e-01 7.434396424205913512e-01 7.408669598156026881e-01 7.305018519818168299e-01 7.216527114598244586e-01 7.169565221113339826e-01 7.156499046297005728e-01 7.113114760613251653e-01 7.059137134978256123e-01 7.017700266792832320e-01 6.947721734106844238e-01 6.907753372907966538e-01 6.937209724215991358e-01 6.954559561671509460e-01 6.939307810451155190e-01 6.756476448148673875e-01
7.625524552950476709e-01 7.998041412012464324e-01 7.922488499032630527e-01 7.758131651099963166e-01 7.616091951916812430e-01 7.508081080973668664e-01 7.483383110886772105e-01 7.346142347634705416e-01 7.260401425290152755e-01 7.237490000483333130e-01 7.229449897042475870e-01 7.172680245236437990e-01 7.125706840023802169e-01 7.091469734956744597e-01 7.048110261164904911e-01 7.051148151768864558e-01 7.138716224302914526e-01 7.248920312825564150e-01 7.306627148856988940e-01 7.057586940391618047e-01
7.652307383699207266e-01 8.052227161258852517e-01 7.923275230031299188e-01 7.749573722623386285e-01 7.612319258581133896e-01 7.537805544457589768e-01 7.529830901844081215e-01 7.350369089639234854e-01 7.260841793091921126e-01 7.252469794620021171e-01 7.265035722355897008e-01 7.200256941100510177e-01 7.174475492217048389e-01 7.184039735846475816e-01 7.145726891732369079e-01 7.205562996363188422e-01 7.336180849998603648e-01 7.481316780586818593e-01 7.601237307762156448e-01 7.458172710631003621e-01
7.841788912282456891e-01 8.175102423044445787e-01 7.949658459942148259e-01 7.829444234676640191e-01 7.740523813347252036e-01 7.702843147561355686e-01 7.697785423281546802e-01 7.533224206994449945e-01 7.418387918304165662e-01 7.410842005658547782e-01 7.427168104166622653e-01 7.383907669386697847e-01 7.407118435773450971e-01 7.458328109238504533e-01 7.411508168304454802e-01 7.519182929797055825e-01 7.682559843358814922e-01 7.804013178221387292e-01 7.876046789319927077e-01 7.696805219132317744e-01
8.140513939887550343e-01 8.348343425843278709e-01 7.993279590095967446e-01 7.922016900297729203e-01 7.891937184787797266e-01 7.902027716343891228e-01 7.916348547521820933e-01 7.825412480802041992e-01 7.694997788556531271e-01 7.679847563800846766e-01 7.692119719957588586e-01 7.712191148324097911e-01 7.751513343507460130e-01 7.808367605665104128e-01 7.708629840800887978e-01 7.788115457859127178e-01 7.960965851925989600e-01 7.983407025145841107e-01 7.979105994449752215e-01 7.791602601477051193e-01
8.559102684780716119e-01 8.632616879237609009e-01 8.216865466628394676e-01 8.126361891627925660e-01 8.063467271312788620e-01 8.097987062714799844e-01 8.090004386420323046e-01 8.060715654077672543e-01 7.952307868032501004e-01 7.930367614239323126e-01 7.945442551266092002e-01 7.961267925746868812e-01 7.983862525894310780e-01 8.018352942722704046e-01 7.952791844943435384e-01 7.982900754069840454e-01 8.154601448483086434e-01 8.184122356643938057e-01 8.139772187782019497e-01 8.015712412679334431e-01
9.064718064036787482e-01 9.046717952163825238e-01 8.610632284480129739e-01 8.500610185947564679e-01 8.397086993967382007e-01 8.431250577333591067e-01 8.396924557231115749e-01 8.387641550333164719e-01 8.277453126841561870e-01 8.251465623835301244e-01 8.208324703769029895e-01 8.185352260368001787e-01 8.185485507443635012e-01 8.183059590674631734e-01 8.147596165724863004e-01 8.130695696450747079e-01 8.255260636419682330e-01 8.345536152953436648e-01 8.453213206961479598e-01 8.635792039686787103e-01
9.211677442469623500e-01 9.365825298371629470e-01 9.017980698471641521e-01 8.916723025673187752e-01 8.799706291132303182e-01 8.823231819325031422e-01 8.804703506170784566e-01 8.799953713021543278e-01 8.726035771119351470e-01 8.684803807079058968e-01 8.582651152294243913e-01 8.517397107707250781e-01 8.511202924803241698e-01 8.465124259092541292e-01 8.458732508832861319e-01 8.463346849847172004e-01 8.595548056636180823e-01 8.695034198469492326e-01 8.942554063752023996e-01 9.210427719433983418e-01
9.281742098369776262e-01 9.507561451868116187e-01 9.365497536001362588e-01 9.336707332707663287e-01 9.252542891318262797e-01 9.258454555889462645e-01 9.271018708217205750e-01 9.252759871338481767e-01 9.191796016335994635e-01 9.162998496597817288e-01 9.025219186368854674e-01 8.959065896291453779e-01 8.958945140104559446e-01 8.879958403230683306e-01 8.851610395491377181e-01 8.875458688538063745e-01 9.019312929542590007e-01 9.145515979284788433e-01 9.350779655548855374e-01 9.308893544031319189e-01
9.594213151117173544e-01 9.755401232059881522e-01 9.779139917099395340e-01 9.838650925965898297e-01 9.744324276485237801e-01 9.753106982049416507e-01 9.782200251611913311e-01 9.752882445736672512e-01 9.726359375351000258e-01 9.769204456236557643e-01 9.705498007704056462e-01 9.682570348425102447e-01 9.686538919950226090e-01 9.658615587339052233e-01 9.659394725817442851e-01 9.694665517994626169e-01 9.850645405885494199e-01 1.004103065253752369e+00 1.015431831552722430e+00 9.807206980219276282e-01
1.007780055033679734e+00 1.044413849145747752e+00 1.043352975085745316e+00 1.056167276036448222e+00 1.045713279826534059e+00 1.042974757269405917e+00 1.049200749796373122e+00 1.046712384865025047e+00 1.045747692401490125e+00 1.053860396156095058e+00 1.053293045626363167e+00 1.053197165197137464e+00 1.059113253727383297e+00 1.060893215372271881e+00 1.060557650471913638e+00 1.063429150753128605e+00 1.080739675985915138e+00 1.104384709390601182e+00 1.118711675258947436e+00 1.050420087765460364e+00
1.039057587366012392e+00 1.123467174645959687e+00 1.121878665069246273e+00 1.130059410922970242e+00 1.126006488255036908e+00 1.121086577472171220e+00 1.130573863650990774e+00 1.122689211455612179e+00 1.117302891342261129e+00 1.122610653178983897e+00 1.129676765154985940e+00 1.124984442438050625e+00 1.134011925074435601e+00 1.137915861203494972e+00 1.133373043572654559e+00 1.130512235495957585e+00 1.141974840197197416e+00 1.168052223806136158e+00 1.185649991611960274e+00 1.106252451238730394e+00
1.050331018773314806e+00 1.183661068886104006e+00 1.176317021923604322e+00 1.169671646618392957e+00 1.161351267658834452e+00 1.150362943696966678e+00 1.154309931082656782e+00 1.139500552956986157e+00 1.131656501622591016e+00 1.139736946655590888e+00 1.149478745693018666e+00 1.145198316796953497e+00 1.153527807678204731e+00 1.159606071060257593e+00 1.157847985250431755e+00 1.163055101319810491e+00 1.177680425116982121e+00 1.199769807766314145e+00 1.220733485471131363e+00 1.148912153509436207e+00
1.076575268989314882e+00 1.197087964537185023e+00 1.187342192489236670e+00 1.173010941065051105e+00 1.160198733253316572e+00 1.145736672419674473e+00 1.137929408512905027e+00 1.122443207664482134e+00 1.116148301196922876e+00 1.123702417046702928e+00 1.134973489189441409e+00 1.130172106180016067e+00 1.139195297396708551e+00 1.148325314040545386e+00 1.153451005436323396e+00 1.172005322492866597e+00 1.192934246514703478e+00 1.209691950809844485e+00 1.231710150789786073e+00 1.168760141808010911e+00
1.115786781350281087e+00 1.197282903666154752e+00 1.181343734095927411e+00 1.169244742963998496e+00 1.153619729407401096e+00 1.132932366325914542e+00 1.116084103827741369e+00 1.094714138178290774e+00 1.085751251131798822e+00 1.088461289767886031e+00 1.097448763858540843e+00 1.092274552625544404e+00 1.094716216563542233e+00 1.103728914017434670e+00 1.112333005016006515e+00 1.136684644757015139e+00 1.159401998201464945e+00 1.173891056971480440e+00 1.200888984345618749e+00 1.132859407963598297e+00
1.128053675995370764e+00 1.172821397335732874e+00 1.156849718671749017e+00 1.144274733563566571e+00 1.130170622046960505e+00 1.106165830065574562e+00 1.085206792425743805e+00 1.060575280602801262e+00 1.050984410720954054e+00 1.044442374924111183e+00 1.050445692014282395e+00 1.041881162791576276e+00 1.033238211359335912e+00 1.039223035382628169e+00 1.043570058607437456e+00 1.058506701405016459e+00 1.074230884538883712e+00 1.084325266289721146e+00 1.122187055787277510e+00 1.100709779387142762e+00
1.086301741249207753e+00 1.121803947490306985e+00 1.106685641122420405e+00 1.089786501228252824e+00 1.073816340404405656e+00 1.053258055622886546e+00 1.032861690265028054e+00 1.006820770856937663e+00 9.918917694476385716e-01 9.817697605188613341e-01 9.827413424874046344e-01 9.718365011256483443e-01 9.587292961486655329e-01 9.638506371535487949e-01 9.651441748776536933e-01 9.694881988300375619e-01 9.803939964254072548e-01 9.852100003090121794e-01 1.034130636511207735e+00 1.053072679609647677e+00
1.033490015159800990e+00 1.085123253381898856e+00 1.065050466537979634e+00 1.034055081992083291e+00 1.013010850235143590e+00 9.872262666386472096e-01 9.674301412228337727e-01 9.458717402613294745e-01 9.294019965807605033e-01 9.185707866792780507e-01 9.150941679053185007e-01 9.071299777332558767e-01 8.977217242872412850e-01 9.010465989255576069e-01 8.992007619204985813e-01 8.998260969641386220e-01 9.087510140682024673e-01 9.090147897060537607e-01 9.593852494825304555e-01 9.725006839976684248e-01
1.020737723221730286e+00 1.082879403944345009e+00 1.051285581709546557e+00 1.009784414403673170e+00 9.787030881245399883e-01 9.368293039357157292e-01 9.111128648182392764e-01 8.903577271303670937e-01 8.759930204590806735e-01 8.628700490837759585e-01 8.586392582172536203e-01 8.481828734850059837e-01 8.456116638099450133e-01 8.468886932097163811e-01 8.420303989385211629e-01 8.372626537839342742e-01 8.457445754111105884e-01 8.494113472919924135e-01 8.892746359737053741e-01 8.861326966831222229e-01
1.027727320764990626e+00 1.080485998910497347e+00 1.037226697644687334e+00 9.861174413860148702e-01 9.464934801533154696e-01 8.999231957320629194e-01 8.739997605338255537e-01 8.502746846592069696e-01 8.331956253142445146e-01 8.184728830244146769e-01 8.124865639991665223e-01 7.976462898512529653e-01 7.964262328835117755e-01 7.948623686372321417e-01 7.894291234830951298e-01 7.843964132090025521e-01 7.896476517443929977e-01 8.001724012034585609e-01 8.296222943253784843e-01 8.131781810709549640e-01
1.000096433690225828e+00 1.040855977449546277e+00 9.948774377943805369e-01 9.499864205217580793e-01 9.173442764958087414e-01 8.771446278549157594e-01 8.585955694061382371e-01 8.369670107081329524e-01 8.177811061428296169e-01 8.033889951865949008e-01 7.934573218750810009e-01 7.791566145312490699e-01 7.736033815201315278e-01 7.705001160077743494e-01 7.652028941348502089e-01 7.593156535623702963e-01 7.578834055222304356e-01 7.658523772865551971e-01 7.785131690864445231e-01 7.595683312791832176e-01
9.504272290579925953e-01 1.002981740548550160e+00 9.687763460558439510e-01 9.361245826341563214e-01 9.058928679427827868e-01 8.755841522269292021e-01 8.622193590001246966e-01 8.427835030517342174e-01 8.249094910043593964e-01 8.089458727339774446e-01 7.970309131598135588e-01 7.862004104078983424e-01 7.761998817071694701e-01 7.735544041080281152e-01 7.686807614713642156e-01 7.608215377077388597e-01 7.603974781213724832e-01 7.654272298114433992e-01 7.679542714868259345e-01 7.282292173666939927e-01
8.979550279887520414e-01 1.002013079822823283e+00 9.921923275277321208e-01 9.720202076608820407e-01 9.388858754732535283e-01 9.136609562853846844e-01 8.988114149768641203e-01 8.782039211800599654e-01 8.614092146300382780e-01 8.453015730713201448e-01 8.364859585558044319e-01 8.289853418776975680e-01 8.195544644610257556e-01 8.184486449255164997e-01 8.150885017253035603e-01 8.052429894708119651e-01 8.034331128349379014e-01 8.028288288181106847e-01 8.012820478714839378e-01 7.527076733135772413e-01
9.264336215033089905e-01 1.069190411867515067e+00 1.077783508770526533e+00 1.061069750539988865e+00 1.027091231925272075e+00 1.003216822713109746e+00 9.895849592955716645e-01 9.654032360528486123e-01 9.500039685102994458e-01 9.358941387870834960e-01 9.303612087675400266e-01 9.226036855917923996e-01 9.122583721509405219e-01 9.109384854445916613e-01 9.014121390117613153e-01 8.853259175120733460e-01 8.755609382283601194e-01 8.627542126748380946e-01 8.496368746168024844e-01 7.885399788651672459e-01
1.068537453443138885e+00 1.195755006187002811e+00 1.202696862150718804e+00 1.179167080093757702e+00 1.143193612862406061e+00 1.116280540138394617e+00 1.105350350801668213e+00 1.079271274560141380e+00 1.066388866883402731e+00 1.054235380524168653e+00 1.047233330325978429e+00 1.034594361986048705e+00 1.023932820369325869e+00 1.022703128495731528e+00 1.005673748343067775e+00 9.842858808863085285e-01 9.661021439810031364e-01 9.443944461535411783e-01 9.230356488776414459e-01 8.359388867520469724e-01
1.265511841541845817e+00 1.340466622746317338e+00 1.336499723796137129e+00 1.298652954923462666e+00 1.259451088339351488e+00 1.231623091771483436e+00 1.220586436633582572e+00 1.194585215692751445e+00 1.182829122616451789e+00 1.167379417599180291e+00 1.157833648595716802e+00 1.141181426304328062e+00 1.130492259527211329e+00 1.130065002833279264e+00 1.115329507743959336e+00 1.100159919376781481e+00 1.083448710566970563e+00 1.075007017947495536e+00 1.074098926962598233e+00 9.881247380755683318e-01
1.437217097956612122e+00 1.477064048959336073e+00 1.466938674278722488e+00 1.413572557894734238e+00 1.368034644837143210e+00 1.340751220427055523e+00 1.327237902627385280e+00 1.305326800324009273e+00 1.291989641743621409e+00 1.276740374252352428e+00 1.267670760771244076e+00 1.253552351923731489e+00 1.243180216787892034e+00 1.242459898289019815e+00 1.233966917067393476e+00 1.227252521494641702e+00 1.218425876525861540e+00 1.224480374417247663e+00 1.242072288625061915e+00 1.244388820649542149e+00
1.527045038192608617e+00 1.565237217173158779e+00 1.552772760395276119e+00 1.498892615833739672e+00 1.456208292478025523e+00 1.430959157986222419e+00 1.416983670648095828e+00 1.400190563523213250e+00 1.388471981222977991e+00 1.376071325400274770e+00 1.367251187231582898e+00 1.353982275414697067e+00 1.340987999279300125e+00 1.336784596103789635e+00 1.328732647359147645e+00 1.322943456882496260e+00 1.319438373359338001e+00 1.326129044627638365e+00 1.347126795524560494e+00 1.443167249396660967e+00
1.576005491479402165e+00 1.620141377486893131e+00 1.596887251365557203e+00 1.549473744983966172e+00 1.517290910532417492e+00 1.498692664347880621e+00 1.487763383513844628e+00 1.472279127473383742e+00 1.468625799396561904e+00 1.457625016169570298e+00 1.445455463620840764e+00 1.426893730889663203e+00 1.406490775738533650e+00 1.391883897498745526e+00 1.378935531413091997e+00 1.362832875644324426e+00 1.354901058306691386e+00 1.347936241366699539e+00 1.367213443364644787e+00 1.473181101075617727e+00
1.562566841555837804e+00 1.676585799384251008e+00 1.638893841620882696e+00 1.593331097352528758e+00 1.557850381098606407e+00 1.542654376327401211e+00 1.532577331059782111e+00 1.519630503742527949e+00 1.517052268432607098e+00 1.506428083271790674e+00 1.487118045256370369e+00 1.463131262390682474e+00 1.439063839427967340e+00 1.416452121612461257e+00 1.397600166800503141e+00 1.367731591590768181e+00 1.350454338645387997e+00 1.332484468260074495e+00 1.332908218424569524e+00 1.354395261450915600e+00
1.481220704223347617e+00 1.683582010394420347e+00 1.662437390307883289e+00 1.619073783836673552e+00 1.578450360861980428e+00 1.565305875434585214e+00 1.553156579749586319e+00 1.538435210031025013e+00 1.528093245942385048e+00 1.506762333258519604e+00 1.483404970194305950e+00 1.451697651317774396e+00 1.431342260490295004e+00 1.408857292197606137e+00 1.389464802232388108e+00 1.354642069137470983e+00 1.330967000503806563e+00 1.314954758546917457e+00 1.288856941956836977e+00 1.223512453158087210e+00
1.419530695646824769e+00 1.658296661998226895e+00 1.659872400086960686e+00 1.618019766444172669e+00 1.581680454197796015e+00 1.567690908202159727e+00 1.548470559405214164e+00 1.528117187466195404e+00 1.513180039923698095e+00 1.482072592725830251e+00 1.455193792590577795e+00 1.418747478056645361e+00 1.401352622853035301e+00 1.380996367133917158e+00 1.360693274712831968e+00 1.330659485438095757e+00 1.305017720768865797e+00 1.294321101367642557e+00 1.246494175748809496e+00 1.133164593480566529e+00
1.391283682292103974e+00 1.628699013459555145e+00 1.630331775135450911e+00 1.584882916317122525e+00 1.555108985034368452e+00 1.537440648095501405e+00 1.513886859540548580e+00 1.489263376262661032e+00 1.475729061171572321e+00 1.441710429291384710e+00 1.415874464655380915e+00 1.378844784816726898e+00 1.364581211949619011e+00 1.346757426709993100e+00 1.325934590874182639e+00 1.301467257308603687e+00 1.277026749782954829e+00 1.266723417934797258e+00 1.210513802261147021e+00 1.058061657429257840e+00
1.367553595765988561e+00 1.593798755357517694e+00 1.575683663934877021e+00 1.517859528353420862e+00 1.484576986988984215e+00 1.460766917643157026e+00 1.436523684157795078e+00 1.415164093201918716e+00 1.403655478075163998e+00 1.374610193383642986e+00 1.350638204537738307e+00 1.315144768328813552e+00 1.307161540353102502e+00 1.293956674427476639e+00 1.278953813294345654e+00 1.256772957510372546e+00 1.239691957913513720e+00 1.227352796053863493e+00 1.165877172350394897e+00 9.966028440847037873e-01
1.313685495455585217e+00 1.481102829688767608e+00 1.442145548351452700e+00 1.390191711619630288e+00 1.356960081769239990e+00 1.335176524102700935e+00 1.314164708510784818e+00 1.301785202300376865e+00 1.295387694898695763e+00 1.277914065887593376e+00 1.254466785474723123e+00 1.223516171700816502e+00 1.220389238550908528e+00 1.213706530536269979e+00 1.204728805379724488e+00 1.184608515739161705e+00 1.174208477654960614e+00 1.160622357402418370e+00 1.123187948510846912e+00 9.900384809997961888e-01
1.177742671385658246e+00 1.262212055699055258e+00 1.229224663737524592e+00 1.192527623908042900e+00 1.165174015492679738e+00 1.148521323650207648e+00 1.134958328303206754e+00 1.124156913308935746e+00 1.121482623806881795e+00 1.111554468742274038e+00 1.091799963315444710e+00 1.066536919330605571e+00 1.064037712999533980e+00 1.060736614815064316e+00 1.053661355689383905e+00 1.042044520848558253e+00 1.036827359347379351e+00 1.025677435235772927e+00 1.013493230805419643e+00 9.387293247640089433e-01
1.031772760037926728e+00 1.084475761397887927e+00 1.060388546120514919e+00 1.024543758997400023e+00 9.982989154196507675e-01 9.814816417945900762e-01 9.654911155413309354e-01 9.477915220253323447e-01 9.413020134955588647e-01 9.296935703454016764e-01 9.149208125012304738e-01 9.003149688970025766e-01 8.957422647203981958e-01 8.943240851192294505e-01 8.875412405637088664e-01 8.830651160613962602e-01 8.832029492107903446e-01 8.688263608001658422e-01 8.570340687866327967e-01 8.281262635961778029e-01
8.185935065243573616e-01 8.807923520160682029e-01 8.797471034995731909e-01 8.590728253314876550e-01 8.350668514723261771e-01 8.174863519591363259e-01 8.066056270180240739e-01 7.905103219665282621e-01 7.828210604899930036e-01 7.739433110374953628e-01 7.660134826887776693e-01 7.600463869778834036e-01 7.531900116160491487e-01 7.471458609347697566e-01 7.422137494611618092e-01 7.418088077268532032e-01 7.397163659377345990e-01 7.272220112252317792e-01 7.047135779484079432e-01 6.755009809685605937e-01
7.103793796751501910e-01 7.365234812209003890e-01 7.400966471967990179e-01 7.334051189227919210e-01 7.264339968059553287e-01 7.230147590421645010e-01 7.071711928559588634e-01 6.944894470822250421e-01 6.884718211961209366e-01 6.827866531758416402e-01 6.751404123365621901e-01 6.696347484253445392e-01 6.675922622456763600e-01 6.609249959695570054e-01 6.605750836538984982e-01 6.639791881570532572e-01 6.740034390748660398e-01 6.835647771500480419e-01 6.952135583565529631e-01 6.728758565788381940e-01
7.406071623658810887e-01 7.398951084808482737e-01 7.371068640563092078e-01 7.376833637220568951e-01 7.291332465033317778e-01 7.248703021292358661e-01 7.159410978461898667e-01 7.126705376284822036e-01 7.153082778540492681e-01 7.146582055591527149e-01 7.188258001756867577e-01 7.096798028192410346e-01 7.064401583837029985e-01 7.127439114755009797e-01 7.152297247649620493e-01 7.106890627894654200e-01 7.108253007899115739e-01 7.127552236156869947e-01 7.280292057244397430e-01 6.766565650979112778e-01
9.284519504672072987e-01 8.748251066463841319e-01 8.298950204924219198e-01 8.060698532778656222e-01 8.005424929382213284e-01 7.939484071960131173e-01 7.947142286814294909e-01 8.018401280249006779e-01 8.038225583408066255e-01 8.067763715094292687e-01 8.155345163209026804e-01 8.206082134695885655e-01 8.238253747404681304e-01 8.309672411984524443e-01 8.357562826159614655e-01 8.488983709850304038e-01 8.614320408853074484e-01 8.858324199406547583e-01 9.213490902604904997e-01 9.765619788095876164e-01
