4.842548466414640647e-04
2.545455798833110299e-04
2.247004551994346644e-04
2.107228521109620243e-04
2.040338917649335744e-04
2.003783824923844432e-04
1.979353461753728942e-04
1.947561994424318928e-04
1.933096806464696489e-04
1.907465865512119176e-04
1.889690568425930913e-04
1.879221166550118841e-04
1.871655192786241570e-04
1.883685096265892841e-04
1.892554393647981413e-04
1.900685890184804444e-04
1.935773130488246084e-04
2.028931868531829883e-04
2.152207012234135528e-04
3.131832176186054003e-04
