2.737505157715533488e-02
1.692145639785925040e-02
1.658546852662616186e-02
1.630592443801653219e-02
1.635598630902136003e-02
1.656486962328521106e-02
1.665516984245095367e-02
1.672308290328273356e-02
1.664031355048693761e-02
1.658108384190726606e-02
1.659541090735546301e-02
1.655279409494011048e-02
1.663765884001153217e-02
1.670498642216603977e-02
1.675966319310564362e-02
1.686791037868977383e-02
1.687242059764169563e-02
1.717204577231307150e-02
1.792615427764821662e-02
2.277329824681512127e-02
