6.393645596840023902e-04 6.145396291090895764e-04 6.180214163892574488e-04 6.126668223571658627e-04 6.053689566432844541e-04 6.002024426021250730e-04 5.862652348532611723e-04 5.801446324955354325e-04 5.745077835740948578e-04 5.656313139328763640e-04 5.606767929966543140e-04 5.530319490308341140e-04 5.516565212459501348e-04 5.437112527860440492e-04 5.388480906704103904e-04 5.286529235055635861e-04 5.184979238609983701e-04 5.103372557019871750e-04 4.994354643564200740e-04 4.876079544082463722e-04
6.775121081589393929e-04 6.647776135858239361e-04 6.688484517027751090e-04 6.635774067155443198e-04 6.561167779304275319e-04 6.507399798595058221e-04 6.357420458093630431e-04 6.291835697576692770e-04 6.230519637626696135e-04 6.135438914539115881e-04 6.081567631544755907e-04 6.000647827524659052e-04 5.984010386274823219e-04 5.897461104012507917e-04 5.844252593315098958e-04 5.733346903288101711e-04 5.622757311383427868e-04 5.533533493118188628e-04 5.410490672850848826e-04 5.277543686507981096e-04
6.845829415543678784e-04 6.836117122577011537e-04 6.878820095196046258e-04 6.826718983836174270e-04 6.751707614258884880e-04 6.696897115004661876e-04 6.542084826038349144e-04 6.474468605989229433e-04 6.410470635030093324e-04 6.312572201731046599e-04 6.257103546496076661e-04 6.174472997529658561e-04 6.156353303567106390e-04 6.066965118703276927e-04 6.011403068843664509e-04 5.896519427368659581e-04 5.782140219066617777e-04 5.689904625060220999e-04 5.559573483795541985e-04 5.418292679180421005e-04
6.839849946141892973e-04 6.927487661923090092e-04 6.971871230182836478e-04 6.920572633310111219e-04 6.845695700011979320e-04 6.790406904092212252e-04 6.632498843695740784e-04 6.563786007531429746e-04 6.498226274106985766e-04 6.398363412415375949e-04 6.342016898605767937e-04 6.258622868000965084e-04 6.239038191881989166e-04 6.147894396697939790e-04 6.090897600991082702e-04 5.973850846986091022e-04 5.856916879840415356e-04 5.762480039137921582e-04 5.626945088923857811e-04 5.480370623041207635e-04
6.802412682094772459e-04 6.974102204482878582e-04 7.020283330152506237e-04 6.970026629794434311e-04 6.895893620255050607e-04 6.840120861059046427e-04 6.680211352398456688e-04 6.610859776071377697e-04 6.544215412109747731e-04 6.442901170791723656e-04 6.385965939401835574e-04 6.302097095131993423e-04 6.281403275767499187e-04 6.188841100758275685e-04 6.130645048619101688e-04 6.012290051800490975e-04 5.893594071337165171e-04 5.797408434984522132e-04 5.657643589004549955e-04 5.508274431226577519e-04
6.748537984686772424e-04 6.995319438270746360e-04 7.043506297086135582e-04 6.994632303939703893e-04 6.921426755837813832e-04 6.865654428288197123e-04 6.704209661107452456e-04 6.634384182872970787e-04 6.566702777490708532e-04 6.464347023982482728e-04 6.406947212874022305e-04 6.323019998343793954e-04 6.301143830054513340e-04 6.207653368104448875e-04 6.148618425074117841e-04 6.029353125842701810e-04 5.909180341440670864e-04 5.811369874680794197e-04 5.667736908003041287e-04 5.516528301721378711e-04
6.684945230850638164e-04 7.000240339313321819e-04 7.051025361715471422e-04 7.003795278023479398e-04 6.931581385562794392e-04 6.875899218822033396e-04 6.713251811539665704e-04 6.643197076828292417e-04 6.574767911177599976e-04 6.471461556443831517e-04 6.413793684676327884e-04 6.329774437564263069e-04 6.306965942332665772e-04 6.212573272081773875e-04 6.152863998792843523e-04 6.032957344671105058e-04 5.911861386267915248e-04 5.812563898591197519e-04 5.665620091762113867e-04 5.513094563312460547e-04
6.617843321404024261e-04 6.993463881241874071e-04 7.047602870041481168e-04 7.002378720500138359e-04 6.931249308765529641e-04 6.875920821043000290e-04 6.712449338886225612e-04 6.642335189991886452e-04 6.572986985150864377e-04 6.469034267029789365e-04 6.411028159654495609e-04 6.327274968550993016e-04 6.303365411598680062e-04 6.208289732640918501e-04 6.148259754245087930e-04 6.028038107563677035e-04 5.906065211879425519e-04 5.805187618125537147e-04 5.655210441519913436e-04 5.502080067519064897e-04
6.553538873705941174e-04 6.979072053736098263e-04 7.036623694857735466e-04 6.993542833139591115e-04 6.923665844473335515e-04 6.868691628848810384e-04 6.704549940667894024e-04 6.634465348843699133e-04 6.564727565744769627e-04 6.460234074782825794e-04 6.401949323137462412e-04 6.318494628298131858e-04 6.293525556439025399e-04 6.197568797472553575e-04 6.137421031377211485e-04 6.017350842518683377e-04 5.894707520640596072e-04 5.792071334846523537e-04 5.639445855018598115e-04 5.486742132808609344e-04
6.495463553478466115e-04 6.960653683332888343e-04 7.020412319037797446e-04 6.979481485021218337e-04 6.910653935363486209e-04 6.856223855118366356e-04 6.691899017361870690e-04 6.622036552147026866e-04 6.551931568394005027e-04 6.446842190260317637e-04 6.388298125978023522e-04 6.305003848241535385e-04 6.278958086223994589e-04 6.182250207482505814e-04 6.122038952519184623e-04 6.002495212105945057e-04 5.879326104438347984e-04 5.775320950925299460e-04 5.620167697795982803e-04 5.468511431582609612e-04
6.446226664921823760e-04 6.940613998707718512e-04 7.000993071171641990e-04 6.961983127884706661e-04 6.894070707413494726e-04 6.840359769729149409e-04 6.675755720238419266e-04 6.606079192066680430e-04 6.535881254998059456e-04 6.430190529031378074e-04 6.371631639746535691e-04 6.288568438686953106e-04 6.261290100347073400e-04 6.163994459922067124e-04 6.103883800392668861e-04 5.985124689259542106e-04 5.861504905258205006e-04 5.755862776833008338e-04 5.598418485084868295e-04 5.448812394477310552e-04
6.407448505032011269e-04 6.921048054568452361e-04 6.980181746419697334e-04 6.942853520388413266e-04 6.875547616792405644e-04 6.822223957757070356e-04 6.657812199025780813e-04 6.588456893025688250e-04 6.517974936403846120e-04 6.411888172854272698e-04 6.353064307517732046e-04 6.270034729791029325e-04 6.241429307823011165e-04 6.144058278931188027e-04 6.083800684813562730e-04 5.966115704782209072e-04 5.842219722420799238e-04 5.734940013253579227e-04 5.575810534314719477e-04 5.429187938654452591e-04
6.376525182209484121e-04 6.903091240185559030e-04 6.959214760596605038e-04 6.923214545779862294e-04 6.856247816119768763e-04 6.803255230993440761e-04 6.638880097239784148e-04 6.569764224097062594e-04 6.498940920234130142e-04 6.392649130557778595e-04 6.333639903427503662e-04 6.250615378318364647e-04 6.220594970355620154e-04 6.123305520616229925e-04 6.062677655125650817e-04 5.946145008520499747e-04 5.822322499599219200e-04 5.713467402735012725e-04 5.553248159883147298e-04 5.410556777865112993e-04
6.349253073417326270e-04 6.887241628407955773e-04 6.938766220270316167e-04 6.903834379028132200e-04 6.837399701541719979e-04 6.784122560239125559e-04 6.619952364979358930e-04 6.550723158898710428e-04 6.479846409667113427e-04 6.373438219559396855e-04 6.314276318066540297e-04 6.231264789554142799e-04 6.199721437087899779e-04 6.102588160411773644e-04 6.041912759068611763e-04 5.926445274269452439e-04 5.802832731063191493e-04 5.693170137180874951e-04 5.532372693405589051e-04 5.394159651799784868e-04
6.322888581885914268e-04 6.874411563834269398e-04 6.918454305282427906e-04 6.885667944179911818e-04 6.819313353039474631e-04 6.765842443650332393e-04 6.601995175560589763e-04 6.532280667204116943e-04 6.461297982171418592e-04 6.355324668842265512e-04 6.295660085631314554e-04 6.212274814944224784e-04 6.179247558730423815e-04 6.082608126670413073e-04 6.021743248659667267e-04 5.907413099519337896e-04 5.784090357708445091e-04 5.674492329942530493e-04 5.514044810904333545e-04 5.382228606494093631e-04
6.301282178508509470e-04 6.866208934480424195e-04 6.897492247740007621e-04 6.868688605558984431e-04 6.803607100025801371e-04 6.749450420748179507e-04 6.585663380861777293e-04 6.515573731224821126e-04 6.445169379862983675e-04 6.339736145514197592e-04 6.278578473870484455e-04 6.195054331436324101e-04 6.159834412152947287e-04 6.063635111559959566e-04 6.002268331196026390e-04 5.890972817055296863e-04 5.767945209298482425e-04 5.659551903862555192e-04 5.500558722068878007e-04 5.377271576764528372e-04
6.296138779924075144e-04 6.863929993492272558e-04 6.876274225898121100e-04 6.853778893526023394e-04 6.790761591788051482e-04 6.736931516934930014e-04 6.573488661943218715e-04 6.503674402586712101e-04 6.433652417691754439e-04 6.328368036676737616e-04 6.265292020950503481e-04 6.181400703902856014e-04 6.143415662455804999e-04 6.048177803762146100e-04 5.986407860654422309e-04 5.879048067242951007e-04 5.757253048014998164e-04 5.649792414482383146e-04 5.493512217624061875e-04 5.382410729500078633e-04
6.322221492916623581e-04 6.873270157704825228e-04 6.864176707822379530e-04 6.848329674470311421e-04 6.786837394250090898e-04 6.731829405967452735e-04 6.570545942233604192e-04 6.499771429445593343e-04 6.429736311436795538e-04 6.324401365362496011e-04 6.259674230799258622e-04 6.175612628267168570e-04 6.134942225820762696e-04 6.041216712942407878e-04 5.979326065838971730e-04 5.877068702754400511e-04 5.757809018168239283e-04 5.651440785407435248e-04 5.498635663973172214e-04 5.408054172550730461e-04
6.387682895984763375e-04 6.901016496597405393e-04 6.875239096591441229e-04 6.862600871789498831e-04 6.801076269082221648e-04 6.742255897710624753e-04 6.584551343575768866e-04 6.510056564860527669e-04 6.439724323886253723e-04 6.335722263778398658e-04 6.269841247100891787e-04 6.185087754007574179e-04 6.140413179029125023e-04 6.049809937069266109e-04 5.988430756696814031e-04 5.891543952313559344e-04 5.775749581201194537e-04 5.670798653146802166e-04 5.524323033731325496e-04 5.461102070803007568e-04
6.493985611974678693e-04 6.957817066776880721e-04 6.916072068233271352e-04 6.905031899690729962e-04 6.844204816526153982e-04 6.779668446491362308e-04 6.625014566808020257e-04 6.543965547157210710e-04 6.473341118936546670e-04 6.371774427112232055e-04 6.305048344335834748e-04 6.218664466339842442e-04 6.169190251796353476e-04 6.082080375448395805e-04 6.020933761978488567e-04 5.931979726123526959e-04 5.821260871287176281e-04 5.719480367586572819e-04 5.584887952885560355e-04 5.551312945929164078e-04
6.647373965274829292e-04 7.057441860773088459e-04 7.002669510105859890e-04 6.994030198156676870e-04 6.933109281683638237e-04 6.860040267495864192e-04 6.711122860358201053e-04 6.620255496474862760e-04 6.548487041724922100e-04 6.447649431092181442e-04 6.379994642716815259e-04 6.290541453785031658e-04 6.236063304284714419e-04 6.152720520923532586e-04 6.092764446395509395e-04 6.013266682537249342e-04 5.911134135932808158e-04 5.817166529214068535e-04 5.700149261559865187e-04 5.694262297981413914e-04
6.885981467603313278e-04 7.218388940794754228e-04 7.152622035701846183e-04 7.146591939461457944e-04 7.085112441583024017e-04 7.006328578067025923e-04 6.864985742505364582e-04 6.763945546215426778e-04 6.689250412252766747e-04 6.588270021760000072e-04 6.518363638425219049e-04 6.421022214886092181e-04 6.362654461041147022e-04 6.284380431989687512e-04 6.225896948595630075e-04 6.157565975264292328e-04 6.066774040654199229e-04 5.987446513549097996e-04 5.896456059736521942e-04 5.915013822744129984e-04
7.287529619078012867e-04 7.473450440378347475e-04 7.387696911189515787e-04 7.381849327490542286e-04 7.321093256530384914e-04 7.241452666092581484e-04 7.113264960529099836e-04 7.005485435614389710e-04 6.924421768811679515e-04 6.821765004033946605e-04 6.746507604162751406e-04 6.638260437533940930e-04 6.577419131923891013e-04 6.503384467731158783e-04 6.446009122733521854e-04 6.391220296780418140e-04 6.309471754865747907e-04 6.251965549907480832e-04 6.197753223569776263e-04 6.257801769153901496e-04
7.870271634101815841e-04 7.852215309138547723e-04 7.729675102270786328e-04 7.716783778625075935e-04 7.658283219896354485e-04 7.585654986180421448e-04 7.470618323619634613e-04 7.359294822420590779e-04 7.268183089606428289e-04 7.164805710648674024e-04 7.087335765864374686e-04 6.967261091176514889e-04 6.903547155018013729e-04 6.831851527764932781e-04 6.780609071193479222e-04 6.734880130253945380e-04 6.652956815429562866e-04 6.630076312629415132e-04 6.618425469842523223e-04 6.768004441128672210e-04
8.617513390886026928e-04 8.352917971157442292e-04 8.175528419301409831e-04 8.146462708178753200e-04 8.099202414381565743e-04 8.036219473157235008e-04 7.930488619481473791e-04 7.820959868773107865e-04 7.714625534848223130e-04 7.616604142286757155e-04 7.538341471988633342e-04 7.403698691169234482e-04 7.340040415346503000e-04 7.268592946176409943e-04 7.226065847017015386e-04 7.183084431703996506e-04 7.097924564200005322e-04 7.109835631278404663e-04 7.147692265060143300e-04 7.443948734399108945e-04
1.061708704101357263e-03 9.832894877029947807e-04 9.469531339876744152e-04 9.386559633138631849e-04 9.380725802954731048e-04 9.352870218083080131e-04 9.266083109537851708e-04 9.157510651187729172e-04 9.007255186420784010e-04 8.930170457826281955e-04 8.841169787360813334e-04 8.681224448841963568e-04 8.604931108395824559e-04 8.508174887969870669e-04 8.510299338796258658e-04 8.452670355949350092e-04 8.371331057028289727e-04 8.479597988314244205e-04 8.682883993937297231e-04 9.488780055109216930e-04
1.247827839138490429e-03 1.211999872230727377e-03 1.176251749260546955e-03 1.169467958194502248e-03 1.173384291240295741e-03 1.173094110574897505e-03 1.169026600741993136e-03 1.160387478849727151e-03 1.148820632452482796e-03 1.141404652155180929e-03 1.134321724057289586e-03 1.123717127505152909e-03 1.116625342266304487e-03 1.110943638487996935e-03 1.110008464434449667e-03 1.106603490344119098e-03 1.102957081122292373e-03 1.114576639217383603e-03 1.130155251455666927e-03 1.209111635330919945e-03
1.301252621801877920e-03 1.366010066541240367e-03 1.346499764438456245e-03 1.335648202027385966e-03 1.339096849408717748e-03 1.338784283220040066e-03 1.339155683310114947e-03 1.332329732654561521e-03 1.329507335158107385e-03 1.321915671677499973e-03 1.318224820902858061e-03 1.312608786479757886e-03 1.308674815966307014e-03 1.305250780703787845e-03 1.301519308775229890e-03 1.303627563299377973e-03 1.309267277984039026e-03 1.313629945975463512e-03 1.329519897872944324e-03 1.375538240543017297e-03
1.398191905319263149e-03 1.515860091508457663e-03 1.494579801036783782e-03 1.474558724044509840e-03 1.472463066674611605e-03 1.473334626187647062e-03 1.475759803701854516e-03 1.473370111528803659e-03 1.473827404856495804e-03 1.467293237747034238e-03 1.463989365907210089e-03 1.460470560198425579e-03 1.457371278042076616e-03 1.448264237568952896e-03 1.440373089322540250e-03 1.443628099468220955e-03 1.450955950289193989e-03 1.453584339442402958e-03 1.474882771168410005e-03 1.511854551608812422e-03
1.564875660317588445e-03 1.632981454411106545e-03 1.602096930305601337e-03 1.572828308986936804e-03 1.562847455746247619e-03 1.560407473549642408e-03 1.560243713546166384e-03 1.560949133111708565e-03 1.564705448270173804e-03 1.560176804236070459e-03 1.558688584376886638e-03 1.555803755350379167e-03 1.552859840058224989e-03 1.541410760472772430e-03 1.531313093076259665e-03 1.532287214291791575e-03 1.538209133976300340e-03 1.539399615585885540e-03 1.555673505995979313e-03 1.549214338508936957e-03
1.625989896520895492e-03 1.650440257038498972e-03 1.635605102846449934e-03 1.618357142273044863e-03 1.603859758605113419e-03 1.592140564687673275e-03 1.587620004406999595e-03 1.586665584540395378e-03 1.590527606214535601e-03 1.589256399011830349e-03 1.592264713977780896e-03 1.595375994674289770e-03 1.592735370053657493e-03 1.582285130297699178e-03 1.571401042917543048e-03 1.568748758971937399e-03 1.572302638836380745e-03 1.564442620402472107e-03 1.576831482691816748e-03 1.559822912756387387e-03
1.617068381819947772e-03 1.660138645661480899e-03 1.663904739711467547e-03 1.656087161693144648e-03 1.631178131113668805e-03 1.610756811541323589e-03 1.606448909729402390e-03 1.599959802575234543e-03 1.602199810907807597e-03 1.600916975061987720e-03 1.608217505153033012e-03 1.613079488324643861e-03 1.610443648423813372e-03 1.602054292401640552e-03 1.588126533731350817e-03 1.583417695955323260e-03 1.583540901035763396e-03 1.577094816719934326e-03 1.584281532638459914e-03 1.599892806707500391e-03
1.606009505852667735e-03 1.688402055945615416e-03 1.688984606785136821e-03 1.687688994180108152e-03 1.661593316334731684e-03 1.642166600274629507e-03 1.633711547236709870e-03 1.616786702027439484e-03 1.610552721195016588e-03 1.601270378848818109e-03 1.603559838941265910e-03 1.598454911032224073e-03 1.589526766527598299e-03 1.580476046797552308e-03 1.562043406722488743e-03 1.548922420955939046e-03 1.545774323650787136e-03 1.537174471506501253e-03 1.535748383359428594e-03 1.547579823862498070e-03
1.699963211333156135e-03 1.789142815567897581e-03 1.782928279321194243e-03 1.767711033847374274e-03 1.738281189013467795e-03 1.714834607578448423e-03 1.708904946119756347e-03 1.684992009035046322e-03 1.664580382389702290e-03 1.653748046368028581e-03 1.650734173084278736e-03 1.640727056128107181e-03 1.628276455542372169e-03 1.618722840507435526e-03 1.602577128478046339e-03 1.593357936349836315e-03 1.600152404623215443e-03 1.604154357170124636e-03 1.600636353915188721e-03 1.558468206418151805e-03
1.758920651818131993e-03 1.844846228741365722e-03 1.827419023829432400e-03 1.789508103460728467e-03 1.756744906839112236e-03 1.731830876308681393e-03 1.726138578927370127e-03 1.694477723693237721e-03 1.674700529616875416e-03 1.669415728817210840e-03 1.667561180466251014e-03 1.654466564841476812e-03 1.643631573498781882e-03 1.635738717291751899e-03 1.625732972016666333e-03 1.626433698699029451e-03 1.646632347349429905e-03 1.672052270381778208e-03 1.685363059028768037e-03 1.627923214865362785e-03
1.765098439823530778e-03 1.857344835587610094e-03 1.827600492971833681e-03 1.787534112421855156e-03 1.755874688905247885e-03 1.738687187939840385e-03 1.736852359404641999e-03 1.695452673514728651e-03 1.674802105844916790e-03 1.672871001839289174e-03 1.675769487005838564e-03 1.660827467560681498e-03 1.654880660549566717e-03 1.657091178794711317e-03 1.648249443673633057e-03 1.662051374206894097e-03 1.692179982233812767e-03 1.725657362558249714e-03 1.753318501193493629e-03 1.720323475807983456e-03
1.808804675564938420e-03 1.885687519956597566e-03 1.833686108148812124e-03 1.805957224451230133e-03 1.785446639984734256e-03 1.776755132828098434e-03 1.775593230299883120e-03 1.737630446331979829e-03 1.711142049585904741e-03 1.709401492395769056e-03 1.713167307013513602e-03 1.703188757785500159e-03 1.708542605387549946e-03 1.720359320495813129e-03 1.709555150970627681e-03 1.734391653738905949e-03 1.772076540240634596e-03 1.800091239746035065e-03 1.816706674567136488e-03 1.775367133603758182e-03
1.877709262602985339e-03 1.925647679477249588e-03 1.843747856183380234e-03 1.827310243804080615e-03 1.820371988941238243e-03 1.822699493654991775e-03 1.826007626448222006e-03 1.805027251030538217e-03 1.774945504666954705e-03 1.771450919734807346e-03 1.774281642887889140e-03 1.778911363718265566e-03 1.787981509739377996e-03 1.801100433168669910e-03 1.778089904511551004e-03 1.796424235795311686e-03 1.836294296626926181e-03 1.841470628137412526e-03 1.840478542719167125e-03 1.797233369291801426e-03
1.974261884379849893e-03 1.991218833889896699e-03 1.895320677562019763e-03 1.874444919307447941e-03 1.859937504664378955e-03 1.867899917423244049e-03 1.866063579556198008e-03 1.859302810441425952e-03 1.834297226580450073e-03 1.829236438272054859e-03 1.832713657167243286e-03 1.836363973654156143e-03 1.841575694964991180e-03 1.849536252360778473e-03 1.834408861783737949e-03 1.841353850511845630e-03 1.880958719034381580e-03 1.887768078136694986e-03 1.877538168393283686e-03 1.848927180139145563e-03
2.090888265460251385e-03 2.086736319153011370e-03 1.986147817794902716e-03 1.960769872983169054e-03 1.936890980580203330e-03 1.944771229592015191e-03 1.936858665099360638e-03 1.934712273298042507e-03 1.909295963597004145e-03 1.903301627678275496e-03 1.893350645983037268e-03 1.888051770497132858e-03 1.888082505567421823e-03 1.887527959456734069e-03 1.879342864750560864e-03 1.875444564479511510e-03 1.904176993820267012e-03 1.925000147595744933e-03 1.949837179160793244e-03 1.991956522660355122e-03
2.124786246367526242e-03 2.160342337662861205e-03 2.080107719553766707e-03 2.056751396902975221e-03 2.029760053610710300e-03 2.035186504879181891e-03 2.030918125240484696e-03 2.029817124500414051e-03 2.012767045696149931e-03 2.003256388093266425e-03 1.979693626883673695e-03 1.964641982129043066e-03 1.963213217962677098e-03 1.952589803637903420e-03 1.951110273749602454e-03 1.952174628030838369e-03 1.982668455858918252e-03 2.005616153191111702e-03 2.062709642269477429e-03 2.124503634166216310e-03
2.140947517552159365e-03 2.193035517753373458e-03 2.160266735257026800e-03 2.153625922183552768e-03 2.134212362751595603e-03 2.135575960603612513e-03 2.138479725156656498e-03 2.134262411851293138e-03 2.120200351879716373e-03 2.113557851178695952e-03 2.081777365459688920e-03 2.066518298716820204e-03 2.066490444823033696e-03 2.048276635307852683e-03 2.041732371113245265e-03 2.047233272049194235e-03 2.080415014970287118e-03 2.109525294397306128e-03 2.156871875834681998e-03 2.147216043249762247e-03
2.213022793679897231e-03 2.250202799124553614e-03 2.255678417630936020e-03 2.269405360843691245e-03 2.247647763627097506e-03 2.249673602254775341e-03 2.256390323854399940e-03 2.249621810203641416e-03 2.243503939108080786e-03 2.253386681872218428e-03 2.238692009105811617e-03 2.233403463626275082e-03 2.234318863264068630e-03 2.227883931277113531e-03 2.228057722367389297e-03 2.236193362654906140e-03 2.272172034571104914e-03 2.316086723955741895e-03 2.342217911213108610e-03 2.262158447488099751e-03
2.324568151319235301e-03 2.409068485126748121e-03 2.406621449148882864e-03 2.436179204060422761e-03 2.412065781173951609e-03 2.405749043423315286e-03 2.420116496011432382e-03 2.414370339336913921e-03 2.412145157993673353e-03 2.430858103020564452e-03 2.429549439522550765e-03 2.429328279567062772e-03 2.442974462490711627e-03 2.447086671952280936e-03 2.446306140522474387e-03 2.452929607683663332e-03 2.492858454695225622e-03 2.547398620790868127e-03 2.580445522638397191e-03 2.422929055889771859e-03
2.396713611182666077e-03 2.591414664529478971e-03 2.587750572596273987e-03 2.606620465060030013e-03 2.597271902438077346e-03 2.585923525521846913e-03 2.607814050754503864e-03 2.589620197129426874e-03 2.577195989956674801e-03 2.589438992840891428e-03 2.605737845721563858e-03 2.594914428559239560e-03 2.615737423138574450e-03 2.624749312565877266e-03 2.614263764690890821e-03 2.607664960409232166e-03 2.634104862336814762e-03 2.694255542144669436e-03 2.734846949338536580e-03 2.551713584378901330e-03
2.422717161733804313e-03 2.730259255425695423e-03 2.713319311451264579e-03 2.697990939242567339e-03 2.678798965914964362e-03 2.653453050612758837e-03 2.662564343635025893e-03 2.628397615713821706e-03 2.610304350404419813e-03 2.628942886738192854e-03 2.651413539601232654e-03 2.641540205994281042e-03 2.660753197085490365e-03 2.674780571775793678e-03 2.670718215883274675e-03 2.682729066975873215e-03 2.716464167935477188e-03 2.767416034994629129e-03 2.815771325698919556e-03 2.650113675305550143e-03
2.483252739812224965e-03 2.761230035057315058e-03 2.738750217958810587e-03 2.705693430951752049e-03 2.676140504121655040e-03 2.642781989187359924e-03 2.624780561177724250e-03 2.589052759249396967e-03 2.574532786347638515e-03 2.591957279944297112e-03 2.617955388562705817e-03 2.606880410475723945e-03 2.627693506369833173e-03 2.648760054580966486e-03 2.660576043306215385e-03 2.703373848525409025e-03 2.751648975602532989e-03 2.790302673400123137e-03 2.841090348912355280e-03 2.695895613512652375e-03
2.573698896534702078e-03 2.761679686038583971e-03 2.724914038855589474e-03 2.697006233667446559e-03 2.660965225814414855e-03 2.613247288637742145e-03 2.574391555795083227e-03 2.525092263631963964e-03 2.504418266693762135e-03 2.510669302791199327e-03 2.531400012758708209e-03 2.519465060702111119e-03 2.525097057682151175e-03 2.545892721156356106e-03 2.565732338327548091e-03 2.621902378498125376e-03 2.674302737123465928e-03 2.707723526105289096e-03 2.769997552875400147e-03 2.613085952718336748e-03
2.601993991744351500e-03 2.705256225120722911e-03 2.668415591730572030e-03 2.639409848126311482e-03 2.606876987141022728e-03 2.551506993817322533e-03 2.503169065064916529e-03 2.446346806579081153e-03 2.424224290302408411e-03 2.409134283328988584e-03 2.422981669611718770e-03 2.403226533793437463e-03 2.383290507542041095e-03 2.397101614207467011e-03 2.407122178884682929e-03 2.441575375255714171e-03 2.477845129887122980e-03 2.501129057970488592e-03 2.588461913565682539e-03 2.538928698757528159e-03
2.505688039585330078e-03 2.587578227347448693e-03 2.552706001697476433e-03 2.513726065364685000e-03 2.476888933058746592e-03 2.429468730793210400e-03 2.382428353385919288e-03 2.322355444852004531e-03 2.287919874279121125e-03 2.264572220725471607e-03 2.266813293555987145e-03 2.241659941097667256e-03 2.211426567168383716e-03 2.223245481972010908e-03 2.226223270787888037e-03 2.236243294182716987e-03 2.261398852311006027e-03 2.272507555235359859e-03 2.385348995478089960e-03 2.429047600201285958e-03
2.383871323854111143e-03 2.502969712953066229e-03 2.456669371154741356e-03 2.385174719724201566e-03 2.336633621230713425e-03 2.277158320519943966e-03 2.231502068566424031e-03 2.181769039446712459e-03 2.143779558082187838e-03 2.118796045606940147e-03 2.110776798514423826e-03 2.092406418258775918e-03 2.070705129162104564e-03 2.078379888842009533e-03 2.074116710647270611e-03 2.075559122529792994e-03 2.096145537144415965e-03 2.096753967965983220e-03 2.212939603888090280e-03 2.243197927738741892e-03
2.354456600326393194e-03 2.497793999350837214e-03 2.424918978081439490e-03 2.329191451742788129e-03 2.257498565176561944e-03 2.160911552351325003e-03 2.101599026023186646e-03 2.053719167620423908e-03 2.020585211987615051e-03 1.990315470929197427e-03 1.980556633518110437e-03 1.956437701212279754e-03 1.950506891120180105e-03 1.953457712568520705e-03 1.942246264984577369e-03 1.931248876730461876e-03 1.950813468010114630e-03 1.959271326537753277e-03 2.051220885187490447e-03 2.043979054832097651e-03
2.370578963294827941e-03 2.492273317444998384e-03 2.392490439754027184e-03 2.274600679242193627e-03 2.183203158671534125e-03 2.075783092732737169e-03 2.015992876852655026e-03 1.961262719935198337e-03 1.921867777348778509e-03 1.887907968701964647e-03 1.874099790538264788e-03 1.839868880262973336e-03 1.837054669408292977e-03 1.833452302403544652e-03 1.820914979421114823e-03 1.809306416660283207e-03 1.821419041625798197e-03 1.845695665548803413e-03 1.913625451685206560e-03 1.875700079883027603e-03
2.306844937436824516e-03 2.400861818215490814e-03 2.294806684069186208e-03 2.191260053521142375e-03 2.115966949619655420e-03 2.023241535519531772e-03 1.980461128459352297e-03 1.930566939759460017e-03 1.886312300581009533e-03 1.853115133607906653e-03 1.830206512471838640e-03 1.797220179127805668e-03 1.784410966909305172e-03 1.777257632813390850e-03 1.765034213684385251e-03 1.751454572109236232e-03 1.748150916552382349e-03 1.766532326136334213e-03 1.795735993386449614e-03 1.752042065098972316e-03
2.192276832409593458e-03 2.313500251159440052e-03 2.234601318556136886e-03 2.159286026339990797e-03 2.089552872979470993e-03 2.019642107323260834e-03 1.988819865313270433e-03 1.943983391877949184e-03 1.902754793500662086e-03 1.865932752395762931e-03 1.838449438539713253e-03 1.813467557191569173e-03 1.790400112665400814e-03 1.784302741212741555e-03 1.773056340739384042e-03 1.754928078363319956e-03 1.753949932979508193e-03 1.765551671403863248e-03 1.771380602594066576e-03 1.679754367473216452e-03
2.071243272729650017e-03 2.311265916533336053e-03 2.288613148309617731e-03 2.242083682725476163e-03 2.165655286535378161e-03 2.107470920342735358e-03 2.073224149535777671e-03 2.025684925338804097e-03 1.986945877307506967e-03 1.949791628845017923e-03 1.929457334040592153e-03 1.912156242837116660e-03 1.890402768780658502e-03 1.887857082743092055e-03 1.880101478644398329e-03 1.857391598541195026e-03 1.853216896368279926e-03 1.851823041257879979e-03 1.848255201521782154e-03 1.736217074963121183e-03
2.136932637336189274e-03 2.466218662206069983e-03 2.486039692878554228e-03 2.447487362062422938e-03 2.369111746464296325e-03 2.314042496969871167e-03 2.282605006392546265e-03 2.226820827123810430e-03 2.191300530106364813e-03 2.158754479377042543e-03 2.145992098495750830e-03 2.128098420984082806e-03 2.104235688218236179e-03 2.101196797566134283e-03 2.079217522804874436e-03 2.042112682332523823e-03 2.019588561391815959e-03 1.990048280061869866e-03 1.959791532939822271e-03 1.818868897097593654e-03
2.464712533611979669e-03 2.758155403333466434e-03 2.774167644500275757e-03 2.719893319756602843e-03 2.636916110790375137e-03 2.574837811665587565e-03 2.549632773676833997e-03 2.489471406925569674e-03 2.459756555507264762e-03 2.431723050401605416e-03 2.415571963859108016e-03 2.386418635092792118e-03 2.361826483300930989e-03 2.358996323892614908e-03 2.319709696911995220e-03 2.270375960581047254e-03 2.228432943877240498e-03 2.178361479616625247e-03 2.129094797218965100e-03 1.928200575417711882e-03
2.919058089383617244e-03 3.091950474291148450e-03 3.082800335912211798e-03 2.995502127228354735e-03 2.905078219671814333e-03 2.840889536621795698e-03 2.815439629335039252e-03 2.755457138257599598e-03 2.728340269440228914e-03 2.692703632208679355e-03 2.670685146632915345e-03 2.632274755998664697e-03 2.607618883390236311e-03 2.606640297819847255e-03 2.572644138945101751e-03 2.537653625081651761e-03 2.499107174816733983e-03 2.479635376671450540e-03 2.477540753572443459e-03 2.279236818309339149e-03
3.315117297424333229e-03 3.407029171216094908e-03 3.383673754143525642e-03 3.260578269284312818e-03 3.155539494362653418e-03 3.092606933705362073e-03 3.061444955032240327e-03 3.010896169199567003e-03 2.980132379114410358e-03 2.944958075590446353e-03 2.924037901056673276e-03 2.891472061526206838e-03 2.867547461235178327e-03 2.865893582391659637e-03 2.846295856788497777e-03 2.830808280877645123e-03 2.810448542981519669e-03 2.824413984051967526e-03 2.864991889204951316e-03 2.870342889948036824e-03
3.522316445619647247e-03 3.610411385030513117e-03 3.581660588559954644e-03 3.457379434740098529e-03 3.358922814034314645e-03 3.300682592276740768e-03 3.268455113647061785e-03 3.229711059954464263e-03 3.202680714337205990e-03 3.174077082585470121e-03 3.153732353420840139e-03 3.123125982856019261e-03 3.093153093133785368e-03 3.083465631598755145e-03 3.064884622633202299e-03 3.051531145615347593e-03 3.043446241091835296e-03 3.058879093988212203e-03 3.107312978684103472e-03 3.328850906221852719e-03
3.635249728845648450e-03 3.737054556626092077e-03 3.683416066066153537e-03 3.574051005380035357e-03 3.499817355277931325e-03 3.456918222143644422e-03 3.431717626300236860e-03 3.395992163649561805e-03 3.387565314902871074e-03 3.362190660779381009e-03 3.334120097039520829e-03 3.291305186658353282e-03 3.244243271213395011e-03 3.210559258104948421e-03 3.180683724623041813e-03 3.143540976495839707e-03 3.125245268148518600e-03 3.109180064677178994e-03 3.153645292568073993e-03 3.398081716027488881e-03
3.604251836544631899e-03 3.867250530248371281e-03 3.780309412352693584e-03 3.675213361201553133e-03 3.593372742727410016e-03 3.558321296192026341e-03 3.535086761071025863e-03 3.505213913620300586e-03 3.499266898040747243e-03 3.474760913490648924e-03 3.430219945302992544e-03 3.374891492210790444e-03 3.319377032856276818e-03 3.267229027419208797e-03 3.223735992586523099e-03 3.154840464925467384e-03 3.114988364520706980e-03 3.073538657144191718e-03 3.074516088808552754e-03 3.124086896614614028e-03
3.416617005778282198e-03 3.883388147988389976e-03 3.834615491514982780e-03 3.734592021090232111e-03 3.640889119576284656e-03 3.610569753721220524e-03 3.582555445438038305e-03 3.548589272276006425e-03 3.524734265201336439e-03 3.475531902031103043e-03 3.421655282815755632e-03 3.348518467638712456e-03 3.301566265132945682e-03 3.249710576393653565e-03 3.204970777617291433e-03 3.124647877903197115e-03 3.070038431872560911e-03 3.033104234278267367e-03 2.972906423296341975e-03 2.822188862844384263e-03
3.274321443889231537e-03 3.825064394424088857e-03 3.828699027355744484e-03 3.732160800855910225e-03 3.648339725546031250e-03 3.616071123969286441e-03 3.571746536715602726e-03 3.524789489258873393e-03 3.490335128631856260e-03 3.418581990966721839e-03 3.356582745766344394e-03 3.272514856572296404e-03 3.232391492152497398e-03 3.185445768773321334e-03 3.138605724843420135e-03 3.069329110702498364e-03 3.010183239342975603e-03 2.985510176344089751e-03 2.875191513542871887e-03 2.613789902371539079e-03
3.209166247290228934e-03 3.756793792318714569e-03 3.760559957139623759e-03 3.655726596730085251e-03 3.587049376880616699e-03 3.546295193336574270e-03 3.491974784215588420e-03 3.435168414074876112e-03 3.403949858345855627e-03 3.325481716586992792e-03 3.265887899214354323e-03 3.180474406481948336e-03 3.147573728357501779e-03 3.106469248272385013e-03 3.058430562585025877e-03 3.001993660435431279e-03 2.945618635833160536e-03 2.921852738753663668e-03 2.792198374450437313e-03 2.440555319312063404e-03
3.154429895750890389e-03 3.676292071678781675e-03 3.634507394189902870e-03 3.501128941938507714e-03 3.424358683126281847e-03 3.369437841415277163e-03 3.313526668386502193e-03 3.264249340435505190e-03 3.237703309825134927e-03 3.170706802598512522e-03 3.115412473725227144e-03 3.033542515116659146e-03 3.015128221834740413e-03 2.984677520973742261e-03 2.950063643890001811e-03 2.898900782840220427e-03 2.859501364825118002e-03 2.831039576432255699e-03 2.689238519515334443e-03 2.298792660422132803e-03
3.030176523471709432e-03 3.416345113724487612e-03 3.326485372001697360e-03 3.206647483166322893e-03 3.129994657997973041e-03 3.079748213725596023e-03 3.031289951098736606e-03 3.002727039507636052e-03 2.987970404982576069e-03 2.947665339125900893e-03 2.893581314530883214e-03 2.822189932370416671e-03 2.814977278006724603e-03 2.799570240907374268e-03 2.778854570473699402e-03 2.732444657655760684e-03 2.708455695796187831e-03 2.677117645116074401e-03 2.590770595243272259e-03 2.283651112543257523e-03
2.716607746579428710e-03 2.911446729109108851e-03 2.835357268550876570e-03 2.750711050748465628e-03 2.687616602085373188e-03 2.649205128374027950e-03 2.617927382481598404e-03 2.593005631249528133e-03 2.586837054909054117e-03 2.563936549040465168e-03 2.518370362320550542e-03 2.460098056613357637e-03 2.454333331054674074e-03 2.446725452622370862e-03 2.430398991801376116e-03 2.403603339163443674e-03 2.391569317051819334e-03 2.365850651208009896e-03 2.337746291108310122e-03 2.165299943401645735e-03
2.379910264549494128e-03 2.501476193373324171e-03 2.445916080620467569e-03 2.363235688087370490e-03 2.302698741347387716e-03 2.263907639593016469e-03 2.227029456400539051e-03 2.186197251261179798e-03 2.171228404863915270e-03 2.144452108688502893e-03 2.110376933038629176e-03 2.076686765530399385e-03 2.066139263184777180e-03 2.062873545980057829e-03 2.047222596331112546e-03 2.036897866835381873e-03 2.037215795879201725e-03 2.004054433559080903e-03 1.976854067458564020e-03 1.910179755112055913e-03
1.888186201581120100e-03 2.031655458148243568e-03 2.029244464400628122e-03 1.981556709179633623e-03 1.926183989710062751e-03 1.885632413948545296e-03 1.860539638482740883e-03 1.823408896171391539e-03 1.805672672631104814e-03 1.785195055982918442e-03 1.766903935482184345e-03 1.753140098247923072e-03 1.737325028560840175e-03 1.723388039253525086e-03 1.712006935294022210e-03 1.711072887577943548e-03 1.706246414264466502e-03 1.677426654545170542e-03 1.625508195879454918e-03 1.558129907390168323e-03
1.638577061630359672e-03 1.698881634532505274e-03 1.707123579573453743e-03 1.691688749888429566e-03 1.675609002754305243e-03 1.667722111990992172e-03 1.631181325086681743e-03 1.601924985567107105e-03 1.588044594293711292e-03 1.574931057814366910e-03 1.557294066643995526e-03 1.544594578381691544e-03 1.539883333801039681e-03 1.524508522971076106e-03 1.523697351765484652e-03 1.531549335809296057e-03 1.554671498535171352e-03 1.576725896082085661e-03 1.603595236925929157e-03 1.552074720295723315e-03
1.708301145349722019e-03 1.706658705836355079e-03 1.700227278507541366e-03 1.701557045608556888e-03 1.681835152842947080e-03 1.672002149427794480e-03 1.651410239085675810e-03 1.643861898119586881e-03 1.649946169076508878e-03 1.648446697693617749e-03 1.658059765212483144e-03 1.636963401913118848e-03 1.629490765161840287e-03 1.644035517443484182e-03 1.649764976753672480e-03 1.639291383670117130e-03 1.639605633307480602e-03 1.644057236723219569e-03 1.679288547539983106e-03 1.560795410836018221e-03
2.141588160339377017e-03 2.017891275707650242e-03 1.914254527998806785e-03 1.859298861204069760e-03 1.846549327471758541e-03 1.831339260923167157e-03 1.833110598539125806e-03 1.849542481761191730e-03 1.854115200135153388e-03 1.860928532054585043e-03 1.881130265946523005e-03 1.892833369954550083e-03 1.900254146532326729e-03 1.916732835408079720e-03 1.927774247099080501e-03 1.958088083845472421e-03 1.986998528861531627e-03 2.043280992231261313e-03 2.125204543162854433e-03 2.252565826657417641e-03
