0.000000000000000000e+00 0.000000000000000000e+00 0.000000000000000000e+00 0.000000000000000000e+00 0.000000000000000000e+00 0.000000000000000000e+00 4.016362772820153508e-284 1.381077407518737198e-148 1.280119153952830576e-64 1.620458620108882674e-08 5.004097593979357555e-04 7.214908243931714544e-47 2.914224183790832478e-88 7.974909572048884932e-173 2.117829140165545575e-308 0.000000000000000000e+00 0.000000000000000000e+00 0.000000000000000000e+00 0.000000000000000000e+00 0.000000000000000000e+00
0.000000000000000000e+00 0.000000000000000000e+00 0.000000000000000000e+00 0.000000000000000000e+00 0.000000000000000000e+00 0.000000000000000000e+00 7.626758633307436102e-225 9.802582244963116664e-120 6.468063921336172196e-55 3.722323672887395313e-08 1.732648631022240190e-02 2.909506948485668142e-33 1.413581032873978447e-58 2.108140106905183474e-114 8.755747407461620213e-207 0.000000000000000000e+00 0.000000000000000000e+00 0.000000000000000000e+00 0.000000000000000000e+00 0.000000000000000000e+00
0.000000000000000000e+00 0.000000000000000000e+00 0.000000000000000000e+00 0.000000000000000000e+00 0.000000000000000000e+00 0.000000000000000000e+00 2.358401691897351607e-196 3.797586837791407704e-106 7.616290712127711033e-51 2.512943526779424664e-08 1.036126908236902622e-01 4.319402275129104589e-26 6.217048516704816587e-44 5.589660508111538911e-86 1.208805187416946391e-157 3.693088375572982180e-284 0.000000000000000000e+00 0.000000000000000000e+00 0.000000000000000000e+00 0.000000000000000000e+00
0.000000000000000000e+00 0.000000000000000000e+00 0.000000000000000000e+00 0.000000000000000000e+00 0.000000000000000000e+00 0.000000000000000000e+00 1.141426954014660474e-180 1.117549116258582614e-98 1.170911530644398964e-48 1.866749615218454379e-08 2.405598100973858344e-01 2.842370104567487471e-22 3.416451103078413897e-36 4.784302362135405232e-71 9.451705044323780631e-132 3.640786928849735656e-239 0.000000000000000000e+00 0.000000000000000000e+00 0.000000000000000000e+00 0.000000000000000000e+00
0.000000000000000000e+00 0.000000000000000000e+00 0.000000000000000000e+00 0.000000000000000000e+00 0.000000000000000000e+00 2.669348205951805845e-299 1.002690521242406471e-170 5.095627602983606045e-94 2.509475100758627091e-47 1.516492253903315152e-08 3.831130048835676982e-01 5.703493976656909221e-20 1.635210380618687322e-31 4.791731603296124025e-62 3.903517374201852764e-116 1.207057759482710542e-211 0.000000000000000000e+00 0.000000000000000000e+00 0.000000000000000000e+00 0.000000000000000000e+00
0.000000000000000000e+00 0.000000000000000000e+00 0.000000000000000000e+00 0.000000000000000000e+00 0.000000000000000000e+00 1.449812112390945609e-287 4.749657939695073919e-164 7.978649635162129276e-91 1.840415302292072817e-46 1.275230830135198500e-08 5.084290680611012192e-01 1.861688613720678660e-18 2.032312546090505219e-28 4.254205613057269237e-56 9.941900311743665988e-106 3.668508811036351982e-193 4.028008968043634020e-294 0.000000000000000000e+00 0.000000000000000000e+00 0.000000000000000000e+00
0.000000000000000000e+00 0.000000000000000000e+00 0.000000000000000000e+00 0.000000000000000000e+00 0.000000000000000000e+00 2.743411822755022379e-279 3.624233038853139375e-159 1.519801026746386197e-88 7.192390203622452714e-46 1.097221031820153675e-08 6.243901018717650242e-01 2.757155280002769745e-17 4.373580176672286301e-26 9.889387112251271604e-52 3.987508003622878588e-98 1.385444279656108694e-179 8.455924467286954289e-272 0.000000000000000000e+00 0.000000000000000000e+00 0.000000000000000000e+00
0.000000000000000000e+00 0.000000000000000000e+00 0.000000000000000000e+00 0.000000000000000000e+00 0.000000000000000000e+00 4.799940632315281089e-273 1.817537421147834334e-155 6.942950888597454334e-87 1.599270666081784513e-45 8.595866398589495035e-09 7.383183761280589508e-01 2.585773569056997406e-16 3.413902308199692469e-24 3.201452890632370329e-48 6.810167235528493520e-92 2.098133003290622485e-168 1.530040111647008232e-253 0.000000000000000000e+00 0.000000000000000000e+00 0.000000000000000000e+00
0.000000000000000000e+00 0.000000000000000000e+00 0.000000000000000000e+00 0.000000000000000000e+00 0.000000000000000000e+00 4.063950645170060443e-268 1.816123359242290845e-152 1.208770178440940237e-85 2.493705422695687666e-45 5.825327609142387503e-09 8.717695602266050114e-01 2.363208866732078819e-15 1.979073871155348996e-22 3.453527349516847334e-45 2.187990644015121099e-86 2.123437629425499252e-158 5.268905153792616447e-237 0.000000000000000000e+00 0.000000000000000000e+00 0.000000000000000000e+00
0.000000000000000000e+00 0.000000000000000000e+00 0.000000000000000000e+00 0.000000000000000000e+00 0.000000000000000000e+00 1.057278034087797919e-263 1.072267547467133317e-149 1.088835623756207166e-84 2.500051461638021922e-45 3.450681648952523849e-09 9.777447532330494351e-01 2.835943250561099698e-14 1.270940336649913814e-20 3.704110155050171710e-42 6.641595537554110532e-81 3.069309691480475363e-148 1.616415521791972967e-220 0.000000000000000000e+00 0.000000000000000000e+00 0.000000000000000000e+00
0.000000000000000000e+00 0.000000000000000000e+00 0.000000000000000000e+00 0.000000000000000000e+00 0.000000000000000000e+00 3.347177867122731524e-259 7.274295616935955215e-147 7.209661992984798156e-84 2.061252193954879213e-45 1.661463922194901688e-09 7.972347567445037253e-01 4.278437944079624424e-13 1.063445923538924850e-18 6.065955313125615282e-39 5.609697643127027517e-75 1.779360473077459400e-137 4.181053583672419758e-203 0.000000000000000000e+00 0.000000000000000000e+00 0.000000000000000000e+00
0.000000000000000000e+00 0.000000000000000000e+00 0.000000000000000000e+00 0.000000000000000000e+00 0.000000000000000000e+00 2.325495836420531929e-254 8.040218179046287618e-144 6.117744623089993870e-83 1.721835925648987086e-45 6.981841754809553260e-10 6.038950839773000734e-01 8.552415710945097926e-12 1.393555514626581131e-16 2.126629262348728203e-35 1.863842360057947639e-68 3.051255846748938176e-125 9.775963638325685238e-184 4.114675761589758384e-289 7.140118651930598654e-299 0.000000000000000000e+00
0.000000000000000000e+00 0.000000000000000000e+00 0.000000000000000000e+00 0.000000000000000000e+00 0.000000000000000000e+00 1.583603208909556273e-248 2.734607948737184955e-140 8.852705482979274855e-82 1.392101416508293067e-45 2.333096812066775482e-10 3.950345987123855540e-01 2.822749541650403182e-10 3.791905486194531269e-14 2.753836493118408589e-31 4.317254405859666715e-61 1.440855527500477804e-111 8.926102439142196808e-162 5.951485266016543422e-253 3.188429359952980729e-246 0.000000000000000000e+00
0.000000000000000000e+00 0.000000000000000000e+00 0.000000000000000000e+00 0.000000000000000000e+00 0.000000000000000000e+00 4.641900990784343428e-241 8.858694430576160692e-136 4.305020404677508028e-80 1.459477338441681428e-45 6.780224253678165860e-11 2.066064232088958563e-01 1.464123086924611406e-08 2.209133161270871029e-11 1.856490516021922613e-26 1.815083480927068415e-52 4.766021453360718129e-96 4.743872478304141820e-137 3.077216826328582278e-212 2.027269199892441614e-189 1.564307807871085369e-290
0.000000000000000000e+00 0.000000000000000000e+00 0.000000000000000000e+00 0.000000000000000000e+00 0.000000000000000000e+00 1.220727586078204844e-230 4.125953537435715550e-130 1.112367022007175485e-77 1.673870467800002392e-45 1.096591595411711527e-11 7.002814696157982910e-02 1.272070318568331549e-06 2.533048169071479393e-08 6.601994310814888361e-21 2.480882389892641513e-42 1.436294184646314696e-78 1.297017151894667015e-109 4.301507603703632096e-167 1.889752097188379576e-130 3.956582562060527766e-166
0.000000000000000000e+00 0.000000000000000000e+00 0.000000000000000000e+00 0.000000000000000000e+00 1.344862245298583530e-293 3.011934965233283249e-216 1.054008241262075095e-122 1.031860433936156973e-74 1.286596770412738886e-45 6.474467369995596347e-13 1.108748593714537975e-02 1.499387088016486272e-04 3.698950629095510442e-05 8.580853462133072749e-15 4.857828922561581499e-31 3.303271149190654799e-59 1.093445104000092931e-79 2.389900790438231877e-119 7.981808335372372515e-74 1.146813635960431182e-63
1.448548065081054858e-285 0.000000000000000000e+00 0.000000000000000000e+00 0.000000000000000000e+00 4.727822202141480925e-260 2.371359783334326844e-196 1.767154038836872753e-112 1.148837047016896359e-70 1.137206051380536729e-45 1.408555218224524554e-14 5.676124531650249272e-04 1.439372684379497565e-02 2.066639517059852549e-02 1.473211474420708561e-08 2.195521593363619830e-19 7.580542508536453360e-39 3.430186619937736266e-49 3.636945142608037044e-71 1.435958533524077834e-26 1.193530080191097942e-05
2.013813544236440405e-28 1.877545458316273409e-188 0.000000000000000000e+00 0.000000000000000000e+00 7.690549520995091272e-217 9.412271276544991880e-170 3.355101181988293719e-98 2.579845694467273181e-64 1.064456504379331825e-44 3.184810870915205279e-16 7.606355011502422774e-06 3.876968476864379731e-01 9.440780631891423358e-01 2.810014599138743827e-03 8.892552424424560861e-09 9.907610617207863399e-20 3.699872539364416987e-22 1.296603232789179901e-29 8.122863789514027377e-02 1.196938224939054850e-22
2.367181676806750613e-47 1.048243175375431383e-80 7.277119464619352996e-276 6.378650862415079314e-267 4.405344054873095950e-166 2.433402955540814098e-136 3.261108790596156046e-79 1.553082294640373528e-54 6.915209866338650534e-42 2.379181372073807739e-17 3.253124436341572760e-08 3.855393156394116838e-01 1.016894543727458848e-02 8.247941437652587249e-01 6.281125061918579888e-02 1.293357746320900985e-05 2.147172964745494572e-04 2.504032129832298018e-04 3.908701484704981029e-17 2.025174708130002627e-142
0.000000000000000000e+00 1.155334601516416965e-14 3.358527211814663537e-170 1.083693879324970686e-188 2.673305721174255726e-114 1.418197511862956983e-99 3.420326985103651887e-57 5.756845836811947489e-42 1.004921173585005989e-36 2.511004375514553734e-17 2.368469335853782147e-10 9.244949553481490376e-03 8.502240924215379569e-08 2.051909652932414497e-04 1.242212981829855616e-02 3.130853125503399448e-01 3.029740448154439290e-03 1.155147593865209342e-06 1.201849840854174358e-83 0.000000000000000000e+00
0.000000000000000000e+00 3.736220146080781291e-05 1.749256071244713342e-83 3.255414976286233783e-118 2.896875548129122445e-69 9.409401691842389665e-65 6.051840823405253261e-36 1.638712336903008783e-28 7.535956385510293841e-30 9.934455293523785430e-16 1.684122833983483559e-11 4.032109517759683112e-05 1.480210478652242738e-15 5.030747013145405288e-13 2.711501228096972097e-12 2.116927472728137082e-11 3.080519416938606162e-23 3.178015349403006386e-43 4.024354837958386001e-203 0.000000000000000000e+00
0.000000000000000000e+00 6.454237772356356566e-53 7.993081988859556124e-29 5.129717359042874957e-65 1.050478842013056610e-35 2.264720811930271981e-36 5.929799174159669083e-19 5.567704474931692447e-16 2.863212508162707674e-21 2.185580847983833437e-12 5.835638290619836992e-11 2.731056681060176585e-07 1.798375985365238213e-24 3.230998450149350200e-25 9.025186620756755042e-29 6.170849933171227949e-34 1.188003772564340769e-61 2.612095528386455556e-109 0.000000000000000000e+00 0.000000000000000000e+00
0.000000000000000000e+00 1.184543941312346971e-131 3.487640322202073068e-05 4.024708052809882443e-31 2.447404098392932901e-15 1.230953523106197763e-18 3.341961555204043936e-08 6.149220382856191237e-07 1.251201622783207343e-12 2.492218132653615884e-08 3.867365640967990814e-09 4.270364464338678016e-08 1.604858354847495752e-31 1.595291990200469454e-36 1.654453111022377013e-46 4.655493431720327724e-62 7.100917825809358531e-109 5.084076217927513964e-186 0.000000000000000000e+00 0.000000000000000000e+00
0.000000000000000000e+00 5.118111865041559745e-201 4.568657121629812190e-01 1.149589180014765070e-15 1.990374458031576038e-06 3.972648973184440724e-10 2.954834606172529205e-03 1.714785893571857747e-02 5.066666874335873156e-06 1.923741576236794742e-04 4.420511076977304300e-06 1.220326439178237830e-06 7.022703594103545220e-33 6.858813146757711438e-41 9.294712539730427631e-57 2.790937445213987594e-84 2.884690454989412517e-150 9.392767566296613536e-250 0.000000000000000000e+00 0.000000000000000000e+00
0.000000000000000000e+00 8.497561080304356570e-225 6.513869964977735995e-03 4.520847195783578969e-12 3.807948861025072331e-04 1.143376384483067175e-07 8.834903425190421267e-02 5.114573933169876963e-01 8.582502722825541275e-03 4.315903652623639258e-02 3.913077294660585910e-03 3.515873702420783085e-04 1.250755553497881823e-27 1.778212800731993165e-36 1.928745667130031545e-54 3.688230222069267536e-89 1.786596458902523619e-168 8.832274431731884291e-280 0.000000000000000000e+00 0.000000000000000000e+00
0.000000000000000000e+00 6.938202247557935825e-155 8.631613207260231402e-01 4.209472817305468517e-22 3.292189350898671953e-09 2.951356461301358879e-10 1.316268900628977667e-01 6.000878392829076535e-01 4.486773530183132408e-01 9.532405301132402808e-01 8.121777517127999335e-01 9.691772444485229343e-01 1.346437687870693099e-11 3.923220618609169904e-18 4.586286095140806844e-32 8.560991410693919702e-64 1.980076164452709421e-140 3.647832260610260586e-222 0.000000000000000000e+00 0.000000000000000000e+00
1.758798852141577675e-11 5.736562544920429545e-07 1.047983980783532229e-48 2.939676372438550899e-106 1.410906455912623759e-72 1.666248676318350914e-57 1.160156487358006724e-23 5.970069294817409501e-09 1.843408126780787287e-07 3.414082887777468867e-03 1.624362012818623968e-01 3.842360064850805241e-04 8.423654581070352254e-01 3.172997508230934738e-01 2.480372151584490925e-01 5.593143683001808829e-03 9.124425039924737885e-15 6.098501228792925840e-22 7.141421315410789761e-79 0.000000000000000000e+00
5.926933622309955789e-19 5.913980134119366846e-14 9.972026199238662629e-106 3.260738641011162887e-178 2.345698255714248891e-158 3.452381210966811647e-129 6.053686091310888244e-81 2.821489323643578239e-52 8.688743107794579060e-45 7.146676962377613110e-26 2.318464967118742911e-05 4.757682099211015814e-01 4.991334536892642060e-01 3.130509961429920338e-05 2.624830962783639577e-04 5.912069667875071042e-10 3.759095833841438463e-07 1.133851962126287319e-16 6.867012906715596077e-11 6.796929693064489964e-11
3.970515544590316748e-02 1.440821294558102038e-40 6.026692936825708049e-117 1.729226127276358050e-197 5.520537625278165493e-195 4.759746214793948300e-168 1.091619023876912885e-119 5.834029329134247734e-97 8.480099446564801326e-82 1.090810168937090523e-51 9.547057462539917416e-18 7.000536965783399346e-02 7.523090575909070488e-01 1.101987464134133408e-04 3.173090736721364191e-06 9.799645296000728873e-22 8.930807393519881501e-36 7.655802180781933952e-82 6.279727392286571188e-94 1.177036010631886796e-48
1.641675958358254942e-03 6.385045038201807935e-96 2.440977634249207428e-140 6.468764068889576996e-195 8.841089386830426873e-177 2.774554954730771875e-149 1.368319399252865737e-108 1.747415580783253803e-99 8.172562009685631021e-79 3.508168085879220307e-53 2.225422986128458477e-21 3.548482310831965053e-02 8.930120116796667062e-01 1.538596524118214444e-05 9.044926662707024698e-08 7.390476141185304746e-30 1.350856079503015397e-61 5.433615838073264770e-139 5.085458868981853916e-183 4.620752339497152197e-147
1.779200783936310900e-42 1.811131215282375213e-116 5.198608465843525855e-119 1.947445668954805184e-134 8.272862371688900015e-103 7.082452916075143846e-79 2.162831381290159027e-54 2.156874065047458022e-56 2.797290354871272737e-48 2.105677592785851094e-34 2.692904722134544600e-21 5.173174246038406338e-05 1.722449262363935085e-01 3.527796431167534025e-02 7.663988873062463347e-02 1.592059678521379103e-13 1.027532880420287631e-33 9.364403302262763121e-114 5.448424344433211812e-181 4.129724265545293192e-229
1.504116965608485437e-283 3.149554381378697815e-40 4.636771158652936420e-32 2.836378669514437325e-34 1.037101527612641189e-24 2.044574309507557276e-17 5.859813464478605351e-12 7.292882988648560914e-21 6.225141060527890114e-24 1.811429971298610330e-24 1.799271558642908719e-32 2.991638590136217064e-20 4.281100877635928257e-12 3.069856454762360078e-04 1.999547409633530398e-08 5.194639673858445633e-02 2.503262773227596938e-01 1.624102436202315772e-32 7.084106552288914198e-97 1.147949729014222967e-236
0.000000000000000000e+00 4.435600412236150429e-08 2.695977964285801945e-11 1.146314185866502151e-03 1.652561926655845836e-01 8.321726216338113380e-01 7.924901385389084840e-01 3.671151839940185258e-08 2.775255790559246594e-20 7.925735145308156170e-33 3.727571199082023797e-58 9.503275292232542255e-53 1.933468833429440114e-39 2.265515695431326866e-22 2.146587851670800842e-32 9.179982253539435690e-29 2.061471614176069026e-20 3.144037161438140715e-01 2.922544001984532548e-35 4.944218224260695969e-146
0.000000000000000000e+00 4.063081437127971389e-136 1.302664687076266052e-112 4.642878156225224501e-40 1.418218719511382370e-10 7.164063346203638966e-06 3.099347105776701137e-05 1.001118595610148582e-04 8.352156763824527231e-19 4.871523227549088223e-35 1.540681735777070333e-61 4.022108382863767325e-61 8.441181921497830834e-41 1.760442798068970310e-28 9.557278261633356870e-42 8.177433252159179174e-51 5.959985212230488679e-36 5.710162931994694464e-05 1.587905720420933755e-11 6.549535549175643957e-62
0.000000000000000000e+00 5.821629048362691158e-284 5.607864640327114379e-179 3.263734272035143947e-57 1.033607673765017813e-15 1.417451516073927729e-08 5.164247931094875687e-07 2.407299891477929893e-04 8.292861619504758078e-17 9.969264303373034887e-31 9.840210699766132170e-51 6.487565954111800066e-46 3.817991530997964172e-25 8.935091962464715679e-17 1.609287416966122939e-28 1.071753552053781738e-40 5.070293950518015434e-25 2.402217639134954529e-08 7.149048594980749183e-01 3.591996505594429465e-04
0.000000000000000000e+00 0.000000000000000000e+00 3.568398690489340378e-179 8.681949467822146035e-41 1.096102306477801396e-14 8.256824092067520830e-09 1.142753352694295821e-04 1.005645835429281220e-05 2.948807960852099249e-14 2.278215578228635573e-27 9.403398797622281100e-42 8.546757165294680209e-31 1.917313891753622424e-13 2.672156592113823963e-06 6.130811389069315142e-10 4.999674883552855509e-12 7.427644002699614143e-04 4.989149305791573674e-02 1.510843089495657043e-01 2.258843229080635084e-85
0.000000000000000000e+00 0.000000000000000000e+00 2.809812534269829984e-142 1.965326632687024197e-29 4.619224988436188210e-15 4.147327782503681454e-10 5.765552814120757964e-04 4.222828961366835020e-05 1.404799988916080733e-07 4.956453800013992106e-19 4.917023174960001788e-28 3.614685746832410828e-16 1.194020391650291317e-07 1.115669086194910446e-02 2.055773700140289123e-02 7.257493208913969041e-02 7.489843804560045171e-02 1.196360495910537419e-01 1.695019284825876327e-01 4.834169989565067521e-89
3.799488878814433561e-280 1.232993519460365540e-234 1.329358559300393598e-91 7.762060175010512545e-27 2.649494168009954587e-18 6.208755081520234695e-13 4.947879879989021984e-06 3.019516539661558710e-02 2.750896688467506790e-01 2.749508376803190939e-06 5.980207760014219409e-13 1.793687119114844321e-07 4.066995682411314635e-07 2.245291906350443015e-05 1.134893459647513640e-02 2.539988681877944007e-02 5.327358521386019730e-01 1.356195741487129479e-02 5.480159128052760620e-01 8.275771018751451697e-27
1.684295680272452405e-148 8.361373417398425746e-84 1.386643702567363428e-31 5.581887339662082709e-16 5.885230379973361722e-18 2.556175485261155336e-13 4.635422479183891520e-07 2.048942185776920499e-01 4.905551405080691429e-01 1.152489141453226229e-01 2.419887264065259013e-05 1.576775701470086929e-02 1.316669059611266031e-05 2.736865535079658572e-10 1.079273919418709486e-06 1.708409499716764646e-06 1.138525407750255562e-02 3.704364253251467894e-03 2.545767028012755468e-05 4.271886608617379497e-04
3.496561093930554108e-76 2.463758421087978897e-21 8.410783719865821332e-07 6.079185744916560081e-08 3.842327114353253124e-11 4.410396444166033775e-07 9.764789162190411209e-02 1.095664005240289205e-03 1.292328643131061827e-01 8.921107872461760124e-03 1.151004101426932713e-07 6.017927311466925476e-05 8.825560945050411534e-10 2.741219655311414940e-21 1.182585084868874841e-13 1.462153487513793895e-09 8.451684957324465466e-03 4.902932826942309223e-09 8.682917981668888524e-29 4.897690340187884502e-51
1.060408169042456438e-95 4.073138057258736833e-04 6.897287349427618786e-01 3.239841215671441350e-04 4.521896261523960766e-06 1.047401148413886623e-02 1.214028955970135881e-01 3.846246145934549145e-07 1.691280118604292758e-05 2.998667473592839037e-07 2.036722057278668171e-19 5.237477382394873401e-22 3.494992085129633699e-26 1.697402951746298522e-41 1.176033067018313426e-25 3.968367974768012378e-15 4.741353913274530887e-03 5.335881832880297586e-13 2.186031348424148319e-41 1.218917687182089812e-97
9.896674464547267144e-54 8.673812508141542921e-01 1.516196101986536371e-01 4.506405707353011714e-02 1.645135151841446361e-03 2.122780133736423824e-01 7.098409915761046129e-02 3.782448270484822140e-06 1.122090836276656869e-06 8.751512605828707772e-11 4.264877678900996249e-26 1.970681984991651818e-41 7.083604292671403934e-45 2.541886271410131079e-52 6.011191563214379273e-31 6.326876503299697824e-18 1.110433587143407480e-01 5.634533420616741561e-15 1.496687120800720071e-37 7.082618486720117560e-46
8.653723820512618237e-03 9.612593182217938903e-01 7.563373777071737136e-02 4.958317130594682050e-05 2.674499941733112706e-10 1.010478691907555099e-05 5.324242667526260693e-03 9.629885215008444632e-01 8.206169894973730505e-02 1.216705548492448122e-05 3.433742326092485811e-16 6.575876046776894501e-40 3.204952466132303548e-49 3.152910020030230403e-60 5.290549394905241073e-46 1.676016559628230118e-32 1.185815713101247304e-07 6.793666575585490609e-06 4.593389849560285402e-20 8.040640125151089501e-01
7.693467626087901263e-14 7.976745444202606450e-01 1.757305442484713784e-08 4.471379661673710166e-13 3.363635157119682963e-27 1.459612950837426805e-18 6.232120806969963804e-14 5.141918483445473176e-05 2.270729891342308793e-01 1.468445173224054989e-01 3.864767537448310944e-05 8.900986175677324106e-26 1.282581835198331627e-44 7.316038381461229809e-68 1.686868783085413013e-61 3.143460486578107494e-50 6.702743475744469587e-24 3.346321966732217490e-01 1.482639199167094588e-09 2.474219946039983024e-06
1.570891689183878843e-03 9.692949143252101996e-01 1.523033095674045386e-10 5.852022966677412964e-17 1.988802168779941147e-29 3.541000555895966782e-25 2.009533093592817267e-15 1.138385941151179060e-07 5.407209731180160316e-03 6.022572340850806949e-01 9.716819693611537800e-02 5.325847580464018679e-17 2.254942102590642109e-37 3.471018949405468162e-75 1.161420474549241769e-78 3.753487893262335981e-67 7.212510191087196239e-43 2.417577580804941215e-02 1.233972032511360226e-08 2.582528190851866579e-01
4.927968764961847816e-11 1.258240606084653698e-04 9.665005945890775552e-02 1.861979411174746373e-07 2.743164273506657496e-17 1.882617328892436392e-25 9.204926038634020162e-14 2.666616458961950048e-10 1.694141947470468592e-05 1.818679117770706788e-01 7.866136259866409741e-01 1.072385129019274484e-12 7.148049082364554253e-26 5.891283188430487332e-64 2.034481016340239440e-78 3.414182950355807416e-74 2.569474021946023556e-56 1.922558649949958389e-05 3.175092501643084700e-09 8.451396722877200715e-03
6.345808024830955158e-41 6.969895964219965920e-08 1.403367635171475988e-02 9.534499685968990390e-02 1.086049737118716921e-06 8.866539346146573244e-21 4.450928896441792758e-10 2.668274353046725886e-10 3.994738599726127629e-05 1.143632068250728523e-01 1.228632431414066889e-01 7.109251064577361703e-09 7.212742953047571817e-16 1.975557971884566834e-46 3.884521853682914943e-68 2.271688914468372493e-72 1.101001136243141957e-53 4.964518666100335519e-05 5.616904093337551679e-12 3.343205316544496375e-01
1.429957394929069066e-28 3.085210852677210466e-13 4.004166999518370996e-07 4.434812321854013639e-01 2.407254215877682735e-02 4.413027607725365018e-16 5.361213950799041288e-08 8.719340071913138079e-14 4.658223499859790896e-07 7.828980901053480667e-04 2.711883735512071823e-03 1.273822963972280175e-04 4.803016302930754144e-08 4.543785055772738599e-29 7.075661503125369207e-49 4.658806532092679868e-56 4.815454468969675921e-44 5.684142475285905331e-06 2.386830203068234183e-08 4.975183318667542043e-01
7.386355907849642662e-35 4.245797272756387318e-08 1.772870390986724606e-16 2.321858720792989255e-04 6.326800754313792741e-01 1.088199075310022889e-08 1.296764131335059582e-04 2.690779387506027373e-12 1.254228994636449048e-06 1.441690596107790322e-05 3.727475951768519633e-04 4.693958343478183554e-02 8.709693626125848990e-04 1.760534776550499958e-15 3.639353245665345275e-27 2.739838033970952302e-30 1.488940283125348790e-25 1.115504294805750535e-05 7.826352687055451729e-02 3.105277168974608799e-20
1.905415155813416042e-48 4.618222375729243989e-01 2.187170125552679072e-27 2.329024313092070981e-10 6.190605228711204555e-03 6.408106234972913524e-04 4.099221769599402376e-02 6.015681737834793731e-07 3.892725948662342702e-05 7.911859291364523419e-06 6.138896222497453827e-06 5.034199337562588195e-01 3.292290547378419197e-01 2.782382617984282541e-05 5.326043964712504229e-12 3.221323660833093180e-13 1.437029633126523213e-13 7.297615108967335115e-09 7.167200959386411441e-09 4.568164299061589222e-125
1.811438826205747895e-52 1.204649451188472968e-04 1.397436156383741810e-39 6.419285182455478729e-19 7.234646036267961845e-09 3.851227057124713138e-01 6.653160372769615361e-01 2.051623067991221322e-02 3.128174974132361119e-02 1.059232287536081545e-03 4.490927827432360238e-06 7.761300867433485774e-03 2.891668701340609493e-01 3.800312024175880321e-01 4.427089180848684815e-04 5.004700248758884017e-05 5.272669283758545180e-09 3.700370043148311045e-16 1.475382145831156599e-42 5.893191342158890038e-284
1.122085860232218104e-11 1.197746592026224323e-05 2.172007678434647972e-58 2.692458298827536443e-33 3.788128678470186984e-18 3.941361830413925987e-02 3.564763222875423354e-01 7.272741839519092366e-01 4.828068103890266194e-01 1.466607313950473168e-01 4.603477490838780994e-03 1.469712941324438291e-03 1.429841349658219629e-01 7.505463877865430344e-01 3.811544212047555252e-02 1.983177976039093154e-02 3.951967066962595943e-08 5.869249581409826417e-22 3.348615874149850175e-56 0.000000000000000000e+00
8.973160235398203177e-02 1.370972026706790729e-04 1.957589331412417541e-59 3.580860068952790327e-29 2.113818821191326187e-13 5.729589238852231953e-02 9.558950398929877412e-01 2.453778121287584213e-01 1.517974508484244978e-01 5.460454803890631981e-01 2.335744571545031179e-01 5.537830692906917651e-01 1.209278588806379957e-02 4.974337932785811863e-06 3.009471620899728126e-08 1.617741142327097488e-08 1.717756550819368635e-19 1.261010859440973842e-37 1.457413776028732969e-43 7.901703133632067201e-292
8.006373188406462062e-29 6.601893433153966221e-13 2.085537206296487711e-27 6.072253381305050046e-09 7.045811729733778310e-04 7.809311770944560305e-01 4.230448252917450302e-01 1.289485080915546145e-01 9.420607615869053264e-01 2.763539491259498802e-05 7.800320719860349051e-13 5.780353668423403375e-16 7.773456313510109868e-21 3.143054833087676483e-38 9.625159795936726738e-44 8.450625649781812883e-41 4.118098261628966623e-62 4.647197247866820974e-74 3.011025592899901312e-33 6.075112698064396549e-133
1.420257700457867008e-242 5.435227681604293834e-41 8.166586517719257032e-02 7.244892806658646822e-02 3.408346269056053424e-02 3.893088847293510398e-06 9.967236665006954863e-03 1.685680082375350108e-01 1.195490935236340029e-02 2.805173153802194808e-13 1.100999788761728486e-29 1.684086613837035676e-45 1.632805609377343821e-52 1.130286428071437419e-99 9.051411492863434930e-112 2.850572355164912539e-99 7.176465974908477232e-119 3.904369865115705269e-99 1.134935947191088674e-19 3.546708414133527276e-02
0.000000000000000000e+00 3.454385737823394521e-112 5.564398637611342044e-13 1.787371664122300794e-13 2.302484942600311922e-09 1.240511279551015718e-12 1.146880634622444897e-04 3.413740125620581267e-01 4.232222336453101249e-06 1.958847355840655175e-20 1.208096678158398390e-38 3.464102575956974424e-69 2.177787317125977641e-81 2.223470078619632092e-149 8.381572640712006262e-161 7.148301457629060597e-148 7.811048039386144166e-144 3.321282212390114795e-79 1.934712093493823892e-01 3.957118598670046139e-128
0.000000000000000000e+00 1.653737297039830538e-91 6.219834961005434076e-13 1.437083848128307813e-08 3.904626291843279357e-06 9.908282380252438369e-06 7.179531746271753008e-03 3.929730590115988464e-01 2.934594339480712249e-13 7.395550121899462364e-30 6.770035564018603958e-44 1.865333450761216185e-62 9.810057794733486907e-75 7.786173812793098451e-117 1.190607042382331271e-114 1.041423838480040151e-106 3.910334726606436664e-86 3.282064011402377572e-27 4.690340661780268047e-16 1.331118553112812124e-160
2.763013342193088091e-18 9.487928677697565563e-25 1.908614075903786178e-02 9.188060027425145604e-01 4.918633241962121483e-01 6.189456767148140415e-01 9.762359979421237899e-01 1.663442456607570007e-04 8.274082408290767734e-23 6.070727516004206239e-39 1.577827061835076755e-51 7.946021006740181398e-53 1.342785070449616327e-58 1.514538015276442279e-74 1.335546515416581004e-63 1.831433102702743427e-45 1.184472455867027996e-29 4.834735586341103218e-04 1.075627538883565508e-47 4.920332489909663240e-80
4.204825171024306789e-241 5.999532513378104913e-03 4.920605248143775645e-01 2.001493427953560090e-04 2.194327287350186784e-02 6.409217117244039863e-02 4.836448899139297007e-03 1.421573147246262154e-08 4.632237433145282629e-27 1.176553441325730112e-38 3.867884949843664112e-49 1.901310085360607186e-47 6.412125148026250346e-46 8.220084350552489035e-59 1.999431447357423647e-46 1.422862178220214126e-22 2.602853871583977903e-13 3.274939813712152842e-02 8.226734333161725645e-41 4.812429646852633106e-17
0.000000000000000000e+00 4.048843880473198035e-04 5.267366515101685181e-07 6.250322133682609931e-12 2.989938876597478452e-04 4.184873926634038455e-01 2.679599089332824757e-01 1.635903022455263353e-02 1.080345193124584729e-10 1.210820663110189531e-15 1.327158502997118583e-20 8.004068040365719913e-23 8.197444742814562640e-22 1.932333990168071924e-41 2.185430263985409980e-36 1.185619663155451151e-20 1.575762132186254782e-19 1.709726236893376775e-15 2.239088912355913924e-02 4.196357273617306119e-10
0.000000000000000000e+00 6.060843960706320954e-24 1.188283126582411808e-26 9.185510144588527799e-17 1.808024455661642882e-02 1.942476102094879047e-03 3.967019061219715150e-06 2.617147544631685907e-05 1.682238055715659930e-01 7.773033513972450459e-01 1.801595657586408383e-01 3.460638260082375163e-03 1.446202262242364815e-04 9.527701974974555860e-25 8.242239021810092126e-27 1.474090186589973299e-24 2.578209954939418622e-35 7.326546211602797403e-50 4.477669570118209505e-28 1.745880987957978325e-121
0.000000000000000000e+00 1.590297102558988888e-38 2.763552013769638466e-45 1.031539350934875653e-21 3.706780224143609026e-02 2.508837829404082491e-05 1.075228149641076715e-12 1.092489949910018228e-13 1.955138151026832815e-09 1.546561793386707114e-07 5.719260244545573560e-04 2.090189585529841632e-01 2.629265058609638328e-01 1.591860244341032515e-19 1.903884797114911797e-23 1.000284553519063025e-32 3.690672421931499659e-55 7.933830328675291753e-83 7.327375987753274208e-93 2.851469205773348471e-265
0.000000000000000000e+00 2.985798367113062063e-35 7.004112811004660148e-43 5.671390758465492531e-26 1.114852437380024991e-04 1.815734852285665335e-01 7.760948228943197153e-06 3.812455592416491823e-09 2.113983521669204298e-09 1.258830050764268213e-08 2.974013264593804899e-06 1.882851193021689573e-02 2.607254252067019440e-01 1.547065759189289113e-18 2.535103882103445860e-21 2.919910133741085725e-37 1.154073733720366885e-58 7.769690818619758564e-82 8.726419626954719247e-135 0.000000000000000000e+00
0.000000000000000000e+00 4.922958276603330252e-44 1.072851673307621653e-31 1.470332425147751452e-21 1.374941058838740947e-06 1.801662584615845997e-01 5.074727333764199599e-01 2.482632946387385801e-03 1.196839194489112529e-05 7.541161736203710797e-07 4.502826795347626142e-07 1.084621330466013301e-03 6.973564233985601879e-01 2.796205335301238005e-12 4.976093903078210563e-13 1.454995172805251451e-26 3.823654681707943083e-42 7.242945900737894368e-59 7.086297888569399118e-146 0.000000000000000000e+00
0.000000000000000000e+00 7.028762862217039353e-81 1.084361360942970269e-33 8.479473933326282047e-23 2.948864823870749713e-08 1.296512842333878745e-03 1.566253199076381511e-02 2.972575524321848794e-01 5.924682036869377251e-04 1.636264754140057947e-09 2.922271293587669482e-14 5.683225946565966792e-16 2.598860569224109563e-05 3.040001324809211147e-01 8.965930636098703999e-02 3.047890014493671615e-05 3.741933199966410954e-16 2.887113249668235781e-33 3.247170587595172335e-149 0.000000000000000000e+00
0.000000000000000000e+00 1.061017653948481037e-140 3.895178350244355516e-52 2.661160038337469336e-38 1.225436766829852840e-15 5.032757120567200323e-10 3.426778480633905272e-08 3.678177825838219173e-01 3.758688926329532137e-02 8.122023000694232852e-11 2.179618214048899822e-22 3.547998106609806266e-43 1.812659819403571159e-27 1.253322773271247189e-12 2.857817574104043366e-10 6.045751235198895217e-07 6.481917785997719506e-01 1.364767543415363806e-11 9.637123130047616960e-114 0.000000000000000000e+00
0.000000000000000000e+00 1.073837385679339697e-283 6.063431854169919653e-107 1.485747206849738191e-78 3.251789144637290830e-36 1.054878542831074960e-24 7.126742657297727318e-17 5.371609062327046581e-03 7.725570172178684025e-01 8.750598974634684757e-12 1.900394014958416249e-31 1.264206850122954218e-80 1.483293809705479870e-74 2.400537882948231307e-59 3.429147369969508652e-66 1.204950732636973951e-60 5.934968586795731575e-25 6.235260377043378988e-01 1.242248056326050710e-54 0.000000000000000000e+00
0.000000000000000000e+00 0.000000000000000000e+00 5.758566019510778977e-196 8.399459708629145630e-131 6.158834643689152962e-67 5.250414967895983524e-33 3.707236340951905670e-16 7.292434364454825069e-02 2.711499041898593476e-01 3.215076125158162740e-21 1.760529882660974401e-54 2.789705071189062676e-118 5.524082440058808985e-128 6.661471317170550527e-103 8.228440709354009947e-123 4.427931021736768869e-105 9.129413407021320044e-55 3.837327431977689224e-06 2.761419940222551198e-24 0.000000000000000000e+00
0.000000000000000000e+00 0.000000000000000000e+00 2.715273894285827120e-222 2.355286985039411278e-127 1.148019256691237684e-80 4.746831910077017224e-33 5.062019769069974217e-15 4.489642584948381199e-01 7.072593866377019367e-01 1.607445465035234420e-15 2.482920917609451847e-42 1.315259191187270886e-79 4.960137813501349837e-95 6.017187116858220997e-54 1.374828494382796109e-69 2.140777027997007992e-53 7.447937392632591580e-25 5.899124018166150563e-02 3.868996309131604370e-09 0.000000000000000000e+00
0.000000000000000000e+00 0.000000000000000000e+00 3.202488431769601247e-118 7.494309804324867882e-48 1.011930840517338298e-40 7.506191297550602510e-19 8.148567442276760339e-10 9.233621010491657177e-01 2.109161676939304564e-01 5.241532447873274193e-03 1.933550206444328436e-08 1.540305374490906008e-10 2.742669782055208769e-12 3.618419395874985511e-01 8.700835613440582872e-01 2.834660690457557752e-01 7.641893301187878808e-05 3.832974448039742415e-13 2.650133071185550664e-06 1.669018873205709540e-03
0.000000000000000000e+00 7.624050392668290676e-213 2.068396829614297845e-76 1.556178248881258204e-23 4.770818130196380737e-21 1.091872152199016043e-08 4.631207581259566769e-04 6.064454905885566932e-02 6.297305541356472691e-01 8.822126682040858370e-01 9.127656821937762954e-01 4.098331148815022133e-03 2.407389922648730217e-03 8.799615966907523506e-26 3.178362224599306600e-32 6.278793799635811276e-37 1.305716938138772692e-38 2.981758328002619142e-16 3.446878734954800932e-02 0.000000000000000000e+00
3.241347738057040871e-290 3.841443061743146833e-45 6.666452956354137170e-05 6.114291873616653570e-05 2.810675910028467665e-09 3.841136782227731766e-08 8.139642750388650298e-05 1.944077645823147315e-06 9.891430961363181784e-02 6.970697710400146629e-01 1.892806482087239575e-02 1.585398545608864236e-09 2.572928151029895104e-20 9.633834223376215687e-39 1.164891904478413812e-57 7.945832722076404839e-63 2.533949720577884696e-53 9.137161138357974384e-28 3.230945287216258315e-52 1.353540759149274781e-53
8.299879371537024939e-12 4.202907431774366940e-94 1.509511037630025271e-40 6.083157930670557266e-09 8.302256167212276189e-03 3.327113985615596237e-01 9.955496215668412086e-02 2.225570187532505129e-02 4.580813889351606262e-07 1.630339582201803739e-07 1.540442694098781803e-07 2.476737632860920119e-11 4.636999839666204001e-15 1.080239194076545619e-21 2.240637695449907162e-17 1.469397951992189541e-27 1.590969967626967679e-37 7.125417001022617428e-37 4.637502163394326421e-06 0.000000000000000000e+00
7.960858130534848032e-01 5.752746985001271914e-159 4.565562010595750847e-33 1.971729011935352252e-12 3.289660572788351251e-14 4.982200351548396597e-13 9.030472951482041316e-14 1.451137326334494433e-32 9.135382616867293207e-32 7.645431560628016626e-25 3.918431778233548720e-23 1.599376351999886994e-25 7.000816518382718769e-18 7.392356428471075197e-13 1.209207657638219896e-11 5.005281302008005723e-03 1.363950124756598556e-03 4.389749589984729929e-50 2.001497859255435766e-211 0.000000000000000000e+00
