0.000000000000000000e+00 1.519754143053754503e-01 6.556096687648973435e-108 4.881556532727503443e-99 1.301487562339293024e-58 2.040545544480967993e-11 1.499516921010259933e-05 7.414338024242570491e-01 1.124033640847833977e-03 2.407123047256156615e-03 2.008429934422743812e-01 8.017405978344235851e-02 1.406503413107142997e-01 3.829773302526192635e-01 6.692350399832871499e-01 4.590895584680122765e-02 1.413650055576617529e-16 1.276469768082484823e-90 0.000000000000000000e+00 0.000000000000000000e+00
0.000000000000000000e+00 5.455469276043151742e-96 2.633928904435362693e-10 4.801221383628355571e-16 7.482764458967233502e-09 1.527939517279699455e-01 9.527941341107332152e-02 5.036041069636025548e-06 4.948145976888239650e-01 2.869754633870192154e-02 3.599549533808404922e-02 2.360478701170147810e-05 5.502563544157213099e-08 1.255680919044903365e-10 1.311970321162182354e-11 1.134518869149986305e-12 3.080757944645218759e-03 1.381748007551268009e-10 2.601558774730519309e-132 0.000000000000000000e+00
0.000000000000000000e+00 2.667627081219618749e-137 1.031423097363252939e-02 1.283195867984489869e-06 1.912926233491545015e-03 2.950558134261759848e-04 9.189973808234988854e-04 6.048645489702595238e-09 8.426652352770597210e-01 8.372865478323013311e-02 4.088832589589531247e-02 4.750939002150272469e-06 1.130984961727529616e-09 9.995794172802610655e-14 4.805329293046077777e-16 7.384290160487139968e-19 2.906474637696735677e-07 1.691770993403836939e-04 1.430980443722012300e-100 0.000000000000000000e+00
0.000000000000000000e+00 1.365732645782822618e-155 3.573799321051740474e-01 8.700210705766570508e-04 6.639438008089090792e-02 2.601343548729870905e-06 3.531169915551163736e-05 9.009757551464337533e-11 4.739882377088799892e-01 1.611157178696898673e-01 5.812291471804005571e-02 4.167485897100874315e-06 4.559180077950292983e-10 1.011600820604837445e-14 1.303800779794840790e-17 3.340321180173336919e-21 4.649393425980043657e-09 4.064138090582644809e-03 3.026992707808903889e-91 0.000000000000000000e+00
0.000000000000000000e+00 1.015092878355837782e-164 9.826114494654103471e-01 1.432389447487147742e-02 2.803619723586155410e-01 7.836407291377343521e-08 3.311630248299422985e-06 4.368527758030368018e-12 2.782247674674890869e-01 2.543268855220482405e-01 8.367856498456519021e-02 5.719353247064548309e-06 4.973364311234816508e-10 5.612774612423649553e-15 3.955850463494648263e-18 4.444548150139585240e-22 9.041584458705526998e-10 1.057713922358159524e-02 2.846660165008025761e-88 0.000000000000000000e+00
0.000000000000000000e+00 4.458339341492163111e-169 6.106086689896097486e-01 6.025637799377801113e-02 5.653091739879709809e-01 5.224737146140938793e-09 5.418029651583318485e-07 4.017707837253287037e-13 1.684803734502638151e-01 3.601283167762874271e-01 1.185129472911239656e-01 9.400140891048076956e-06 8.468530088246821198e-10 6.762363791833402484e-15 3.767681868572525990e-18 3.025213667097728049e-22 6.448778258526021265e-10 1.242473516382104279e-02 4.751858042245166651e-88 0.000000000000000000e+00
0.000000000000000000e+00 2.695179573310874496e-170 4.143062447473040422e-01 1.356768771878025803e-01 8.274800095380498988e-01 5.784432105285110772e-10 1.262990120787746750e-07 5.352330080845696211e-14 1.035482449419365958e-01 4.788535101384318038e-01 1.655207187387448819e-01 1.730864390217531717e-05 1.869160926040943181e-09 1.281971801175818749e-14 7.124162395357237319e-18 5.595128599525599821e-22 1.034345619619792408e-09 9.300768030583408258e-03 1.742288322668730963e-89 0.000000000000000000e+00
0.000000000000000000e+00 8.068211453722279039e-169 3.389957568059048798e-01 2.149431287995911544e-01 9.712835634430376786e-01 9.389095177898794367e-11 3.825163891788973591e-08 8.947677600291846110e-15 6.336541241060431040e-02 6.130794523029827747e-01 2.305481913908149494e-01 3.537949686401421437e-05 5.071204109846848265e-09 3.435835340272118955e-14 2.275916823135951909e-17 2.232691485090827864e-21 3.058999225701192780e-09 4.700966731589416650e-03 2.846198422929478350e-92 0.000000000000000000e+00
0.000000000000000000e+00 1.365659331355354140e-164 3.516581694141787118e-01 2.682223563499044339e-01 8.342320345842738627e-01 2.043189268340364331e-11 1.443080849920140392e-08 1.721995867634058757e-15 3.793372848225188415e-02 7.645344086661617355e-01 3.196228446832727332e-01 8.008775732149984398e-05 1.727031169613279851e-08 1.257171765240554929e-13 1.178705404224227941e-16 1.832794705690421713e-20 1.552590600355814653e-08 1.489437412372323927e-03 1.723315121030426571e-96 0.000000000000000000e+00
0.000000000000000000e+00 1.516793356295646753e-157 4.621878506064480696e-01 2.723510595567316117e-01 7.603956941086902344e-01 5.875709779255784559e-12 6.574668786710702842e-09 3.492074900763977440e-16 2.188930681905530348e-02 9.356012311093589995e-01 4.372762137238697111e-01 2.058385569235664713e-04 7.239423691637027227e-08 6.112342814871396754e-13 9.885650084382326248e-16 3.187284378951687291e-19 1.358821196047473058e-07 2.401080067413035864e-04 1.453562997419240547e-102 0.000000000000000000e+00
0.000000000000000000e+00 1.952899158334935966e-147 7.361366148407897381e-01 2.195194511208274357e-01 7.601780287877589748e-01 2.334662858716283327e-12 3.731715569758700587e-09 7.248879877900085882e-17 1.207983790653005020e-02 8.846326950888656615e-01 5.907514462548844048e-01 5.831915968920971033e-04 3.694503533430341818e-07 4.250952317167631460e-12 1.594874972522046564e-14 1.339512066265976955e-17 2.037751128392794544e-06 1.392316163788649835e-05 4.050619151383771165e-111 0.000000000000000000e+00
0.000000000000000000e+00 1.183128128375659308e-133 7.447141984661662661e-01 1.320023504128853553e-01 8.383335227085894070e-01 1.306782513108415623e-12 2.673813169414841010e-09 1.692908734646784719e-17 6.340408422951690666e-03 7.025245210449649891e-01 7.799370016949094264e-01 1.734402178945485722e-03 2.263003707395848330e-06 4.383821674374325787e-11 5.353796671263906655e-13 1.529004562276738720e-15 4.761343139780243580e-05 1.784738695103155017e-07 7.899958653362993115e-123 0.000000000000000000e+00
0.000000000000000000e+00 5.865612804199100469e-115 1.784981749133338347e-01 4.748224542322233843e-02 9.827415734984464857e-01 1.063590923659360395e-12 2.623306318301202071e-09 4.753003558345552202e-18 3.138459015946687240e-03 5.230218145817810971e-01 9.833617772886792396e-01 6.051794550894762197e-03 2.057710304964700468e-05 8.046772670943634842e-10 3.661195905719439216e-11 4.803547984389108733e-13 1.567791285661552809e-03 1.847101726764136305e-10 7.736180046514723542e-139 0.000000000000000000e+00
0.000000000000000000e+00 4.375393968656044329e-90 4.396368978074900041e-03 6.805830525939637020e-03 6.930064798449087071e-01 1.420137630990032937e-12 3.743960551187816609e-09 1.897455370764177991e-18 1.462821208147511596e-03 3.506577896103924008e-01 6.773061867852092632e-01 2.528701195421847320e-02 3.058957347818650027e-04 3.528416929137784934e-08 6.005850287555690954e-09 3.577408843980523552e-10 4.689981108632417656e-02 2.954606196576902181e-15 5.634039617232766939e-161 0.000000000000000000e+00
0.000000000000000000e+00 7.429978595707471964e-60 4.024864389751622934e-07 1.189294449491020306e-04 3.116279527192312160e-01 6.063104401728958537e-12 8.517016305639877559e-09 1.199382479016966120e-18 6.109325106386632011e-04 1.867273044879548261e-01 3.255598175098540770e-01 1.233574266908144396e-01 7.072086098356648344e-03 4.766370000523818969e-06 3.089560064271537593e-06 6.072740293362868119e-07 6.751075089440738974e-01 4.536425740613615719e-23 5.686805937551875463e-192 0.000000000000000000e+00
0.000000000000000000e+00 5.501157943452904263e-27 7.679508715562620585e-18 5.057862185343479987e-09 3.234788348496484695e-02 3.093531467840059368e-10 4.789556770728208490e-08 1.369067803619192590e-18 1.794191414930187967e-04 5.786969182835856318e-02 7.416814180927813749e-02 6.161072668686851106e-01 1.855252865325024425e-01 1.977980422210122175e-03 3.709984407216231593e-03 2.174057002428241275e-03 5.408416338047850741e-02 4.505310758880196161e-37 4.478711545969622619e-239 0.000000000000000000e+00
0.000000000000000000e+00 7.633258509105675556e-03 8.279053969949714832e-45 3.107534567655734329e-20 3.334397890496987657e-05 3.521082093882573070e-07 1.785873211079905321e-06 8.622645506339189929e-18 4.633497886152538540e-05 8.822986238642712906e-03 4.976591855840618688e-03 3.047214436300684781e-01 4.794006330552287309e-01 4.453063419893129593e-01 8.719538427325288499e-01 9.473171544210379214e-01 2.195796607610504961e-08 2.478059002274040796e-64 0.000000000000000000e+00 0.000000000000000000e+00
3.924942258465107916e-208 1.387784423783427783e-18 1.115332577140623328e-103 1.171607195688711711e-45 1.499069466806051283e-13 1.954164583699133720e-03 3.694072684268967402e-04 4.941263415260959651e-16 1.204709750234685393e-05 6.001260106970370944e-04 3.941242058255927988e-05 1.505725128340820252e-03 2.540553475537895602e-04 6.889553520780578033e-03 1.825975978624919355e-04 1.547468116975232537e-05 6.860549272403691350e-28 4.324600700378745096e-117 0.000000000000000000e+00 0.000000000000000000e+00
3.666631521169076979e-01 1.417558544938406001e-120 7.963277299085639585e-208 8.028702531935465011e-95 1.456837673952761051e-34 8.492002210119811156e-01 1.771887679383374048e-01 2.256611836607192486e-12 1.307385682068071713e-05 2.782910438335066782e-05 1.026307694189506221e-08 2.324081246935710338e-09 1.795713084844835223e-14 2.380624593724162252e-13 2.200065667965449771e-18 7.919654722124756603e-25 7.592656593149005245e-74 1.475459462039940309e-214 0.000000000000000000e+00 0.000000000000000000e+00
2.477604084736334006e-245 0.000000000000000000e+00 0.000000000000000000e+00 2.135590162512547615e-176 8.673780655161594652e-78 7.853684424793573429e-07 2.652517689298059672e-02 2.984914971883733818e-06 3.318660339811501932e-04 4.890066006138555661e-06 7.602242138286638311e-14 5.200752554599696622e-21 1.634575132892395840e-36 1.441628684996281414e-38 9.912260864886701234e-50 1.987465513889062647e-71 6.827797711832556521e-164 0.000000000000000000e+00 0.000000000000000000e+00 0.000000000000000000e+00
0.000000000000000000e+00 0.000000000000000000e+00 0.000000000000000000e+00 3.227817200787471148e-287 3.865333898462088693e-144 1.303031124441586834e-25 1.631147667844725903e-11 1.717344217180728494e-01 2.198101910009360449e-02 9.050787370546056252e-06 1.434085289169472129e-18 9.973619727679171060e-38 1.722924890503083304e-68 5.743050763740532652e-79 3.441718829675125750e-100 6.943603108900382171e-151 1.767181720062598908e-305 0.000000000000000000e+00 0.000000000000000000e+00 0.000000000000000000e+00
0.000000000000000000e+00 0.000000000000000000e+00 0.000000000000000000e+00 0.000000000000000000e+00 7.375708098557159230e-238 4.191247555061490221e-62 3.384176969665523519e-32 7.825967346723151571e-03 6.385759143447100605e-01 2.441904191288953052e-04 1.561612521615796652e-21 1.381349532750715073e-56 2.195884066458178762e-107 2.757515828113869524e-131 4.853247200620878509e-167 1.169202016449636460e-257 0.000000000000000000e+00 0.000000000000000000e+00 0.000000000000000000e+00 0.000000000000000000e+00
0.000000000000000000e+00 0.000000000000000000e+00 0.000000000000000000e+00 0.000000000000000000e+00 0.000000000000000000e+00 1.408309924077493247e-112 1.599383250800721267e-65 9.068331502796836643e-13 5.767564855871782498e-02 3.454980626634202717e-02 1.310727027698381864e-23 3.041067290409095310e-74 1.434161169495066448e-149 7.160595000770804649e-187 1.229080058758222808e-238 0.000000000000000000e+00 0.000000000000000000e+00 0.000000000000000000e+00 0.000000000000000000e+00 0.000000000000000000e+00
0.000000000000000000e+00 0.000000000000000000e+00 0.000000000000000000e+00 0.000000000000000000e+00 0.000000000000000000e+00 2.751381573700315767e-159 3.153748848560109230e-104 1.562073292970701909e-27 4.975608176535360680e-06 8.562481678947346797e-01 1.081930654189605569e-23 9.079562280388855533e-83 7.839669051157622772e-182 1.480935037052466883e-227 5.294907410844771688e-296 0.000000000000000000e+00 0.000000000000000000e+00 0.000000000000000000e+00 0.000000000000000000e+00 0.000000000000000000e+00
0.000000000000000000e+00 0.000000000000000000e+00 0.000000000000000000e+00 0.000000000000000000e+00 0.000000000000000000e+00 2.622431391801149991e-181 1.218711916546727255e-131 1.269432203694499502e-44 2.253532398320144722e-13 2.482734711903051075e-02 2.874623591198648442e-20 2.811242870854242547e-79 4.113790009963626631e-194 8.024549038546741202e-246 0.000000000000000000e+00 0.000000000000000000e+00 0.000000000000000000e+00 0.000000000000000000e+00 0.000000000000000000e+00 0.000000000000000000e+00
0.000000000000000000e+00 0.000000000000000000e+00 0.000000000000000000e+00 0.000000000000000000e+00 0.000000000000000000e+00 1.008317036440801956e-147 2.034080512970668429e-129 4.236608713535891063e-60 3.792489918549750124e-20 2.397888579394631082e-06 4.299404295497902399e-12 1.406852317513579422e-49 1.069455498600766070e-159 4.336358494451298102e-220 3.001678890330986691e-295 0.000000000000000000e+00 0.000000000000000000e+00 0.000000000000000000e+00 0.000000000000000000e+00 0.000000000000000000e+00
4.807349484255061595e-126 6.121708111442029419e-281 1.023632972123447659e-160 1.063260113163343900e-119 1.452404364274291068e-95 8.301724401638685793e-32 4.752962890037222144e-52 2.831717851346556227e-35 1.341915627055072522e-17 3.924835690687897131e-12 5.612438410058793181e-01 1.407805721322550691e-05 3.624744701231446737e-43 2.447807173184325621e-59 2.700941789422767591e-88 3.165212444204147482e-160 0.000000000000000000e+00 0.000000000000000000e+00 0.000000000000000000e+00 0.000000000000000000e+00
0.000000000000000000e+00 6.387183762487267747e-34 2.694798086258233980e-05 8.283764188534633588e-01 5.615774693943783591e-01 1.601279729009040514e-08 5.481168751476125367e-01 5.811725163374716757e-02 4.389741382884098514e-02 1.270108062414107217e-02 7.904933515524785737e-01 5.405985562488450913e-02 2.069668379182161559e-11 4.490782266653162614e-08 2.659543344300014731e-13 2.233506344395184002e-27 1.441012684453235663e-71 1.352040873382126666e-98 3.762200104728507583e-80 5.662485193254984621e-07
8.047735118449940556e-162 5.239053498194018617e-03 7.154760154605021838e-06 1.119167326767746635e-31 1.635219206347949193e-56 3.091057630264229438e-79 2.305612215497744215e-34 8.851040719647776518e-19 1.167704022445790646e-08 1.221791583935805591e-03 2.787435587153536121e-02 1.253553461953156936e-02 8.645977195074312175e-06 8.771224999639545827e-03 1.273038735617555983e-01 1.893325465403402075e-01 1.101912273724467602e-02 2.674659386559354313e-01 1.500575153053140265e-01 1.270423927347559186e-175
3.140353556764396168e-52 1.576930586130007583e-01 4.634862268852950645e-07 1.209871973758496783e-49 2.615921517536080972e-105 1.000805993378431803e-128 7.777618492600621152e-82 4.199724175735366057e-53 7.303234668577789455e-29 9.908150691207690587e-16 1.488992306099422499e-05 1.051238661649029488e-02 8.691285640112452610e-03 4.748799443120738095e-01 3.606618410035190066e-03 2.196776303048013233e-08 4.777893946105330897e-16 1.984660673864251109e-48 1.419399168835517378e-52 1.258258570345441693e-185
1.167067226271549051e-65 7.550538840732769295e-04 1.268339154064318906e-07 3.321706394785720813e-47 2.539087015794337089e-108 5.379995947386129792e-125 1.370134840620812748e-91 2.865228673304571889e-61 1.611076764919730293e-32 1.726759029364656092e-17 1.465375420077681993e-04 7.709360670985078157e-01 5.777989440708357627e-01 8.285022441070211130e-02 1.854477022087496932e-08 7.345549812090764132e-18 2.939104905510756453e-23 3.132721151927265104e-69 3.196141416922213752e-73 1.586586279227259055e-49
4.473078795451184561e-263 1.481082564136162407e-07 1.588763494531034229e-13 7.746479177010314219e-47 1.128435497471538036e-107 1.090797815337559674e-111 9.664139687860863296e-79 8.082705850165742913e-50 2.264056435246581262e-22 6.022688134668955864e-08 9.092596636966543411e-01 1.569541715977201568e-07 1.125566954192579094e-05 3.328459495513431677e-06 4.902300223319639461e-14 2.375592053746589396e-23 1.192393847786048008e-19 1.225503746120858900e-47 3.115133515801653292e-43 9.904858076309193404e-02
0.000000000000000000e+00 1.588282756620922143e-16 2.768350154437512823e-22 1.212734573429549558e-44 1.491784505958880342e-83 2.289090592453102763e-69 2.361341052094535208e-43 8.628021663930541103e-23 1.778370667263105579e-05 1.440092193535194576e-01 2.173599228287611154e-11 2.953413033259348151e-31 1.026343644624729787e-19 2.414743906098920171e-18 5.279644603584032087e-30 1.731176556286530862e-39 2.730198741568568787e-28 2.119797698909719318e-14 1.888018704083206656e-02 3.366280566869907771e-275
0.000000000000000000e+00 1.768459657924000993e-66 3.954705531906128353e-31 6.639060423904325572e-27 2.821689401483600955e-35 2.346612100079913616e-21 1.616310740929069380e-04 4.361178262586952181e-01 3.412902030431864539e-07 6.081628423555379847e-32 1.186745517844245678e-56 1.114637523657915024e-80 1.413212793218824680e-59 2.493981347803019271e-52 3.310307190384404205e-59 5.790590376485672419e-55 1.556497256683211584e-26 1.030932097703154784e-07 8.419853667067312446e-174 0.000000000000000000e+00
0.000000000000000000e+00 8.580483854664738200e-219 3.624276295573983216e-69 1.212731212223067580e-25 3.743098148966646271e-26 1.738861636923158192e-09 2.424146024250130038e-01 5.327984634943304455e-11 5.460685120667220927e-23 6.871147921094246257e-67 5.738809291304320491e-95 9.385735520137953213e-109 8.659824993787643509e-99 2.668233441693683797e-88 1.334613528246649901e-88 1.616026423232465572e-71 8.633727140238712689e-28 1.587660076235380209e-17 0.000000000000000000e+00 0.000000000000000000e+00
0.000000000000000000e+00 0.000000000000000000e+00 7.017589671436432590e-113 1.667320707752929429e-31 1.780884405322064414e-33 3.342661840454113307e-10 1.463922612356608199e-01 1.195164820539498856e-14 4.585685606980720317e-26 2.401581623208506858e-65 3.489085794710220780e-95 1.386297838524694398e-105 1.066339729273720808e-114 1.543724906715919030e-106 6.607806719471509627e-112 1.526345050825351006e-92 1.157808383039646571e-36 1.243481042716529882e-08 3.664147293212035277e-287 0.000000000000000000e+00
0.000000000000000000e+00 0.000000000000000000e+00 1.071604655805416325e-127 1.499884880159727309e-42 1.407841052902666379e-51 7.074868313211143474e-25 9.318314712200535810e-03 7.054726119549362877e-07 3.777542153050451611e-15 5.242651033683498277e-39 2.490879482429158771e-70 5.956595593344007490e-89 2.090731919680302742e-109 1.856621398381556803e-104 3.233203712873091506e-120 5.172370688620350219e-102 1.540522863189055999e-41 2.087949407849542041e-02 7.692826626854869254e-208 0.000000000000000000e+00
0.000000000000000000e+00 2.373442178516821236e-175 2.928707735741893905e-115 1.659258208930310253e-62 5.559918419148556803e-81 1.511651670276242108e-60 3.580052501807709193e-20 5.163044065260508075e-01 1.017635925180712664e-01 1.791495518918489438e-09 1.744791300792805444e-29 5.028024010397530719e-45 1.541119648286254120e-66 6.544397177360200987e-65 4.730294273367143236e-89 9.796154503421105507e-77 7.189490235470733031e-26 5.001530878365977300e-04 3.944576887005934383e-168 0.000000000000000000e+00
0.000000000000000000e+00 1.071206364241254126e-31 8.910302502943402153e-83 1.473909731938547309e-63 9.131332197308718220e-97 6.018423587455731981e-95 2.620217379262343268e-47 1.918805816791220878e-10 3.502676543391434348e-09 1.271821629130785031e-02 1.071186152827810836e-02 3.925839756280126555e-05 4.933721765076071935e-15 7.780287466980053374e-14 2.163516316258578696e-28 5.101471330542412184e-27 4.291279020672183769e-06 5.941320089092442801e-16 4.253788267721080277e-165 0.000000000000000000e+00
1.296444231910837881e-301 1.383438536869883995e-01 1.573347688466647889e-40 1.860002429887381764e-35 8.381019029176890564e-75 1.784462245872044123e-98 3.789063982734335275e-58 1.220230911891058054e-23 5.167756197061364349e-30 1.422049753868187238e-16 8.668912882018069390e-07 3.930697387943286658e-06 2.380711322851593037e-01 6.098930512726234709e-02 1.659626699673693584e-01 6.184867060770065511e-02 9.277087760165398933e-01 4.091627938131456135e-20 4.303578807019581506e-132 1.501280136168149617e-106
1.770114992397015197e-10 3.022346503450006028e-08 2.363398143330308373e-06 4.742610729137302908e-08 1.239120984962344486e-32 2.707956402634714658e-65 4.114751108669131164e-44 6.032455762614475993e-31 3.831483440839129449e-37 7.460893685359165609e-23 2.979864733071312775e-20 8.273047216865040464e-21 3.939979350896855199e-11 1.441401029387231152e-12 3.196764391776306688e-06 7.564135006681889539e-07 4.415470097463670496e-05 2.047353456603914923e-17 4.672377824702769853e-111 4.183606208558316385e-180
1.690389126944659940e-156 8.792931778013247817e-39 3.270437311689587722e-04 6.399475942883952051e-01 3.046187316615889298e-10 4.114658177464382804e-35 4.851015611920059630e-29 5.075750999402552145e-31 4.375728860166903244e-27 1.025306993540889023e-19 2.816372320216376740e-25 1.696432912637441159e-27 1.917290942335983023e-18 1.020230227152733945e-20 5.139548072581527828e-17 3.733626041457059183e-21 1.710450540642802123e-14 2.566464694392431255e-26 1.456539093834211227e-111 0.000000000000000000e+00
2.228392642290471382e-226 1.667166349503493488e-72 1.370306723412747350e-18 7.372420183935382565e-02 9.465099952108357254e-05 5.109526798508254645e-22 9.857255178803496346e-21 1.007157763786310434e-25 2.151825306552229178e-18 8.205115236720947452e-18 1.798935455436078183e-23 1.198239769980746127e-31 1.762783604498270051e-23 9.257917965107764001e-25 1.036406959591161468e-23 9.936418071102988198e-28 3.294787819868936616e-16 1.890225954419934955e-38 2.814353267957799337e-116 0.000000000000000000e+00
4.257767317886283071e-02 2.849830634835518464e-85 1.862826650841013888e-40 4.262198979845257287e-09 3.527358502622464087e-01 2.491258320753863355e-09 6.394184002334932979e-08 1.964044313415070416e-10 4.191623457403620837e-09 2.395316582516869297e-10 1.586892699938268628e-13 3.272447057669939791e-29 2.104795711954251638e-22 2.430918538447931729e-22 7.722538712653756980e-24 3.819163285406448846e-27 4.942813550023686213e-19 1.046157381037065881e-67 3.253641219319862026e-184 0.000000000000000000e+00
3.428756360304271397e-203 7.598809062268026416e-80 2.682355846204076198e-63 9.363844007630019554e-30 1.982412299278490464e-04 3.507190887362624521e-01 7.890247371773174700e-01 1.564778652083393951e-01 9.918842793687930245e-03 3.892231668444886585e-03 3.677188307626121421e-06 3.292739015745354717e-20 1.796264228804344975e-15 1.255363227899080355e-15 6.255758908393965963e-18 1.234390711216202896e-21 1.466905705761514875e-22 3.209873722128008423e-106 5.442789195472216165e-306 0.000000000000000000e+00
0.000000000000000000e+00 8.617229702395406874e-23 1.157839561588806664e-33 1.654145464358068786e-23 3.016815020545025590e-04 5.186282991178123858e-01 2.237006603368888596e-02 7.934904053336305774e-02 5.600856379929846085e-01 1.910886649858860586e-01 1.118487564739898549e-03 2.914435158776910962e-09 5.014746179941862883e-06 1.250001519511924183e-05 1.672772735443893606e-04 8.462403238282016774e-08 2.224389057272942554e-12 3.017954870891938105e-91 0.000000000000000000e+00 0.000000000000000000e+00
0.000000000000000000e+00 2.717213323970373386e-07 3.029730198019077100e-02 1.974817114145102463e-03 3.531313084774641009e-01 1.212683813049544729e-01 1.203565489882497674e-01 2.090640513383700948e-03 8.785482027648346959e-01 4.635780926796988499e-01 2.207864031374101588e-02 4.412438059894141160e-03 1.079825603142752638e-01 3.804192261268647401e-01 3.194166150232850554e-01 7.501021609662920087e-01 8.242429974448629111e-04 1.877964866413755648e-56 3.050184252497441356e-250 0.000000000000000000e+00
0.000000000000000000e+00 1.758798998315772702e-53 1.854031328042092428e-08 1.279550577387705747e-03 2.546594055255929345e-07 1.305407257055237846e-04 8.492134416015932885e-01 5.085171006391277655e-06 1.015958888816895361e-01 2.107487825021830130e-01 9.457166818968919531e-01 5.596799222824282438e-01 1.468426036641126420e-01 3.231410411993156789e-02 1.989995441140424389e-06 2.225192983060621675e-06 4.617181749437685445e-01 2.906655393318685012e-31 4.315862516417759148e-222 0.000000000000000000e+00
0.000000000000000000e+00 5.700016950098035794e-74 3.251044754075054581e-24 3.016695817124300217e-10 7.754824388598947387e-12 6.078549147736819768e-07 4.627332516955749986e-01 9.919195180234469997e-09 3.229069144804635940e-03 2.088929110149962071e-04 8.632128443435234041e-04 2.182237564119708138e-06 2.536212379200530151e-07 9.783856763969977046e-09 1.526997672342388143e-16 7.100998073485137438e-21 2.543403870605376990e-10 3.111706581815620989e-07 4.805436004713945102e-186 0.000000000000000000e+00
0.000000000000000000e+00 1.168254161033767142e-64 1.742750177219502221e-25 1.034818355269437382e-06 1.790703877787082918e-04 5.087600227558190802e-02 6.453511351779728233e-01 8.221771250379884369e-10 1.088109680722201345e-04 8.071369176189218128e-08 7.176443149373611335e-10 1.018920036514195449e-13 1.418845589573676371e-16 9.461257574586182886e-19 2.844698876987988809e-26 5.237575595404081940e-29 5.742428748587160509e-19 7.528444659119894189e-02 2.579096768405265577e-192 0.000000000000000000e+00
0.000000000000000000e+00 5.462568838953919869e-50 3.117242795194441477e-12 9.845620768151296387e-01 6.939025810083546391e-04 5.669834510270095649e-09 4.236588564056571748e-03 9.862870807695111649e-15 4.472474798542168760e-13 1.958321259741729906e-16 4.616470455589016527e-19 7.651091600385293388e-21 2.430008357868725224e-23 5.833010332590070732e-24 2.636906791876879626e-29 3.493555717593705215e-26 1.273278786923840011e-14 5.223652579631093192e-04 1.957642680826497707e-239 0.000000000000000000e+00
0.000000000000000000e+00 8.520551277600262255e-35 3.971317126676000668e-03 8.392294525337631607e-07 6.374137584834355703e-25 1.038558921461672509e-40 7.763768257647367104e-12 3.667639551029744525e-20 8.960964835073663115e-30 1.549413137563044443e-29 3.493826773825393207e-30 1.486995803123639043e-39 7.391596128553633811e-38 4.300669736231498203e-33 3.940704879287164292e-35 1.256780444356254817e-24 1.394948227000865611e-09 2.102843285710358517e-10 8.183749253357111945e-273 0.000000000000000000e+00
0.000000000000000000e+00 6.514177918841295755e-07 7.803504575533923848e-01 2.683255329225189285e-08 4.504057968939681264e-30 8.328072790401891971e-47 2.324762991398190085e-11 5.552233061666515932e-16 1.147548204913218787e-33 3.667588628413289680e-31 4.829845597793396876e-35 6.980538973182925206e-66 2.151366987613994070e-50 1.083014294926162824e-36 5.515172751060484419e-37 1.689934108157668331e-26 4.818591001412002618e-11 1.096574992055593031e-10 5.910433826053032456e-238 0.000000000000000000e+00
3.078550520193211822e-249 3.790394163215904567e-05 1.764820560231891483e-04 2.347251840074644761e-08 1.460661271894659639e-21 2.066301756002089191e-24 5.954118458374644228e-03 2.751948865760052809e-07 1.888543875214112636e-16 3.014468790256037044e-13 3.682173946929764119e-15 2.291380224905244402e-43 1.119703220129859876e-30 8.087347698185650072e-16 2.221220361228347798e-20 2.086535319406571215e-22 4.975550580125663104e-13 3.090125709293762061e-04 3.625172386647942515e-143 0.000000000000000000e+00
2.237645316752027950e-130 8.935923507690929199e-12 4.829199233761702246e-13 1.776493206566505537e-10 2.424162192882163708e-19 4.033946377738543333e-09 2.862744687943568067e-01 7.544303227359176061e-05 6.226523661126542042e-07 1.259559166962183601e-03 1.809250138411855682e-02 8.808907952132761922e-13 5.162714004578404349e-11 7.727631753078645013e-03 5.190816353742677518e-04 1.123735452887281831e-06 2.931351372248549749e-06 1.693010709666035729e-01 5.396939533787386197e-74 0.000000000000000000e+00
1.434471978014721273e-169 4.736797621408903730e-02 5.348382428294707475e-02 1.432677887002649364e-02 1.281172621433943720e-10 4.315476598334218317e-02 7.703270714820062426e-03 6.407478807399999610e-08 1.923767982525958768e-07 1.090562331179445411e-03 1.030953238422083196e-01 2.647386494973330620e-07 8.501215509673240693e-09 9.257044059800059732e-02 6.006108083640861184e-02 1.660909888404058787e-01 5.543953909551318365e-02 1.966207426170549777e-01 4.476041350270127599e-57 0.000000000000000000e+00
0.000000000000000000e+00 1.400108772475929023e-18 1.311198827688356979e-11 2.203528285807005728e-06 7.189082019079899577e-02 8.736038028186816629e-01 1.255691238249510023e-09 1.215233802089507312e-10 1.060437335782863484e-06 4.084480283959345464e-05 7.467113536786897966e-04 1.742444869358969781e-09 1.183705786720757739e-11 1.031141034829514313e-04 4.950931425065079518e-07 9.258393429588084034e-04 1.030969877034823741e-02 3.466126725337823622e-01 5.809306791009832579e-65 0.000000000000000000e+00
0.000000000000000000e+00 5.612648385917003878e-86 7.202630856636165418e-29 9.225821286247455563e-20 1.105228786241932576e-01 3.531718187266373599e-02 3.375319320217765633e-17 3.029461450807959414e-11 1.558839515776997856e-08 5.802015795300499592e-09 2.224749305321282224e-07 6.063295808994741001e-13 2.146913188709000334e-18 2.273760466867159681e-13 1.021565350146869427e-22 4.457329217628687834e-26 6.570981147732605572e-17 6.722273849151745306e-01 8.846013830222608210e-83 0.000000000000000000e+00
0.000000000000000000e+00 1.406234988517884035e-212 1.966573164443173457e-33 3.225737893993138996e-24 1.619337012032325647e-03 6.854020730544108092e-06 4.711640792329509048e-18 4.803086759233218650e-21 2.451537558299249300e-21 5.695561962713432219e-26 7.701789085163851486e-26 2.033413095586498252e-38 1.653884435328722787e-49 4.480366054264851043e-40 5.491835685143783634e-53 1.629452700304060639e-60 2.180565530869766560e-35 5.117154562853978295e-01 3.226119327535193807e-89 0.000000000000000000e+00
0.000000000000000000e+00 0.000000000000000000e+00 3.960444102468493985e-22 4.508426172985026732e-10 1.199990943094645934e-01 5.074236859176623795e-08 2.076193378106991491e-15 1.185057694974842888e-36 2.595553511655481316e-38 4.021021601204757741e-53 8.191412126789455934e-55 1.035783336357876559e-71 4.012209951707320511e-92 7.262905004320342416e-73 7.568985603793125244e-82 8.321395268215848358e-63 1.117883207169766220e-21 2.913739527745253225e-08 3.505505182221102854e-154 0.000000000000000000e+00
0.000000000000000000e+00 7.408816910562807902e-265 3.876223406530882043e-01 1.091964565531877549e-05 3.639422002496878974e-08 1.157910614203749098e-16 4.890259054639697056e-19 4.169053260023389472e-47 1.009075895184878644e-45 1.731683743659919640e-55 1.210008416621987510e-52 7.940684299141742150e-59 4.413779416690946155e-70 2.415370657877121794e-42 2.949494656906589017e-43 4.693182447834071771e-24 2.384434061552950790e-01 1.007804475190947587e-44 0.000000000000000000e+00 0.000000000000000000e+00
0.000000000000000000e+00 9.526077141653457809e-27 6.043521853415544944e-76 3.237816133152648343e-94 4.320242233998454964e-70 9.890628951053912098e-38 3.513707681513473901e-15 1.026563122584665381e-28 5.119058711503332100e-20 3.555237781236965619e-15 1.576499781819673787e-11 1.075778541602170033e-05 1.872424741495952322e-06 4.533015489697773681e-01 2.786548437606179221e-02 4.752114227182739625e-02 5.067412908804304252e-04 3.207690491269263883e-48 0.000000000000000000e+00 0.000000000000000000e+00
0.000000000000000000e+00 8.678593609079455487e-30 1.747586466641968096e-247 8.478271499974763823e-240 2.573844834669760163e-178 1.773260759778696583e-84 4.131041583114698491e-19 3.754537929117753485e-20 1.145713994852741365e-04 8.865800100036058673e-01 6.808761969472465340e-05 2.242908605838452023e-11 1.876582851820518303e-15 2.355443269611375203e-22 6.323586414399239048e-21 3.702201913577579665e-12 6.076676500573707975e-16 8.285135166156775314e-43 0.000000000000000000e+00 0.000000000000000000e+00
0.000000000000000000e+00 2.700435155377562194e-51 4.824537096771880620e-236 2.354773489575317520e-242 4.441763147105240166e-178 1.505692068983484340e-98 3.464563129217110463e-31 3.124482224316283609e-18 3.279231543436639251e-01 8.213675166298578566e-04 2.215686272626623603e-20 8.139867732117235853e-28 5.234047850314061783e-39 1.446673879167503569e-45 5.359552451686817653e-52 1.013341900185252039e-33 6.290738588080881166e-39 6.512742762708001801e-44 1.566101528908535781e-276 0.000000000000000000e+00
0.000000000000000000e+00 1.045843874954671543e-38 2.181131965869398980e-219 3.884632522196094247e-206 1.522850873535682108e-168 6.990919235275397829e-122 7.607929817465377326e-56 1.559124956035239894e-21 2.043919647424080610e-01 1.577161464718366407e-02 3.085483628346486767e-12 1.508613565732820174e-20 3.739689269216392974e-38 1.816824368492583686e-45 8.992144457782223728e-60 1.067003925755344531e-47 6.535964084465630567e-72 1.165903607278623078e-74 0.000000000000000000e+00 6.533147908869945356e-276
5.369178841818838566e-86 7.626260271059294339e-290 0.000000000000000000e+00 0.000000000000000000e+00 7.689377703287703286e-303 3.860448548550261377e-203 1.195134258728498188e-97 1.192815268443093902e-38 1.729999130719928936e-05 4.410921267464745776e-01 3.680244322751340766e-09 5.173482005101173608e-30 3.070792271109770170e-63 1.031925444497503253e-98 3.413374628492207825e-158 4.407006452057690535e-184 1.322988205089047577e-269 0.000000000000000000e+00 0.000000000000000000e+00 0.000000000000000000e+00
0.000000000000000000e+00 0.000000000000000000e+00 0.000000000000000000e+00 0.000000000000000000e+00 0.000000000000000000e+00 5.311177326795779864e-186 1.249715251618153374e-75 2.823328589337952153e-24 1.405496087905150071e-01 1.414337621264681012e-12 1.053192600217744465e-37 2.284535275943168204e-82 4.561555383649737235e-111 5.278012193805152921e-160 6.212056824626277792e-263 0.000000000000000000e+00 0.000000000000000000e+00 0.000000000000000000e+00 0.000000000000000000e+00 0.000000000000000000e+00
1.131825955291878307e-19 0.000000000000000000e+00 0.000000000000000000e+00 0.000000000000000000e+00 0.000000000000000000e+00 1.593017160985060845e-142 8.487456572612010774e-72 1.306317108994759308e-23 5.572157183924220797e-03 1.225545163981279866e-04 7.603242814230282917e-20 4.986248491015276585e-46 2.121470302460436083e-67 6.650879368945268730e-84 1.985763802509564423e-176 5.350440956199194837e-206 1.411169333369189706e-303 0.000000000000000000e+00 0.000000000000000000e+00 0.000000000000000000e+00
0.000000000000000000e+00 3.464866401522537051e-76 7.813218662650052668e-250 5.095260824313720328e-276 1.884107451948894675e-255 5.658753549683300174e-153 1.685963360688662333e-89 7.688775005095891861e-37 1.864273022378407807e-14 6.598584628717302733e-10 8.872656365950805368e-02 3.447954929857765583e-04 8.985377044819400768e-16 8.260988122863839314e-16 8.349267318076296538e-82 9.351931005874711223e-112 8.517602828144207344e-169 1.742517504292459465e-217 6.815915129773198743e-292 0.000000000000000000e+00
0.000000000000000000e+00 6.232847850939414172e-24 4.990708947610981851e-112 2.329519380586736216e-114 1.803589930681197136e-123 2.657984469311505724e-100 5.070961217066486436e-58 3.271610924004205656e-21 8.781172078738651976e-11 1.142065185985505383e-08 4.986871717397902554e-02 3.907602562086254228e-01 9.626219787959999774e-01 3.028315306194656609e-01 2.194329946201927942e-07 4.871640998471209103e-26 2.368118139120893733e-60 1.958888877625938837e-103 1.413308253345272473e-107 1.211222187687444517e-245
6.256267687563000178e-48 2.908814693847887028e-256 5.094981001656060409e-306 1.204501067444618543e-194 1.355118640267629441e-131 3.711696114759544508e-103 1.533863293747958787e-45 6.018380955069367127e-11 1.707517975263359716e-02 3.082625356849800768e-01 1.916699979587765828e-11 7.163631389544491751e-15 8.509051052797914300e-21 1.777439425830200166e-27 1.036740031546876362e-23 2.634371274335140238e-36 1.372144982786821349e-63 2.372502476950685059e-133 1.046534518629427003e-154 0.000000000000000000e+00
6.676492473779982129e-40 3.510523029044064531e-165 4.355439077469277983e-134 2.613161723065985642e-46 6.037832017414634976e-31 9.896169905776124640e-14 1.461847578749515125e-02 1.720252574540196561e-02 2.955321537967523847e-08 8.267923024196948084e-12 3.377378359541626520e-16 1.262002566978145294e-13 3.390172893455277764e-21 3.412222469828166540e-31 3.931328800098697718e-13 8.238412543335664389e-12 6.667776362483764787e-18 1.833882113455537192e-29 6.543817923838946603e-63 0.000000000000000000e+00
1.107408329854672470e-207 1.184666382554240091e-52 3.703193953842633951e-63 1.528095426499940341e-41 3.016169031075890852e-04 4.534492080270251524e-01 1.638497168232605494e-01 2.121228686839655639e-03 3.416656034116049012e-01 5.614464680826065473e-06 1.539067919865580731e-08 3.026058778876227520e-05 1.467791915913908493e-03 2.214160315710754501e-01 2.604781363911704613e-04 3.348701886577846429e-13 3.987624175990040132e-18 5.433940842624846085e-26 3.834956788086764103e-29 5.290903100468226607e-44
0.000000000000000000e+00 2.531404229211553435e-05 3.978088320597587923e-17 4.313199226175350458e-04 8.466984275897896373e-01 6.189267196320758711e-08 4.713302763408224150e-08 5.568766489245548695e-08 1.487059712228522960e-11 2.117725102674258061e-12 4.108633910370865271e-04 3.131923764320180409e-02 8.771743728139211882e-01 3.282036583264764370e-05 7.006833811461893980e-10 2.129183365177968119e-20 5.127386998548016406e-20 5.862522743368994184e-03 1.061186910268247549e-29 9.184311297054228393e-74
