0.000000000000000000e+00 0.000000000000000000e+00 0.000000000000000000e+00 0.000000000000000000e+00 0.000000000000000000e+00 0.000000000000000000e+00 0.000000000000000000e+00 0.000000000000000000e+00 0.000000000000000000e+00 2.531804828283470940e-45 0.000000000000000000e+00 0.000000000000000000e+00 0.000000000000000000e+00 0.000000000000000000e+00 0.000000000000000000e+00 0.000000000000000000e+00 0.000000000000000000e+00 0.000000000000000000e+00 0.000000000000000000e+00 0.000000000000000000e+00
0.000000000000000000e+00 0.000000000000000000e+00 0.000000000000000000e+00 0.000000000000000000e+00 0.000000000000000000e+00 0.000000000000000000e+00 0.000000000000000000e+00 0.000000000000000000e+00 0.000000000000000000e+00 6.596176225075525573e-21 0.000000000000000000e+00 0.000000000000000000e+00 0.000000000000000000e+00 0.000000000000000000e+00 0.000000000000000000e+00 0.000000000000000000e+00 0.000000000000000000e+00 0.000000000000000000e+00 0.000000000000000000e+00 0.000000000000000000e+00
0.000000000000000000e+00 0.000000000000000000e+00 0.000000000000000000e+00 0.000000000000000000e+00 0.000000000000000000e+00 0.000000000000000000e+00 0.000000000000000000e+00 0.000000000000000000e+00 0.000000000000000000e+00 1.689438580028407300e-02 0.000000000000000000e+00 0.000000000000000000e+00 0.000000000000000000e+00 0.000000000000000000e+00 0.000000000000000000e+00 0.000000000000000000e+00 0.000000000000000000e+00 0.000000000000000000e+00 0.000000000000000000e+00 0.000000000000000000e+00
0.000000000000000000e+00 0.000000000000000000e+00 0.000000000000000000e+00 0.000000000000000000e+00 0.000000000000000000e+00 0.000000000000000000e+00 0.000000000000000000e+00 0.000000000000000000e+00 0.000000000000000000e+00 4.268189889561867080e-21 0.000000000000000000e+00 0.000000000000000000e+00 0.000000000000000000e+00 0.000000000000000000e+00 0.000000000000000000e+00 0.000000000000000000e+00 0.000000000000000000e+00 0.000000000000000000e+00 0.000000000000000000e+00 0.000000000000000000e+00
0.000000000000000000e+00 0.000000000000000000e+00 0.000000000000000000e+00 0.000000000000000000e+00 0.000000000000000000e+00 0.000000000000000000e+00 0.000000000000000000e+00 0.000000000000000000e+00 5.293603464096600820e-155 1.898589915749569258e-39 0.000000000000000000e+00 0.000000000000000000e+00 0.000000000000000000e+00 0.000000000000000000e+00 0.000000000000000000e+00 0.000000000000000000e+00 0.000000000000000000e+00 0.000000000000000000e+00 0.000000000000000000e+00 0.000000000000000000e+00
0.000000000000000000e+00 0.000000000000000000e+00 0.000000000000000000e+00 0.000000000000000000e+00 0.000000000000000000e+00 0.000000000000000000e+00 0.000000000000000000e+00 0.000000000000000000e+00 1.127711995171059333e-34 9.706743192001594481e-53 0.000000000000000000e+00 0.000000000000000000e+00 0.000000000000000000e+00 0.000000000000000000e+00 0.000000000000000000e+00 0.000000000000000000e+00 0.000000000000000000e+00 0.000000000000000000e+00 0.000000000000000000e+00 0.000000000000000000e+00
0.000000000000000000e+00 0.000000000000000000e+00 0.000000000000000000e+00 0.000000000000000000e+00 0.000000000000000000e+00 0.000000000000000000e+00 0.000000000000000000e+00 1.139049542738205193e-98 3.986611016670010138e-03 6.500530700117171906e-64 6.554134184193604541e-277 0.000000000000000000e+00 0.000000000000000000e+00 0.000000000000000000e+00 0.000000000000000000e+00 0.000000000000000000e+00 0.000000000000000000e+00 0.000000000000000000e+00 0.000000000000000000e+00 0.000000000000000000e+00
0.000000000000000000e+00 0.000000000000000000e+00 0.000000000000000000e+00 0.000000000000000000e+00 0.000000000000000000e+00 0.000000000000000000e+00 1.105210129644117304e-126 3.556267479907277274e-22 7.366459184168728993e-04 1.045705151758452290e-74 2.599056966196504570e-226 0.000000000000000000e+00 0.000000000000000000e+00 0.000000000000000000e+00 0.000000000000000000e+00 0.000000000000000000e+00 0.000000000000000000e+00 0.000000000000000000e+00 0.000000000000000000e+00 0.000000000000000000e+00
0.000000000000000000e+00 0.000000000000000000e+00 0.000000000000000000e+00 0.000000000000000000e+00 0.000000000000000000e+00 2.491902428470491778e-140 1.485601066173951207e-39 4.363518791624984572e-02 3.292952303390032763e-14 2.603927505855143159e-83 1.800726814746983552e-187 0.000000000000000000e+00 0.000000000000000000e+00 0.000000000000000000e+00 0.000000000000000000e+00 0.000000000000000000e+00 0.000000000000000000e+00 0.000000000000000000e+00 0.000000000000000000e+00 0.000000000000000000e+00
0.000000000000000000e+00 0.000000000000000000e+00 0.000000000000000000e+00 0.000000000000000000e+00 1.992372784401334638e-177 4.557865047114988822e-56 3.002861006911706408e-11 4.314297238711546113e-03 1.954263357724607763e-23 7.232058746754762516e-83 1.833381904581701111e-151 4.057968060354729554e-277 1.923518925262439730e-306 0.000000000000000000e+00 0.000000000000000000e+00 0.000000000000000000e+00 0.000000000000000000e+00 0.000000000000000000e+00 0.000000000000000000e+00 0.000000000000000000e+00
0.000000000000000000e+00 0.000000000000000000e+00 0.000000000000000000e+00 5.023169431291602869e-231 1.988841276709992349e-106 5.223309518596888173e-24 2.744503874127120647e-03 2.856829340815285127e-07 6.203247252996980027e-28 7.178603092086445049e-73 6.097834737910161944e-120 2.050345550403356514e-213 5.256736203440438494e-227 9.673677124902264609e-230 0.000000000000000000e+00 0.000000000000000000e+00 0.000000000000000000e+00 0.000000000000000000e+00 0.000000000000000000e+00 0.000000000000000000e+00
0.000000000000000000e+00 0.000000000000000000e+00 0.000000000000000000e+00 8.792116012012458403e-191 1.858965646855588125e-79 4.247951992843824880e-12 2.798879353628083155e-01 4.410321681363922152e-09 2.854698156628669559e-30 4.706349125567797910e-62 4.938793159820267737e-94 3.465570920272676134e-166 3.167615447803983465e-176 2.831853610470111396e-169 0.000000000000000000e+00 0.000000000000000000e+00 0.000000000000000000e+00 0.000000000000000000e+00 0.000000000000000000e+00 0.000000000000000000e+00
0.000000000000000000e+00 0.000000000000000000e+00 0.000000000000000000e+00 7.799992842699338698e-186 8.728667042305137422e-72 2.041004235422878111e-07 8.487569685235135664e-01 2.209290814562492118e-09 1.729168319605575189e-30 2.583792873317896696e-55 3.134552394261884324e-87 1.841436955981249337e-157 2.478136210975299823e-176 4.389573144967366618e-159 0.000000000000000000e+00 0.000000000000000000e+00 0.000000000000000000e+00 0.000000000000000000e+00 0.000000000000000000e+00 0.000000000000000000e+00
0.000000000000000000e+00 0.000000000000000000e+00 0.000000000000000000e+00 1.976786951862775490e-181 7.545849911228310319e-63 2.633285159042125389e-06 8.299180362183324888e-01 9.703067847507677241e-08 8.921153643259748679e-27 1.960383170169816504e-52 5.282981291736173462e-97 1.254708574138594034e-162 1.759487522448573575e-208 8.918618869475595583e-203 0.000000000000000000e+00 0.000000000000000000e+00 0.000000000000000000e+00 0.000000000000000000e+00 0.000000000000000000e+00 0.000000000000000000e+00
0.000000000000000000e+00 0.000000000000000000e+00 0.000000000000000000e+00 2.568355116228046181e-185 2.741861118639261366e-61 1.668068591361316917e-11 4.394261564376804319e-02 1.482445994994647587e-04 8.363298595364024012e-22 1.353930125103880802e-52 4.813440028844021625e-109 7.822598743985006213e-175 4.003184873757606294e-250 2.040016945667018028e-282 0.000000000000000000e+00 0.000000000000000000e+00 0.000000000000000000e+00 0.000000000000000000e+00 0.000000000000000000e+00 0.000000000000000000e+00
0.000000000000000000e+00 0.000000000000000000e+00 0.000000000000000000e+00 3.777433172516494766e-214 1.400821717184230848e-79 8.192705718018917690e-28 8.539617838216030140e-09 5.757946733878684942e-01 4.670707266225333760e-14 3.420154132753572009e-45 1.143183401472941211e-97 3.403470717782608114e-183 4.641054773437970117e-285 0.000000000000000000e+00 0.000000000000000000e+00 0.000000000000000000e+00 0.000000000000000000e+00 0.000000000000000000e+00 0.000000000000000000e+00 0.000000000000000000e+00
0.000000000000000000e+00 0.000000000000000000e+00 0.000000000000000000e+00 1.448217363200845090e-290 8.512979645388660328e-129 2.497213539249528804e-53 3.083344300401536533e-18 4.895822235640864828e-02 7.699054544401727439e-11 2.107367654988964213e-41 6.796750660787393063e-90 3.349011838391610109e-204 0.000000000000000000e+00 0.000000000000000000e+00 0.000000000000000000e+00 0.000000000000000000e+00 0.000000000000000000e+00 0.000000000000000000e+00 0.000000000000000000e+00 0.000000000000000000e+00
0.000000000000000000e+00 0.000000000000000000e+00 0.000000000000000000e+00 0.000000000000000000e+00 6.431287852407615824e-212 1.421448157971822090e-90 3.829167053563261009e-32 1.626359404474008938e-04 1.291782639530675540e-08 2.498789419894652732e-39 5.356205912893501349e-96 4.414847449246681309e-237 0.000000000000000000e+00 0.000000000000000000e+00 0.000000000000000000e+00 0.000000000000000000e+00 0.000000000000000000e+00 0.000000000000000000e+00 0.000000000000000000e+00 0.000000000000000000e+00
0.000000000000000000e+00 0.000000000000000000e+00 0.000000000000000000e+00 0.000000000000000000e+00 1.995309783800585338e-272 5.790645336614975046e-128 1.683661021401889765e-51 4.287725837531142994e-11 1.455256710571916235e-03 8.197712845220810359e-28 2.350019823869102934e-89 9.585521863813584550e-235 0.000000000000000000e+00 0.000000000000000000e+00 0.000000000000000000e+00 0.000000000000000000e+00 0.000000000000000000e+00 0.000000000000000000e+00 0.000000000000000000e+00 0.000000000000000000e+00
0.000000000000000000e+00 0.000000000000000000e+00 0.000000000000000000e+00 0.000000000000000000e+00 0.000000000000000000e+00 5.382023447351291945e-157 5.749809530612271088e-74 3.639656895337411082e-22 3.289423970413228870e-01 1.154562519922199392e-16 1.486572506660448943e-68 4.980436901758689802e-193 0.000000000000000000e+00 0.000000000000000000e+00 0.000000000000000000e+00 0.000000000000000000e+00 0.000000000000000000e+00 0.000000000000000000e+00 0.000000000000000000e+00 0.000000000000000000e+00
0.000000000000000000e+00 0.000000000000000000e+00 0.000000000000000000e+00 0.000000000000000000e+00 0.000000000000000000e+00 3.044866592256211566e-211 1.554573065470335808e-107 6.348607567091880373e-39 3.076907344134571232e-01 1.013176062740533365e-09 3.467651946450082294e-53 4.349474468843237742e-168 3.224898520058707008e-291 0.000000000000000000e+00 0.000000000000000000e+00 0.000000000000000000e+00 0.000000000000000000e+00 0.000000000000000000e+00 0.000000000000000000e+00 0.000000000000000000e+00
0.000000000000000000e+00 0.000000000000000000e+00 0.000000000000000000e+00 0.000000000000000000e+00 0.000000000000000000e+00 2.477430615229557943e-265 2.648642758782923831e-144 2.621936047237200190e-56 2.888632051385499940e-03 9.942269064741194581e-06 6.007085306977846845e-52 1.051618362402933708e-172 1.019056601568817598e-296 0.000000000000000000e+00 0.000000000000000000e+00 0.000000000000000000e+00 0.000000000000000000e+00 0.000000000000000000e+00 0.000000000000000000e+00 0.000000000000000000e+00
0.000000000000000000e+00 0.000000000000000000e+00 0.000000000000000000e+00 0.000000000000000000e+00 0.000000000000000000e+00 5.569564568700248405e-253 5.017981809102154853e-150 3.289689723467995072e-55 2.025069114183465937e-06 1.389579636157585105e-03 5.299596521888569025e-48 1.969486838941957195e-154 4.238917955237526265e-277 0.000000000000000000e+00 0.000000000000000000e+00 0.000000000000000000e+00 0.000000000000000000e+00 0.000000000000000000e+00 0.000000000000000000e+00 0.000000000000000000e+00
0.000000000000000000e+00 0.000000000000000000e+00 0.000000000000000000e+00 0.000000000000000000e+00 0.000000000000000000e+00 2.182190578452840737e-207 7.295848576237402803e-138 3.612990731131865162e-60 6.894248358131930852e-14 5.152970990210106184e-01 1.868400915688409906e-34 1.038405256741740372e-114 2.101851467190480529e-243 0.000000000000000000e+00 0.000000000000000000e+00 0.000000000000000000e+00 0.000000000000000000e+00 0.000000000000000000e+00 0.000000000000000000e+00 0.000000000000000000e+00
0.000000000000000000e+00 0.000000000000000000e+00 0.000000000000000000e+00 0.000000000000000000e+00 0.000000000000000000e+00 1.383402501203199184e-178 6.942304463010761620e-129 1.269367017728331745e-70 1.411273819208785938e-19 1.609984007381316251e-01 3.012207663913197135e-25 7.871000926500582262e-90 5.304324697801178183e-220 9.436289590379272215e-302 0.000000000000000000e+00 0.000000000000000000e+00 0.000000000000000000e+00 0.000000000000000000e+00 0.000000000000000000e+00 0.000000000000000000e+00
5.588034400097129388e-21 0.000000000000000000e+00 4.914503052113583376e-193 4.460205909575161531e-163 2.008550877688338714e-124 2.153486122235130444e-85 3.759910825850118613e-81 4.523483377263940661e-66 1.266505052547747474e-17 3.994610048059600490e-05 1.601648313445667305e-06 5.126838732845990204e-34 1.795452506133771857e-112 4.271361426050116077e-187 7.837082487894361050e-256 0.000000000000000000e+00 0.000000000000000000e+00 0.000000000000000000e+00 0.000000000000000000e+00 0.000000000000000000e+00
1.317335048780995120e-237 9.460260468360404129e-01 9.330628164404275436e-54 1.872067335127408086e-46 6.642043803296320585e-28 4.533237950949338632e-19 1.537748719448159548e-06 1.633495184943644651e-01 4.564859849810329329e-02 6.038606370665770828e-02 1.693060699442950137e-02 5.204876246083506376e-07 5.381399039608160730e-09 3.050872230015183893e-05 4.370857364146011796e-09 5.631412564595461372e-09 5.766496928490048033e-09 8.369224996003198080e-02 5.982925576729092668e-64 0.000000000000000000e+00
2.221823699276655586e-149 3.274346060716389063e-06 1.290908173776145891e-93 2.753435635868291864e-142 1.930476445216053201e-170 2.605429442246700144e-138 1.808394290928378410e-116 2.526578180615499051e-89 1.064285449807406633e-51 1.322223411252724373e-45 3.781362605961612740e-28 5.463447497626176718e-20 4.852146330764206348e-10 6.661317328954136086e-02 6.231918624589346534e-01 5.049590647665568380e-06 2.232144267201045132e-38 1.700988286297178559e-99 6.219801902922194207e-307 0.000000000000000000e+00
0.000000000000000000e+00 1.556915874099293500e-05 2.144062732085930817e-02 7.386501617683062136e-32 6.465705967014369160e-81 1.115198512891393297e-81 1.227127256136624753e-102 7.340541464589895544e-114 5.814657366960271197e-88 1.493286653470362448e-87 6.939267046818031458e-61 8.858248479725909373e-38 3.285580924930400379e-28 2.257606320485368860e-18 3.896628060199604487e-03 2.080378112960524340e-05 1.583442373880779980e-58 9.923724807036581288e-177 2.504219734750531282e-262 0.000000000000000000e+00
0.000000000000000000e+00 1.225174814921288661e-09 5.917774482454271999e-16 4.428447212122467169e-01 8.923484420820151567e-10 4.143918512252848379e-20 3.787089811246640088e-52 3.995757954584734514e-70 4.110649285071276756e-68 1.431146005572487922e-74 4.667231555776245542e-50 1.109924156695603064e-22 6.902662097383841226e-14 8.423376963221559559e-10 4.556779767484341326e-01 1.943530765511459218e-09 1.468521647917814269e-40 1.437001593392018595e-119 1.622454522800588643e-148 3.978962709474091880e-72
6.186481527031938432e-01 3.784967742765201967e-03 2.424170391384229337e-02 8.183163628694077874e-01 8.197375471641181743e-01 1.221964101176532987e-02 2.322498104553804930e-12 2.116326876302058693e-15 8.085071825497286448e-11 7.511140607287958210e-08 2.233789542782549653e-01 7.442929808679178347e-05 1.651857320383355878e-08 3.357789679634429001e-08 5.933156596315060409e-12 1.464788771102852304e-16 1.979422721209830842e-10 1.195371985441532706e-09 1.792666974506634552e-07 8.305102201797900678e-149
0.000000000000000000e+00 3.062943070239685197e-117 1.368447520941686035e-32 2.389497405607491479e-15 2.433408030616178788e-02 9.125716998167201499e-01 9.383267787908209367e-01 3.791604877975063292e-01 4.481815513462595466e-07 5.195880544006837779e-19 1.705869924879901274e-40 3.514658921932514173e-71 1.299806770337576079e-70 1.246924478627712036e-59 1.377726266705224102e-51 7.264667406422068862e-32 2.010029884215565177e-10 3.412983747124152958e-05 2.764193054430792986e-32 0.000000000000000000e+00
0.000000000000000000e+00 0.000000000000000000e+00 2.935238902289955192e-250 1.863158027667141212e-83 4.069580077569101881e-05 2.204467529395976594e-03 5.916199615252336763e-21 3.587173130518002184e-52 5.818843978063084304e-97 2.092167147176292733e-129 7.164121120189728271e-153 5.383295363318877625e-191 2.509090910088934463e-181 1.269771060961572301e-150 1.232234164055168712e-106 9.243967655032617149e-57 1.657890891249158957e-17 2.726535111675748763e-41 2.052523174377397045e-308 0.000000000000000000e+00
0.000000000000000000e+00 0.000000000000000000e+00 5.179589197579662227e-266 5.403095904978815312e-56 6.151871343994538095e-04 6.367147437076365912e-08 6.862855594146222031e-54 2.045775922357005698e-107 4.944947745767384709e-123 1.726615622131569094e-142 3.984540647323893178e-127 5.387876494937975637e-115 2.717539046447775738e-140 7.582272205822136523e-135 1.171297687956103163e-99 3.291128360686539016e-60 1.786080656535315315e-15 2.781426666928061472e-16 6.697927624496010076e-266 0.000000000000000000e+00
0.000000000000000000e+00 0.000000000000000000e+00 2.657258966208457190e-53 1.621273462678446964e-01 1.327645693051332787e-01 1.047210108679575163e-14 5.129887424321872093e-47 5.118525686250044370e-60 7.281887796029890593e-56 3.905743222611472263e-58 1.087163554692712248e-38 6.861111022980867817e-20 2.786436336123621265e-36 4.208929077234813511e-41 1.480438667890247571e-37 1.481433499346806048e-26 7.696165550540071739e-09 2.136856425124856462e-01 1.674545851824595739e-44 0.000000000000000000e+00
0.000000000000000000e+00 1.289280999032271779e-01 3.896925222891627092e-45 5.436140108527990415e-58 3.347420805927983031e-17 5.147466452636887051e-13 7.269453492874807254e-13 4.600693958789584793e-06 3.144753175403397667e-04 1.493226205126063806e-02 8.305259336321909602e-01 5.230861300080785065e-02 4.612044379265366478e-01 7.999087124319109038e-03 3.356290338018816849e-05 2.497708027895632554e-05 1.185270757319167693e-02 1.904047417542220154e-07 8.018347287506987220e-01 1.460904938129075531e-36
0.000000000000000000e+00 8.666179473022400780e-179 2.693315716119388398e-128 1.285913257484915667e-56 1.449177477581952891e-06 3.693554846519758739e-02 1.304673790719851945e-10 2.376472933420314875e-19 5.852561571006013551e-21 6.838234618096487310e-23 2.334716247185279688e-15 8.008835032472786557e-10 3.294808230011828792e-04 1.722849228237140207e-01 3.251553101297237347e-02 8.792094539272267574e-06 1.119930915658055393e-04 1.282247484286341361e-18 7.775964134319776700e-30 6.599627682828403551e-65
1.324710427014294360e-02 8.154344681639008933e-225 8.297904985559073360e-29 5.991383384946542823e-02 1.495689197488749677e-06 2.268275264209124778e-28 2.530624026806479043e-55 7.720918740242269799e-56 1.271195195108936683e-50 2.172418959512539250e-44 2.805583676852290219e-19 1.612054868650369743e-18 1.072170026049865531e-08 4.670591636374768073e-04 7.111354138151844140e-01 7.954160272655433986e-08 2.098595679455912346e-10 5.059774235792894539e-24 4.782683043120028833e-61 0.000000000000000000e+00
1.216563411909344152e-225 2.278906584719047160e-92 8.369282641639198177e-04 1.708039149800782328e-11 4.733785958214127824e-14 1.033820781147747209e-24 1.330447231853450415e-45 4.914241426985781181e-32 1.086853743582101558e-23 7.347783046388223658e-13 1.219357269039365672e-06 1.983019133394290720e-17 1.531734651539807853e-10 3.572301707123429672e-08 8.008585792515374646e-04 4.065643761133869161e-02 1.028288993033667589e-04 4.353030638696136616e-06 2.080263780149855495e-17 0.000000000000000000e+00
0.000000000000000000e+00 7.424968184243138388e-32 3.796167234876074784e-03 4.028659517099933418e-02 3.213194864520206306e-01 4.990986904831725378e-03 3.053944285710259300e-12 8.509642798250032105e-07 1.768601710921921012e-04 7.998581677682247149e-01 2.234127027470414473e-02 3.517532720929076515e-09 6.764039795275599787e-09 8.661635929513511322e-13 3.856282455615187996e-09 3.795965006422340627e-03 1.226542766685259286e-02 2.815826568924129081e-01 5.341004314939614556e-02 1.657152593129005901e-10
0.000000000000000000e+00 4.559023684294150981e-37 5.407259517920025947e-08 5.700473377041686917e-06 2.578199687677870271e-06 1.444543500479596090e-04 7.385948411749421183e-01 7.463426815119162949e-01 7.108965015364407947e-01 8.539533278339055400e-01 1.772244195292414478e-04 9.216882199646486164e-06 3.194702836155315194e-08 3.347674816121777588e-20 1.445711005216047894e-16 6.155078645686792626e-15 2.044198159339136098e-13 1.165171825044047579e-02 6.125132101406326894e-07 1.114694844681025427e-113
0.000000000000000000e+00 1.443395393853155691e-45 2.058754075787960945e-22 1.531833842558192617e-04 9.970920341850131319e-02 5.545730951873894393e-03 2.760945944044032596e-02 5.172153183034532420e-01 2.115147799717892740e-01 5.434015525821715589e-05 4.283951043850888737e-10 8.253376495713472209e-05 8.823310844613318443e-09 7.911344632539019028e-20 1.143614492998250558e-17 1.284111608745744793e-20 1.472094670399896108e-06 8.196353658038839640e-01 9.914169918606485484e-28 1.445430693054883861e-30
7.574931434588483246e-309 3.029845378119932744e-20 6.340754970883192201e-07 7.394301646114787366e-03 2.232073456072025374e-06 1.495293083136296970e-04 6.847033876087258442e-01 1.476777576960952403e-02 9.361053556458674750e-04 4.294283683504251322e-06 1.360738915755004021e-05 1.898047399202030805e-01 1.791589189195542378e-03 4.918259360248351027e-05 2.117835444576610169e-06 1.177202599608423844e-10 2.476399082555220676e-01 3.124083117246488905e-01 7.607418705393969270e-16 1.310297691038351711e-25
0.000000000000000000e+00 1.028914593843081038e-01 1.272914750399425506e-08 2.298582303978893642e-12 3.265600905093271079e-08 1.079151976605607719e-07 9.773903463351094612e-01 6.962404703088990177e-01 3.399434635127150939e-01 3.211504652430488549e-01 7.721778121333522371e-01 3.996664315840942755e-02 3.976530781574343781e-02 1.371226722319081326e-02 2.249183253526364223e-01 2.451642438588465673e-05 4.144565622774985802e-02 1.266255983221575010e-01 6.492972189258017224e-01 4.006577792347248353e-10
0.000000000000000000e+00 1.894423758592064758e-72 1.007214489457500877e-87 1.428667048610846958e-33 3.526793465055768756e-11 2.351290153573753866e-06 7.893622336100080128e-01 1.658815049512047946e-01 4.301966001671916340e-01 6.880140750720245002e-01 6.925822271890445803e-02 2.822289127544939241e-02 9.376604070521535001e-07 7.111620370028944008e-16 6.369816661359587091e-05 4.073012976655688844e-01 8.706851538327603501e-02 1.482376630162413697e-05 3.247413319406690162e-05 1.055978166509528383e-11
1.438944465657224212e-27 2.086840425917373382e-267 7.288913647458752434e-232 4.406660651945822613e-93 8.646084826720173492e-32 2.592725112957049606e-12 1.594505742147671193e-03 2.783069385465636869e-01 5.052887759327122641e-01 2.331099336958676327e-01 1.093877112669425916e-03 1.869594661734674899e-03 5.731623071332905351e-11 1.365184896488170772e-32 9.542869764014933188e-33 1.278349853736308427e-20 5.624002185240233686e-21 6.512366592434476916e-35 3.670726086648522767e-50 2.312834868844361194e-231
4.036262744774798428e-09 8.102583261034625057e-222 1.339807232176660692e-239 2.198472606096692892e-132 2.176397021023245140e-54 1.158451760361692070e-20 2.220706364352891796e-07 1.401319423622557174e-02 4.506494137427985436e-01 2.792519056312926361e-03 3.139388869110792468e-06 3.180612410441003923e-08 3.328603763355633449e-15 2.617400493701285562e-33 1.669120212003576078e-60 1.811932017692792815e-54 1.749302295089384427e-45 2.039895855233392468e-32 3.677299720208433684e-57 0.000000000000000000e+00
1.874494372482953478e-45 1.102214997924984746e-35 2.153764059737981424e-128 2.775681558090875503e-106 7.456418015697063106e-55 4.456837587070272702e-25 6.819971012656884868e-14 4.004716956271069236e-05 2.125168414201219769e-01 1.080981818013336017e-02 1.489983179353363387e-03 2.373644328936874534e-09 4.987473981339361223e-11 1.171247588061087017e-18 4.464520477370834075e-43 9.825647738989105387e-62 1.900652982682570312e-63 7.779745736901234209e-40 5.777647926542299074e-37 1.548963329556952166e-248
0.000000000000000000e+00 5.503888270018772742e-05 3.348783715178511283e-60 8.052935013863963640e-59 1.132521357196759525e-39 1.742073626857473957e-21 3.357699872947895273e-22 1.646635493346280187e-07 1.862125440129973114e-03 3.426061526481667396e-01 4.141030681045681193e-03 1.712235370187095047e-10 3.918939110071263098e-08 6.171186884910059033e-12 3.488636682913331362e-18 1.542368913347823229e-40 1.775988007002209013e-51 2.571661777657658664e-63 2.111993390262257895e-38 3.034071969844668954e-105
0.000000000000000000e+00 1.852985058234561786e-22 1.329766547335816027e-20 2.920890525743608377e-11 2.193768958264021157e-09 1.809464742095265007e-03 1.166124274840018993e-06 7.193532928548049821e-01 7.605759417979644776e-02 6.194649924135142314e-04 5.329967956987405687e-09 1.449059171929085053e-10 8.693743678496261066e-08 5.847850587580968373e-09 6.035535820503669067e-07 1.044744516314960543e-16 6.565259965828771492e-19 1.450479810753482928e-50 3.087221844224360977e-31 1.863619637905160829e-10
1.346479146585478848e-24 5.436618934173547856e-42 5.596744368895848476e-01 2.036379458428671606e-09 5.098741754857799439e-12 3.052502052148300930e-20 2.082335060452463412e-14 6.801429858429500642e-17 5.365014070717751461e-23 8.366049562608822143e-13 1.292039503841885359e-11 9.347719016708728388e-06 5.481659693489474017e-03 2.350852191431783977e-01 2.674690492605905634e-01 4.611004505337600902e-03 2.764598573616717549e-03 1.983079144491170429e-22 3.304135132613793118e-30 4.358818482800241173e-02
9.026033904932583389e-28 3.055252252972824941e-22 1.823403051527953418e-09 1.645702825725965049e-33 1.091476052244965679e-43 2.434562089399394362e-54 3.634279184278565647e-43 6.044881111302734865e-30 4.267456502061364055e-34 9.474067752543632439e-14 6.280502240987108979e-08 1.014532740211980351e-08 1.712404585534663126e-02 7.929986429660658143e-01 9.795774926828607065e-02 1.370077784905031869e-02 2.591331785325186928e-03 1.434656001564389465e-09 3.684918930773026251e-35 1.859666805118502293e-09
6.518306820223720093e-97 6.549294735303308190e-01 2.631957707841780288e-03 8.219834983059357431e-08 1.867882368547648022e-06 1.205701598628846781e-09 1.524819779063971981e-01 4.246965606508297242e-01 1.897226839863061217e-04 1.432594609797365436e-02 5.808586757684890654e-03 1.006212043311600363e-13 8.887771633350054629e-10 2.194185893720066653e-08 1.500533801159017373e-16 1.704559203597479920e-26 2.156126838115527150e-29 1.040926317289263578e-23 3.003279919267893190e-39 2.658118393546747528e-155
0.000000000000000000e+00 1.805913684659637974e-01 2.087701229077786741e-02 5.276885513069958845e-05 1.039590969477837300e-08 1.841638388869412272e-05 1.280151765058529301e-20 1.189179977639680497e-14 1.710320407460184933e-03 4.317831591259114754e-01 4.665089669228519309e-01 8.669073859182923171e-04 1.628317583862654094e-12 3.105667066467487682e-18 8.873508229093305428e-22 6.716922791649120948e-49 4.157993514694958094e-73 3.207940256318598030e-88 6.386147358431250267e-81 0.000000000000000000e+00
9.747426922090228465e-145 8.204637917911812923e-14 5.819719381778616228e-15 2.097920937146886754e-28 3.237200763733974548e-17 1.378846938996009899e-20 1.124033213836804427e-10 7.146029157537654069e-04 1.687031729023175941e-01 2.361616023139579135e-01 1.657720654541379977e-03 8.565722333115990961e-02 9.631539031337441073e-10 5.413955408828026377e-12 9.382952987208025995e-09 2.141758032382188698e-18 8.081552511034444071e-48 7.235296861183119768e-92 7.116265684999761044e-105 7.986067344502102329e-267
6.140168586505595738e-216 2.745770237903142487e-43 2.536681115894814624e-73 1.561716508118148977e-113 5.918294304723828918e-57 1.003781577126781755e-57 2.776042791261212766e-06 9.173151816468739783e-01 1.643856483509509026e-01 1.709665034090315783e-01 5.003042594984229805e-10 1.075581226553329320e-12 3.157197226685370572e-16 9.491085335529581943e-20 1.797822191497541095e-16 1.476958287990636708e-09 3.369177741297808667e-20 4.298487258890834002e-44 6.946102652111487043e-63 3.740037860216363728e-03
0.000000000000000000e+00 1.448300936572168085e-116 1.462139743911700101e-127 4.652462895675241532e-207 9.995924574296279045e-136 1.922041091733791262e-94 2.921686843241500959e-21 3.497527718658887725e-09 1.025480580157600283e-12 2.582442948063181677e-03 1.993248356057078507e-02 2.555415738787519239e-13 8.620050113869968380e-19 8.745237551175231594e-35 7.889296945771234482e-44 2.835819258323959429e-38 6.940508184565622890e-32 5.988234193305515537e-29 2.480635894497535102e-33 1.110769673663070563e-103
0.000000000000000000e+00 2.140182644166746492e-118 1.721266983434007913e-80 1.500739778585768247e-147 4.291561678295707144e-124 6.274859918237030274e-76 1.513207270301222765e-50 4.060504625745758898e-38 2.593104301653659022e-38 1.501028946064593948e-20 4.066969634503483799e-09 6.943493680913852550e-01 1.240382587131781718e-08 3.533476485452163589e-26 6.649239678943716295e-41 5.376473527157028040e-63 8.172350938436871421e-46 9.275514401397322298e-20 1.247067214016485956e-33 4.292638904804554392e-48
0.000000000000000000e+00 7.719799484522483862e-58 9.512727827919753476e-21 1.968953839106322553e-32 7.734746307256407729e-34 8.615362142468592518e-19 8.608395256081484523e-27 1.283802255425547134e-15 1.498836733541898652e-16 2.274543791764954254e-10 2.279558172455078074e-05 8.143400707872981981e-01 3.285107157851227160e-06 2.709389055909376970e-12 5.268880773674514684e-16 1.253375103189871793e-24 1.183477222646745288e-11 4.076684511569784730e-01 3.826008320724797601e-02 3.654529493189719218e-13
0.000000000000000000e+00 3.827457434594735280e-02 1.121547997154368747e-05 1.464166664969058663e-19 9.189882150170054727e-13 3.116373015153107438e-11 2.640738458816044095e-05 7.509342960524464350e-09 2.814551366515512079e-07 6.376994211218785604e-06 4.978501214939549507e-05 1.443661733405057117e-03 1.608248213931156700e-03 9.702254073199445550e-01 1.324567648989145863e-01 1.095102451037209228e-05 1.495253289118745020e-20 4.602959947918249011e-73 6.893024940151922355e-118 4.530095886280927520e-213
1.560395939882118989e-236 1.259067188171979568e-78 1.401568753941506113e-145 4.484450980067406983e-215 1.733827173592358303e-149 5.837474157943618090e-96 1.275756938252945332e-66 4.879057123915367419e-51 5.292461594692263491e-40 3.108131122616810404e-21 2.931111953769233114e-07 7.568306744015741439e-01 1.042085060937769191e-06 1.867778133027414300e-33 3.927303421476557316e-44 5.051825045376626702e-76 3.371997421041009552e-110 7.961430605820066880e-172 0.000000000000000000e+00 0.000000000000000000e+00
2.282478337733752710e-05 1.613965680440986075e-305 0.000000000000000000e+00 0.000000000000000000e+00 7.633421139236557402e-268 1.056159816450805907e-153 4.861685562352522121e-90 8.573259963845201638e-45 2.447939639769686703e-27 8.483624404540905031e-09 9.272997172622438056e-01 2.158252990800581391e-11 4.108246710124395028e-37 2.833304952040856359e-91 2.144062302575886160e-119 5.237212478615382244e-187 2.000024472043204927e-221 1.019251019592554488e-221 0.000000000000000000e+00 0.000000000000000000e+00
1.703121557553191280e-24 0.000000000000000000e+00 0.000000000000000000e+00 0.000000000000000000e+00 4.819010383782785134e-214 1.714588806744636707e-113 6.902895944313370672e-58 3.104888210874148146e-14 7.414457583249996642e-04 9.001975628765077619e-01 1.752675613940729397e-05 5.812005898707776759e-23 1.547358101867647899e-47 7.048206446314160704e-88 6.950469899061918033e-142 2.756592690281588647e-238 1.892060227487968974e-282 1.302381527339885003e-248 0.000000000000000000e+00 0.000000000000000000e+00
7.412446339569089094e-24 0.000000000000000000e+00 0.000000000000000000e+00 0.000000000000000000e+00 6.771533456897100751e-199 1.961042291898011243e-100 1.169073091134681813e-41 9.384752156792285213e-04 4.774554509737882063e-02 1.611886803822695021e-04 8.303959519543988632e-11 8.756873640486753023e-35 6.409389592162682953e-61 2.368201748749941326e-86 1.233351222146473265e-142 7.371069012870187249e-231 3.509765162181941218e-288 0.000000000000000000e+00 0.000000000000000000e+00 0.000000000000000000e+00
8.628083590475125172e-246 0.000000000000000000e+00 0.000000000000000000e+00 0.000000000000000000e+00 0.000000000000000000e+00 2.296638906992514015e-168 1.080853771858217974e-60 2.890894062211335976e-05 1.763545670477812419e-03 1.135280535622861444e-13 4.508089256121203551e-38 7.612929708263510647e-94 2.662732592578015602e-148 4.031097468611747178e-178 1.439099480594127548e-254 0.000000000000000000e+00 0.000000000000000000e+00 0.000000000000000000e+00 0.000000000000000000e+00 0.000000000000000000e+00
0.000000000000000000e+00 0.000000000000000000e+00 0.000000000000000000e+00 0.000000000000000000e+00 0.000000000000000000e+00 1.631556498420689605e-268 4.112447819338210249e-115 1.936283869644459720e-21 6.303490449141456731e-01 5.844242143958731672e-23 1.841358250155849089e-103 1.369814901931347410e-205 3.066821228039577476e-291 0.000000000000000000e+00 0.000000000000000000e+00 0.000000000000000000e+00 0.000000000000000000e+00 0.000000000000000000e+00 0.000000000000000000e+00 0.000000000000000000e+00
7.556342182378015249e-01 0.000000000000000000e+00 0.000000000000000000e+00 0.000000000000000000e+00 0.000000000000000000e+00 0.000000000000000000e+00 2.606086279210668724e-203 1.400507417925467739e-65 7.713759592593459457e-09 4.614745330149359550e-09 3.454072851776970470e-100 7.313348022691699044e-215 0.000000000000000000e+00 0.000000000000000000e+00 0.000000000000000000e+00 0.000000000000000000e+00 0.000000000000000000e+00 0.000000000000000000e+00 0.000000000000000000e+00 0.000000000000000000e+00
0.000000000000000000e+00 2.612673995467571619e-168 0.000000000000000000e+00 0.000000000000000000e+00 0.000000000000000000e+00 0.000000000000000000e+00 3.113648986077151281e-241 8.291082657988274218e-108 5.626149532494133591e-40 4.429100061366186836e-02 1.345380648247937743e-30 1.320681993155615430e-93 1.880807927057008642e-176 3.551425188254725769e-206 5.470247049461612839e-279 1.848090948363464687e-303 0.000000000000000000e+00 0.000000000000000000e+00 0.000000000000000000e+00 0.000000000000000000e+00
0.000000000000000000e+00 3.781829050736841357e-35 9.867295714659276126e-277 8.649591730066354382e-284 1.710736513190386459e-274 1.442908264881238846e-231 1.320648631183170450e-171 2.863732116243839916e-71 1.083226224655264318e-31 2.818027468290648305e-03 1.509206609750871345e-12 2.865131108435617685e-33 3.038827463763022736e-65 1.129742060334222399e-92 1.205386931905702552e-95 5.761812358825637111e-115 3.849286133110095567e-136 1.580251856816115266e-213 0.000000000000000000e+00 0.000000000000000000e+00
0.000000000000000000e+00 4.796226396552111999e-151 2.799083157873441073e-234 2.067239276980716367e-130 5.980103965059536385e-87 5.400069624573200762e-80 3.053493813531082578e-75 8.007820599625261844e-26 8.925102313341591901e-04 7.011550034921720798e-02 3.746380204287073499e-20 5.294862173284774307e-41 8.953211505230038678e-65 2.635575861104848131e-109 9.496402921112227990e-100 2.177048175285590739e-102 9.312774378204658745e-112 6.536076810009505523e-227 0.000000000000000000e+00 0.000000000000000000e+00
3.424217374665402947e-233 1.807180760041749365e-180 5.985681933416196207e-80 3.844782147794363549e-39 2.495997276745647314e-07 3.897850795165204961e-03 8.804942866420415945e-04 1.888464902383162839e-03 2.027701738173932379e-03 3.558883327002225210e-14 1.311749473870483872e-14 7.602708398439283749e-31 6.547025646871472909e-40 6.304872953609894420e-80 3.933474175857963020e-79 2.325260322159811735e-76 1.199309907831132253e-98 3.266578391173629587e-106 2.610215970531016640e-55 7.946342112208267953e-69
0.000000000000000000e+00 8.827481194327309029e-39 2.966441186831459088e-176 1.586288366099752391e-189 1.118822688126443158e-188 7.757218690265232580e-124 8.382421556675075840e-72 5.200738549993913543e-20 2.817350245911462245e-06 3.190372395609690319e-04 5.015554324461810043e-03 2.295133380274902993e-05 3.278214466093441990e-12 3.399309811293319560e-13 7.086220281334824617e-13 2.086704985559043095e-23 4.781795187552220920e-30 2.816556753183333267e-139 3.088933407804704449e-309 0.000000000000000000e+00
1.772526437201445470e-302 0.000000000000000000e+00 0.000000000000000000e+00 0.000000000000000000e+00 0.000000000000000000e+00 0.000000000000000000e+00 8.913031630859375997e-240 2.565690158448211800e-94 2.396306048084226762e-14 9.410904697972230943e-07 1.934378872474214885e-46 1.975250209702098067e-102 3.878775526253281336e-192 8.389692900357672177e-280 0.000000000000000000e+00 0.000000000000000000e+00 0.000000000000000000e+00 0.000000000000000000e+00 0.000000000000000000e+00 0.000000000000000000e+00
2.728270620804119480e-12 7.399165942428867964e-104 6.479715073604385354e-105 2.614335432406483492e-47 2.171675485064264103e-16 4.026758583313118188e-13 1.886386381094312223e-11 1.659515775310046206e-08 9.643476698770771227e-06 7.366476109895518931e-01 1.881227655043500526e-04 1.028023497512132517e-09 1.715662638359333654e-21 3.279504601786505581e-26 3.981929173321377087e-54 5.040326181319696046e-55 2.059876032126957200e-70 9.690278181255700162e-49 1.811758250409977937e-96 1.522928651160609242e-02
