nan nan nan nan nan nan nan nan nan nan nan nan nan nan nan nan nan nan nan nan
nan nan nan nan nan nan nan nan nan nan nan nan nan nan nan nan nan nan nan nan
nan nan nan nan nan nan nan nan nan nan nan nan nan nan nan nan nan nan nan nan
nan nan nan nan nan nan nan nan nan nan nan nan nan nan nan nan nan nan nan nan
3.143886228365728355e-41 1.447435414309343286e-128 1.097074533414499094e-208 3.419417772754125284e-01 9.008377498724491863e-293 0.000000000000000000e+00 0.000000000000000000e+00 0.000000000000000000e+00 0.000000000000000000e+00 0.000000000000000000e+00 0.000000000000000000e+00 0.000000000000000000e+00 0.000000000000000000e+00 0.000000000000000000e+00 0.000000000000000000e+00 0.000000000000000000e+00 0.000000000000000000e+00 0.000000000000000000e+00 0.000000000000000000e+00 1.398234182238476782e-256
1.157753568727244983e-61 2.201277425094988319e-175 5.434628642274392796e-01 2.814439099731226857e-01 5.707221800119735011e-01 0.000000000000000000e+00 0.000000000000000000e+00 0.000000000000000000e+00 0.000000000000000000e+00 0.000000000000000000e+00 0.000000000000000000e+00 0.000000000000000000e+00 3.646538042246683098e-01 0.000000000000000000e+00 9.412789293992900319e-01 0.000000000000000000e+00 4.741231860779555607e-01 0.000000000000000000e+00 0.000000000000000000e+00 5.858889268110169962e-269
1.179938315338385105e-62 2.074791957759539348e-210 5.206428267440027513e-01 2.277145292386110464e-01 2.591757602691110995e-01 0.000000000000000000e+00 0.000000000000000000e+00 0.000000000000000000e+00 0.000000000000000000e+00 0.000000000000000000e+00 0.000000000000000000e+00 0.000000000000000000e+00 8.636312110480148796e-01 0.000000000000000000e+00 9.609403804864178333e-01 0.000000000000000000e+00 2.340538279297234570e-01 8.500567282828742632e-01 0.000000000000000000e+00 4.889943298191443126e-260
8.370542824011860740e-125 1.611936705998735383e-294 6.463348212808204263e-01 1.584865592264257383e-01 2.248684773972015605e-01 2.154677185014945429e-01 0.000000000000000000e+00 2.060240155116529748e-01 0.000000000000000000e+00 0.000000000000000000e+00 0.000000000000000000e+00 0.000000000000000000e+00 3.306437052864079629e-01 0.000000000000000000e+00 2.256733577331892712e-02 0.000000000000000000e+00 7.905581576037931657e-02 3.807684579461020347e-01 0.000000000000000000e+00 2.757756561985435959e-305
2.434098213030594219e-177 3.369877326354519590e-08 8.422820729383823091e-01 1.534952031832608754e-01 2.642642511671104422e-01 9.733493851345524916e-01 0.000000000000000000e+00 7.835094305885376142e-01 0.000000000000000000e+00 0.000000000000000000e+00 0.000000000000000000e+00 2.859146630663730555e-13 1.040735722058068382e-03 4.634887639647238012e-10 3.294576359253215681e-14 2.282541677567363814e-14 8.194288901355682719e-02 3.972847060131441399e-01 4.441364098811737687e-02 0.000000000000000000e+00
6.335055601801531378e-01 9.561245357929121225e-02 4.188193348808982863e-01 1.354740664448856602e-01 3.466081829855717222e-01 6.182257082650395308e-01 7.812257692388688279e-02 4.514630403697384997e-01 2.125765068140599446e-03 3.562955186376904740e-216 2.978006305820824016e-04 1.043781210287688847e-04 7.041557132364373956e-04 1.994091561387152378e-01 1.496509294842423080e-03 7.902425254853708836e-01 7.227840702662638450e-02 6.688891305651687436e-01 7.144956191097119325e-01 0.000000000000000000e+00
1.303207936625892967e-02 3.219665510584435435e-03 1.317854396911471160e-01 4.745618915810113220e-02 5.991308327839616199e-01 3.508493640708433281e-01 1.969131700876959601e-03 2.267350404948728360e-01 5.776241624567809430e-01 5.762145954851635721e-02 2.032902321845602156e-01 5.771594643460705581e-02 5.639114558262332544e-01 4.583784100122515609e-02 2.819487835488431737e-01 8.353149256704371639e-02 1.188187123626709835e-01 1.192790769180743088e-01 1.038001964398225716e-10 0.000000000000000000e+00
3.293724328174074060e-05 4.079552723053798983e-07 3.202950288346315556e-03 4.245659411024392538e-02 2.335853459182495873e-01 4.810274680762743893e-01 3.103760633755308501e-02 2.858592414605329313e-01 8.641826930993663503e-01 5.947717915438235220e-02 7.073930615920356324e-01 1.793928005345185039e-01 7.802353102500443338e-01 8.877411992020664000e-01 2.791816440879955064e-01 2.836860898217002935e-02 1.932274695849249546e-01 1.114172109480639911e-03 4.265082705805239671e-11 1.191105262617916999e-137
3.186647894473558770e-10 4.534501706845289932e-16 1.261308224277185700e-12 4.083277747632966560e-03 6.231050458403302184e-01 9.126380427174676790e-02 1.356617885929008692e-02 3.732479719465514861e-03 1.065273082179505216e-03 1.859124222239254753e-03 3.757254997758280313e-01 7.050867737588564776e-02 4.797799612768652994e-02 4.353486620299446518e-03 3.420319027657990104e-08 1.716389058380683952e-12 5.678680721715888140e-09 3.042826948964388184e-02 1.663223131912432576e-45 0.000000000000000000e+00
1.666849435044570208e-91 1.671158002262327240e-39 1.142052194605173966e-17 1.339651234696569437e-01 6.988755817541050241e-01 4.532921584522002501e-02 5.713363468141158599e-03 4.040107634709717214e-04 6.729617519706392905e-05 5.134845331832934255e-03 1.830456193090653546e-04 2.740465928546063163e-08 9.591650155832650342e-13 1.152428826708887381e-21 5.951852818807578448e-28 2.651611163955738127e-23 6.145742495685200396e-03 5.547805417577353904e-01 4.058283665666477318e-12 3.304232225780764381e-120
3.327356540446597429e-220 4.971382273992466772e-63 1.012236404675190775e-15 1.112285186734786602e-01 1.814264778846386584e-03 3.780495246633496648e-02 2.649785639479377286e-01 4.394284207158674627e-02 3.559786681106311135e-02 6.637578369290035585e-02 3.329485069431145866e-05 3.017274773662227406e-09 2.690996029700958861e-17 1.269421708994919622e-32 5.017122656871880952e-22 1.394997851520645458e-37 2.685169341708756247e-11 1.019509571752819908e-08 7.371569419677883588e-24 3.835543900369699866e-19
0.000000000000000000e+00 7.703181835699651553e-95 1.353159275654970031e-19 2.618706817232264658e-03 1.925998910067479872e-04 3.448596393769480795e-01 3.643082512084951929e-01 2.532116817117402441e-01 1.706772653746877477e-01 1.335665690058988886e-01 1.790940387013863755e-06 8.937036842655334956e-13 2.713662618745367098e-24 1.896970356412161425e-41 5.453990827605922510e-22 2.363551308297306400e-52 5.523384979783742236e-55 2.327390910571260352e-38 2.124220667950554957e-52 3.802410049198399405e-49
0.000000000000000000e+00 9.627866464038141092e-114 5.980954939516551134e-21 1.035328496194361063e-03 7.061410184692955110e-03 1.735238241859537456e-01 1.830042574174862372e-04 2.737011055629903766e-01 8.621150626417362073e-01 7.253142638832192901e-01 1.206872664961354400e-04 2.121628396525537700e-12 9.909449969147393849e-29 3.273710128759886310e-50 4.666555909494515424e-28 7.914435122479137907e-72 1.186379611658508782e-89 4.398140369267768591e-69 1.036998744707249491e-85 6.391816038359849863e-91
0.000000000000000000e+00 3.161912517592116113e-123 1.707622384244997374e-27 1.594693719236182361e-01 6.037012342716684410e-01 3.541623067300316615e-04 6.813943881426719778e-08 4.137484200751403648e-03 4.009180147566929753e-01 9.692744089608602565e-01 1.563491992526125547e-04 3.074002508938360260e-15 1.465120674811390334e-36 1.960462110006022525e-61 1.435014966257285296e-37 1.042588417549268706e-91 1.107829845670496336e-111 1.501532762514299119e-87 2.478722383492289429e-108 7.604847841497342107e-141
0.000000000000000000e+00 2.027702103027469250e-121 2.272844036509571419e-31 4.260088971457344220e-01 3.929291945682628073e-01 4.821404627450995563e-07 2.402645336501288503e-11 1.849342777217255691e-05 2.398450696519271730e-01 8.635962581148204364e-01 3.184118978578503762e-05 7.487045069210517285e-19 3.692113102467839644e-44 1.075793484805136076e-68 7.659523973928277334e-44 4.226300610013334859e-102 1.341090792226585162e-132 5.539546444538891862e-93 2.663380850208903108e-112 1.434068221778594977e-179
0.000000000000000000e+00 3.403370427258280896e-111 2.389344906209168206e-33 9.075721947883549781e-04 3.130430477891748414e-02 9.793425030958432771e-11 5.292320429995874696e-13 7.812090428145665824e-08 1.981504631277893336e-01 6.736466080914961241e-01 5.092080121890480777e-05 1.832733906815764940e-20 4.492222002884882599e-50 4.043175562422965293e-76 3.239682540444186662e-51 3.404980962298986370e-109 2.841816442655264823e-150 5.889501875871201109e-92 3.848318494849248379e-107 2.250319758545190898e-182
0.000000000000000000e+00 6.346241800559858541e-93 2.405837717979296713e-32 5.263329078177894381e-07 5.838251903848100778e-04 2.345040869094410531e-13 2.852477431568713321e-14 4.630363075991611992e-10 1.980221865769443146e-01 4.975154437536373209e-01 6.600347611616968124e-05 4.807071653333226372e-20 3.070859996777802835e-53 3.649950302549222819e-78 5.292901933709944692e-53 1.852896515148519111e-106 7.223907813594794357e-157 3.193909299244500042e-90 2.629107219344383628e-92 3.799598677347745120e-154
0.000000000000000000e+00 5.489149885559599201e-86 1.658931437997758401e-26 1.010095901166128922e-06 9.838779541279205239e-04 4.764655107260851229e-14 4.290014101446737334e-14 6.415058377935211026e-12 3.027192225841063289e-01 3.147532560605748597e-01 9.630319245812299530e-05 9.859664771928437017e-20 4.989014053767125529e-55 2.117909574234027128e-77 9.305373330660665636e-55 4.556934185791195965e-98 3.475717832982932526e-134 4.431577541577666516e-73 1.058152971282860210e-69 1.456561771023736174e-104
1.512112105479780508e-182 3.259174490865368487e-76 1.794015940612754868e-23 9.104488731211708603e-07 2.912944146024288358e-03 1.202021592839142751e-13 7.381512344015284918e-13 3.027610129825577452e-13 4.971701596019415526e-01 1.784083256443304843e-01 4.842276386837339897e-04 1.098400574546237837e-20 4.146829074129062335e-54 1.249670574086146073e-78 1.179422733047021792e-55 6.509208314848979612e-81 8.345515116197163763e-96 3.917160364828062754e-45 3.726837470634514004e-31 1.052313460077246670e-55
5.789971916276326802e-51 1.356738866588253030e-50 5.399461146885394299e-15 1.003865792217148580e-06 9.986515971666259928e-02 5.260782984270494920e-14 2.336938495631772235e-10 3.908483005409605986e-11 7.073383556464412081e-01 4.688956014097931391e-01 1.234548890654812840e-04 2.161202330284017217e-20 1.676755681249918890e-42 1.907373527932881595e-57 1.575684103022960139e-37 3.279536807375348852e-45 2.979306817517030192e-53 1.811452982647004616e-22 3.236387003019698537e-08 5.305839279564064350e-20
6.264911765084096515e-03 9.454390398308405254e-21 6.247793818965475202e-07 2.906325145441191610e-03 5.618490088215610800e-01 7.839403759026511235e-09 3.470257797935190282e-04 2.103754870240947904e-05 2.635486151145718589e-02 9.066989699580378925e-01 1.657559543177442889e-05 1.018931423036202477e-15 1.225900820263517291e-24 7.624038441997636055e-29 2.825387129913968278e-16 7.606243774861687517e-17 3.261269790872288674e-20 3.051739380057054440e-04 1.943034702307726291e-02 4.540709462123461160e-01
0.000000000000000000e+00 9.705299527001022152e-51 3.499850265568129405e-44 5.880894303056967711e-35 7.780499224630487692e-49 6.946352509055189596e-14 3.279890164579773838e-11 1.882496801374419180e-06 3.560058979807541703e-06 1.163342041923803651e-05 2.023382195335085131e-03 2.373409581647473610e-04 1.091760340381463662e-01 6.887669940683566194e-02 2.262759985997873454e-08 1.127305209775401287e-15 7.678468919977890090e-27 2.886027809815026061e-57 7.526078736189644809e-142 4.428032557790196340e-259
5.870122152950418265e-151 2.515166598504116374e-40 9.722053435660564166e-24 4.659697796232555099e-17 5.996354795436167757e-40 5.052877906369956371e-09 3.748382725870359208e-10 5.696973103689191102e-06 4.356919658226094405e-08 5.582347686287474226e-08 4.413939702887613894e-06 3.152482887408780644e-04 8.680937587494663710e-02 4.602957054848930696e-01 2.294350911865351223e-06 2.119255036545520613e-18 2.718748312601795291e-27 4.692429279656159409e-55 1.672728249767199928e-82 5.763096017585580284e-221
4.161827610342836237e-162 3.186721579819758129e-24 6.731286753864121731e-09 3.332488787449880896e-04 2.548401090069052283e-12 6.876625469444928029e-01 1.108794314398615748e-02 3.498285749153124042e-04 5.995253448880602260e-05 2.680581607906848202e-09 6.858599047826794262e-06 2.700788482607779234e-03 2.328116841590124608e-01 1.277057890163140613e-02 2.741254750139314987e-07 7.404400603721530587e-14 2.078817236471919760e-23 1.016709935663642041e-27 1.582684046854253369e-38 1.185786474854570614e-82
1.820643490391127425e-109 7.743514062851160218e-09 2.481489199712803720e-04 5.343308206187866727e-01 5.969825320090645787e-02 1.540229242795896833e-03 3.837931032509970253e-01 9.732349409152303288e-01 1.492504599351371364e-01 2.483946330950499229e-05 1.666234635794567980e-03 3.626396797410171707e-02 9.922241630734236484e-01 8.352277461644505574e-03 2.257896436258522295e-06 2.758065759298507830e-10 1.187174481700612941e-12 4.071558796073574120e-08 1.369487723213193829e-04 1.576000878441236399e-04
2.576242343652754930e-32 1.598630167665762991e-01 4.425622070622386994e-03 6.369062557345011033e-01 2.021034363226844044e-01 1.075819076927025724e-03 1.468987798814859469e-03 1.193023035741468119e-02 8.688611025316618219e-01 1.649948369900303830e-02 1.020961827451210419e-01 4.191528329112070850e-01 3.119484651068553105e-01 5.686186499344579766e-03 1.358284441196249857e-03 4.836984283488150120e-05 2.827993157043719947e-05 2.287107123915817497e-01 4.277916131974088222e-05 9.221869538788638491e-07
4.367482890763720732e-02 6.533900155342133780e-05 9.226211400310431188e-01 9.349668198499556937e-02 8.602593551841601904e-01 2.609193616607567489e-06 3.094276935381924234e-06 5.056684584420404679e-07 6.739764171149335847e-02 6.202198045691423300e-02 1.451620288135792476e-02 2.563693705582620330e-02 6.134385411546368072e-01 6.267030336216082576e-02 1.468749637169415312e-01 1.536788575739018725e-01 3.368706282753892722e-01 1.736862029531838984e-04 1.444144856898652381e-23 3.106352622383756268e-29
8.558293936108367398e-31 1.088641834310526675e-14 8.422353591379188624e-06 7.196822517807294771e-09 6.188332262670764210e-04 7.608420535358236083e-10 1.459963251631213412e-14 3.771315046202886370e-10 1.113352539255599641e-02 1.382578383849554227e-01 7.062843984095836143e-03 1.898966195988826752e-02 7.835688745759814555e-01 5.821736570222730833e-01 4.344512074503710242e-01 9.015516481169595642e-02 7.476287873445049874e-04 2.555263213470168549e-17 1.233144100484457416e-27 2.488696969859645997e-34
9.187475632138164143e-41 8.197949949638738616e-15 8.660472941038909258e-18 6.294693789007298675e-18 1.829223762085388508e-05 7.131963264831845675e-12 1.798602013314518322e-15 3.872454862819234952e-07 2.560156997230645937e-01 8.303145063398201242e-03 1.639531802190498551e-03 1.452409974141386124e-02 2.218968309066303435e-01 1.193603110481265134e-01 6.494270326886115718e-01 5.097804436254020806e-04 2.784597635003566793e-09 3.018628051821476315e-24 2.142338882903752110e-36 2.516984150865350545e-62
1.932323068800829728e-07 1.701334169012730733e-15 1.071821101691466238e-13 1.350311315968118507e-15 3.403822516457550695e-03 2.840726900627176835e-10 4.846013523982708866e-10 9.790342686615627080e-06 5.115824530767214967e-02 6.738797619125493910e-01 2.397318753266834412e-01 2.562615534338682499e-01 2.405823751631082918e-01 4.699547946332756077e-01 1.632329765286283851e-03 3.552022366640475353e-07 9.092902868437037951e-14 1.281060811566117710e-35 6.515157152256137958e-52 2.795469089108460267e-28
2.151813115476182148e-01 1.302789417302624207e-25 6.354434360319237558e-25 2.136364711947035143e-11 1.251695046293250790e-01 1.957366481481499641e-06 1.564136438735390074e-03 7.202047300133419903e-04 4.731809768319872322e-01 5.180857818310270063e-02 2.890157529056197258e-03 2.779645649660956314e-02 8.703624188139342799e-01 1.112341957277343876e-02 2.445513696179154543e-04 2.388677454856701300e-08 3.911072831564052704e-13 7.081351424078533378e-31 1.091932063690348787e-41 1.109094575842409663e-08
8.862688004920918350e-02 7.462346906325548962e-20 2.367615648167529677e-32 1.267140229574925531e-15 1.479376326619439956e-04 5.128864718974488964e-08 3.218908575528022843e-04 7.104087375629318524e-02 4.138262268678973843e-01 2.223418744550733142e-03 4.499923334237363852e-08 1.805447445268596092e-04 7.917610654647593352e-03 4.345609307197415352e-03 1.292450283011278419e-08 2.456165161673834045e-08 4.493001872118038261e-14 7.721331992676792596e-31 4.427572863618823452e-33 6.127621344520438849e-03
3.217760283483152017e-01 1.543333701938429834e-11 4.720400203469776302e-26 5.302702640522519898e-12 2.014508132159927999e-04 1.457675166213088027e-06 7.188147411312292845e-02 7.693633842359900443e-01 7.334895010891222533e-01 1.942466977879905160e-02 1.353271120796006464e-04 1.443289005657298358e-03 8.913930367197828164e-03 2.151635507923723573e-02 2.431353266807900567e-07 5.713189344178141495e-07 4.919345372996283019e-06 2.789579419801639118e-16 3.306149549104160134e-19 1.631035223095819242e-03
1.694850573852261719e-02 7.394355361077800063e-04 1.637668665957336231e-10 1.668598967082127383e-05 1.884293219005588882e-01 7.557945246410222571e-05 2.918083050370351428e-01 3.451144536769790161e-01 4.284218747581255426e-01 8.875275705259366710e-02 2.934339866047149577e-03 1.702312111834766023e-02 1.081223773288018664e-01 6.742201997210015563e-01 1.254089827634048346e-02 1.349804891757237779e-02 4.930278101577453276e-01 6.285435139511704127e-06 3.654168509614976098e-12 3.162850085670919397e-04
4.460915467947876994e-02 4.766721207969039364e-02 1.107947456775261306e-06 3.263917916864959249e-03 4.158890057571620336e-01 4.037638379691615466e-03 4.014639931375314497e-01 2.462597564039631926e-01 8.574324137743450924e-01 1.210608742066128646e-01 1.656442450724257553e-02 7.807097475301716209e-03 1.111954726606345922e-01 5.587247249961435624e-01 2.528645296516416896e-01 9.163107951957029026e-03 5.166766419678296973e-01 4.611101090616209069e-02 1.089762089131445853e-09 4.533676134982107678e-04
4.838098245736607915e-05 8.641114342914398838e-01 2.894503702401956396e-02 2.224153535663906944e-01 7.402731464963142882e-02 2.060602653428770734e-02 9.067514990080376425e-01 3.682994965730550518e-01 8.543363865806765656e-01 9.872589282774227315e-02 3.423949812937768233e-02 2.641164118847320608e-01 8.823372373287436954e-01 9.647228470929355426e-01 9.107040059461793957e-01 4.367276381388107698e-02 1.121775479205027043e-01 1.583658039654197713e-01 6.891322832555260645e-05 2.327982652229543606e-02
6.118060406025895015e-02 4.084031554492121296e-01 3.563148660326215938e-02 5.331479508650516924e-02 1.558279477685533543e-01 1.522959578467193431e-01 8.375083519967018164e-01 9.124382462793629855e-01 1.058647999705160797e-01 7.488108345899573137e-03 1.242110851450442099e-03 7.723300483788376747e-01 5.405665918526060265e-01 6.140445917482091343e-01 8.389983231373882022e-01 1.422088778835045864e-01 1.761669079814857930e-02 8.601883961460505823e-01 8.962342192572102456e-04 1.259693221898473131e-02
5.957436500388239159e-02 3.840967511492244801e-01 8.924919305396113254e-04 7.067624648267484559e-05 6.194568181951853186e-02 1.460179702436363025e-01 6.206636781801020408e-01 8.887972037073414988e-01 5.530871751109223827e-02 3.231745990203731961e-02 3.134356469259440801e-03 6.375962892923882352e-02 7.126249025956460370e-02 7.224054672384787601e-01 9.256007545588024188e-02 1.223646488965163676e-01 1.168337829860068428e-01 1.488295074448221511e-01 4.478133400470298443e-04 2.854339398316586753e-03
9.464175763483611819e-35 2.656238049424293202e-01 1.280201216461749822e-02 2.969650998894700952e-05 8.225532321993760110e-02 4.123852409963727483e-01 2.441511539095906902e-01 8.242436365102310258e-01 5.709103649600707348e-02 5.632486721264306877e-03 1.148748689935136236e-02 1.459722902621671953e-03 8.057617716922387549e-04 1.351777072224626466e-02 1.623455176460515681e-03 1.350922669013593716e-03 3.810480824034970793e-01 2.981298273500785235e-03 8.256035462358859434e-01 5.731143272982797153e-15
4.585926735388479105e-173 1.417795066066398781e-23 9.908876052351494046e-01 1.555975253134445242e-02 3.287610356317846039e-01 1.340745032159763594e-01 8.815229436618140513e-01 7.011539514291572628e-01 8.908571583933719631e-03 1.116653256077487093e-07 4.898666239462293886e-05 3.901033296413826331e-05 5.460047678790126664e-05 7.332265052221991354e-05 7.188455247690736744e-05 2.206237102313673516e-06 9.859719178248783911e-02 6.805707144695189152e-06 4.110573151850298681e-04 2.161467181561720953e-35
4.609415690362458348e-99 1.750236826059124056e-72 7.328829994173268261e-03 5.479177615900000520e-01 8.325997731692412246e-05 3.466675365703802361e-08 2.765468967381184279e-02 2.528152736750719498e-01 6.995901125994997537e-05 1.992477704853783359e-20 1.412151348601755715e-15 1.175772764424832221e-08 2.015121075232799690e-06 4.442793626759520321e-08 1.882204194750404937e-07 8.951926589539187225e-09 1.546278338124449335e-02 9.023061961595818677e-05 7.664837560595916643e-07 4.371744533784235786e-47
2.865329481391465925e-100 6.182451693890927189e-158 4.666439416688758837e-18 6.824959708053204843e-03 3.587323763758529071e-22 2.035259115470330213e-35 1.178697747756810527e-14 8.325388719492347878e-02 2.977219403188585565e-07 1.931238091078982134e-19 2.378919056774837222e-22 5.250558492111635444e-13 3.388202957008030347e-06 8.742310523026083154e-05 4.969269163500909109e-03 7.953432206981513389e-03 9.023965411389828217e-01 1.413066720056386659e-08 1.481053823616140792e-11 1.630670742680970554e-54
0.000000000000000000e+00 2.049394174203064549e-128 1.011058249500286158e-37 3.936089355531400247e-13 3.155551676061213847e-30 5.737034529163945417e-29 2.861494122632147910e-17 6.807784541700058201e-01 1.079253293884813690e-03 4.776778053810462995e-07 2.555624942488234136e-09 2.694891976780594830e-05 1.803204982931051964e-03 4.061461283684419943e-02 3.100431323438564979e-01 5.706888325509450362e-03 1.113296740816826935e-06 7.172937716818298921e-15 8.071282639241681328e-23 3.379873083864682923e-106
1.229081180825541880e-278 2.029102425515953128e-57 4.242463440411610391e-22 3.343619860162052898e-22 1.809462943861357219e-19 1.090740853008949067e-11 2.144358967022286682e-10 3.555774418619718578e-04 3.276169122724522653e-01 3.414462841963431528e-01 9.814286694817608847e-01 4.795284496975407360e-03 2.001185036906115988e-01 7.555997913199319349e-01 5.798286780286725228e-02 2.036017851406579995e-03 2.413977397856576854e-11 2.550874435271598509e-21 4.061059149990688978e-32 1.019431992209332741e-147
2.036172720314236188e-53 6.871691431335763352e-48 2.269831935474126873e-06 9.760843052979650825e-01 4.995021922891921262e-01 2.378116756482832536e-02 8.180354923008880119e-01 1.312014901814979103e-04 1.686701226403884007e-02 1.189255501128005368e-03 7.862484600495889264e-01 4.989010141351959415e-01 1.995874486072319598e-01 2.068458231982143319e-02 4.394144961738103428e-01 4.556189980985045906e-01 1.705365889028741810e-01 1.424739945782323722e-03 3.965275353621493248e-02 2.553182560003146091e-26
1.190848192396418885e-03 4.368010867101050979e-03 1.616211002967011644e-12 3.122247188349872431e-09 2.865492895479179758e-06 4.979282706015120710e-05 5.519392948478554217e-01 1.372399960300014210e-01 8.729534137940233585e-01 1.240814155829699367e-01 6.467537586146735948e-03 8.918591431392008939e-03 2.979652191718967849e-06 3.147721706339630149e-04 6.663761223141456691e-01 1.594807528638049648e-07 3.068478790085317183e-04 4.135597883302025157e-02 5.788271442493397173e-02 2.086668634120870341e-32
0.000000000000000000e+00 8.348242484310699805e-08 2.157079605740695998e-04 1.374487539671685098e-07 6.589406436664101588e-07 5.299162350437291882e-17 7.584476314877061921e-13 8.204250596331740870e-09 1.234766261196285354e-07 5.063964867032047723e-20 8.322864322157655563e-12 2.601455451349251370e-19 3.531186563088290262e-14 3.797053787632536256e-07 1.192885478447342634e-02 2.671737725448057946e-03 4.688472688276269264e-03 1.913750967790711155e-04 2.180583386306182148e-01 5.441969636428793079e-186
0.000000000000000000e+00 3.473387372802319620e-76 3.067946111312284229e-18 7.654349447352151170e-01 1.021483160551535962e-06 5.951317658201992355e-06 3.585155351765641065e-22 1.582890941602410795e-25 2.584413399574282438e-15 4.229141726700030115e-13 9.232772920062944436e-03 2.540720395234464623e-04 2.993527930111066201e-05 3.307327962161449308e-02 7.456392518753069965e-01 1.784417587168905805e-01 1.951280178271367066e-06 2.619702870977416239e-15 6.945051299086234997e-06 1.057309537759684684e-07
0.000000000000000000e+00 3.493138543051006885e-155 7.261001634845316146e-39 1.998330552691305814e-02 7.485507402829457702e-01 2.654098367139508946e-02 2.367723735582317134e-05 2.501068943715918646e-17 9.131215501334563649e-08 5.393488839334206002e-09 3.495786837206391918e-07 6.300076802995958902e-02 3.229049773249398868e-04 9.256434642087914277e-02 1.642074932896098183e-02 1.798670846747843326e-04 9.005406828913312067e-15 1.493753730949321145e-06 3.092446860117066109e-03 7.241565394570720277e-17
5.780976406528213435e-44 1.244518591871510370e-104 7.620338910532261435e-100 4.232289508177096342e-08 5.954332364880468826e-09 8.658214101868906486e-06 2.588868456743773521e-06 2.753613728650624332e-18 9.995465824598261051e-21 1.340382741102938664e-17 4.611717994134699323e-09 2.912631138777407869e-02 2.180175038579346956e-07 3.908355232398499357e-01 2.119209400504245970e-13 1.532899623670049535e-09 2.043621445242147763e-09 9.558268348353473848e-15 1.621228283767659984e-14 2.290629062261073410e-40
3.339901902611107223e-11 1.309311175723743342e-52 6.635609120628081182e-18 9.480857235974934863e-30 1.553224298294834357e-05 6.515544628073651747e-04 1.932202162703978927e-08 3.836073577178437370e-12 1.006701696787034999e-17 8.542650019098828726e-26 3.773866177988533066e-26 1.347159954386332038e-24 1.084946472603947886e-12 5.554192741470024788e-05 1.597570876443135668e-01 1.935985919437641398e-26 7.250713265487634598e-63 3.925744301383653930e-73 2.898761447215738834e-91 1.503977519834367728e-05
0.000000000000000000e+00 3.597885671356454769e-22 5.967654035534223494e-02 4.670974497546051540e-02 3.161052497843401185e-03 1.524145410477937279e-01 1.530965313224152691e-01 2.779338565930700319e-05 4.839864766163798349e-02 5.976428582376802634e-02 4.753337099504950647e-02 3.483941361358230721e-04 3.389053916004809430e-01 6.436803345741045623e-01 2.105302721313129233e-02 3.333745572857315080e-11 1.861102514314755961e-12 8.742638475967276981e-12 9.285391485026886822e-17 1.369168587105230020e-08
1.650712661225460349e-108 3.530667740992282176e-17 1.964354785510608048e-01 5.489682883008701886e-01 7.150149132068557289e-01 5.046396650208737761e-02 1.265952818544759106e-01 5.452914534662781643e-01 2.592268099661068637e-02 9.922762288514016399e-04 5.234597562067051513e-01 1.746840343022793354e-02 1.768199554885449276e-01 1.796553752518721681e-01 2.287785316721293108e-02 3.891370883128612151e-02 1.569786990170328467e-02 5.573636885356414691e-06 3.759276006875726939e-01 1.367977921534033319e-13
8.430660380883118309e-291 6.587995511266953041e-01 1.707008364313895299e-01 1.555615602515284662e-02 4.656135609141051450e-03 1.544724170552228167e-02 7.935131027722572283e-02 1.946619604017938432e-01 3.473306862665481720e-01 1.676537850765760507e-01 1.703434977707607711e-01 2.885676950839711763e-01 9.424935406004301131e-01 1.687156774621180878e-04 4.303176271444345084e-05 4.250445266291928703e-02 6.422380277386298131e-01 6.087525848341226453e-01 8.324365073125779974e-03 1.774798053484748402e-15
0.000000000000000000e+00 3.517026606466906041e-02 2.368138967250725258e-01 1.573813941936914873e-01 5.032900450516605145e-02 5.171396214621755139e-01 3.976153041592935811e-01 2.277053815955543126e-02 8.580413534167989908e-01 8.603678590423806671e-01 9.082650109690727502e-01 3.027876877626232144e-01 1.570733695207758573e-01 1.111500976956083520e-01 9.415118093703625513e-02 6.638566930420255474e-01 4.799119844688575220e-01 1.931016544892166136e-03 6.367121846473993152e-01 5.044021002262483348e-09
8.088422585793654251e-01 7.859043798489506738e-03 2.514267153711303617e-32 4.667618987908926931e-01 0.000000000000000000e+00 5.100307919180619987e-01 1.746551389083193240e-01 7.017609735758784106e-01 3.310315749317357514e-29 5.224148819674396815e-01 4.527993982353222258e-01 4.989903126812245127e-01 3.191225983121754872e-01 2.964322621068667396e-01 7.596978494874871701e-02 9.020613026573351401e-02 4.678675914409820627e-03 1.279859580095547011e-01 7.101802444821613269e-01 3.506622793263137659e-71
2.895990796086888122e-04 3.978328952390753466e-302 4.273380376583713058e-01 1.959163136088737195e-220 3.687901787859951028e-225 1.697544398781779805e-212 6.915534606466918279e-208 9.517582621317929983e-194 2.633337483960795703e-201 7.811301871808601870e-197 1.303871101705963512e-179 1.293285735152099317e-187 7.319733125422163948e-184 4.228844725114073171e-187 1.757049528986390574e-201 1.116223263959548206e-207 4.876432164774833142e-220 7.503105214150704813e-249 0.000000000000000000e+00 0.000000000000000000e+00
nan nan nan nan nan nan nan nan nan nan nan nan nan nan nan nan nan nan nan nan
nan nan nan nan nan nan nan nan nan nan nan nan nan nan nan nan nan nan nan nan
nan nan nan nan nan nan nan nan nan nan nan nan nan nan nan nan nan nan nan nan
nan nan nan nan nan nan nan nan nan nan nan nan nan nan nan nan nan nan nan nan
nan nan nan nan nan nan nan nan nan nan nan nan nan nan nan nan nan nan nan nan
nan nan nan nan nan nan nan nan nan nan nan nan nan nan nan nan nan nan nan nan
nan nan nan nan nan nan nan nan nan nan nan nan nan nan nan nan nan nan nan nan
nan nan nan nan nan nan nan nan nan nan nan nan nan nan nan nan nan nan nan nan
nan nan nan nan nan nan nan nan nan nan nan nan nan nan nan nan nan nan nan nan
nan nan nan nan nan nan nan nan nan nan nan nan nan nan nan nan nan nan nan nan
nan nan nan nan nan nan nan nan nan nan nan nan nan nan nan nan nan nan nan nan
nan nan nan nan nan nan nan nan nan nan nan nan nan nan nan nan nan nan nan nan
nan nan nan nan nan nan nan nan nan nan nan nan nan nan nan nan nan nan nan nan
