4.297415771484375000e+02
4.564531250000000000e+02
4.914179992675781250e+02
5.141915283203125000e+02
5.350850219726562500e+02
5.360968627929687500e+02
5.361304931640625000e+02
5.406165161132812500e+02
5.445711059570312500e+02
5.484948120117187500e+02
5.534151000976562500e+02
5.588078613281250000e+02
5.657323608398437500e+02
5.697603149414062500e+02
5.618502197265625000e+02
5.387540893554687500e+02
5.281984252929687500e+02
5.110348510742187500e+02
5.077818298339843750e+02
5.059852905273437500e+02
