1.517275810241699219e+01
1.507094097137451172e+01
1.496800899505615234e+01
1.495176410675048828e+01
1.492879199981689453e+01
1.507055759429931641e+01
1.522872638702392578e+01
1.535447692871093750e+01
1.549717521667480469e+01
1.564377212524414062e+01
1.580544090270996094e+01
1.596311664581298828e+01
1.606076049804687500e+01
1.614452171325683594e+01
1.629643058776855469e+01
1.654233360290527344e+01
1.669836044311523438e+01
1.683551597595214844e+01
1.689770889282226562e+01
1.687271118164062500e+01
