4.746785888671875000e+02
4.683999023437500000e+02
4.677151184082031250e+02
4.827444152832031250e+02
4.859662475585937500e+02
4.927372436523437500e+02
4.940519409179687500e+02
5.042980041503906250e+02
5.255003662109375000e+02
5.417356567382812500e+02
5.530701293945312500e+02
5.626297607421875000e+02
5.615857543945312500e+02
5.495050659179687500e+02
5.360520629882812500e+02
5.297712402343750000e+02
5.391282958984375000e+02
5.506312255859375000e+02
5.577559814453125000e+02
5.671449584960937500e+02
