1.118940658569335938e+02
1.246526031494140625e+02
1.419968719482421875e+02
1.529438323974609375e+02
1.570830688476562500e+02
1.602197265625000000e+02
1.625135803222656250e+02
1.645509948730468750e+02
1.657307281494140625e+02
1.678866424560546875e+02
1.714166412353515625e+02
1.758804779052734375e+02
1.798784027099609375e+02
1.793943481445312500e+02
1.793584747314453125e+02
1.842488403320312500e+02
1.898573608398437500e+02
1.858669281005859375e+02
1.896883392333984375e+02
2.036103515625000000e+02
