2.408076667785644531e+01
2.417657661437988281e+01
2.433154678344726562e+01
2.448696899414062500e+01
2.462392044067382812e+01
2.478105354309082031e+01
2.494872856140136719e+01
2.511348533630371094e+01
2.529043960571289062e+01
2.546740531921386719e+01
2.566389083862304688e+01
2.586196517944335938e+01
2.601357841491699219e+01
2.612546539306640625e+01
2.620826721191406250e+01
2.626037979125976562e+01
2.632479095458984375e+01
2.632314109802246094e+01
2.636069297790527344e+01
2.632772827148437500e+01
