8.164358810853430271e+01
8.061921649905762877e+01
7.929770958418397697e+01
7.846119324430286213e+01
7.770376458167949352e+01
7.770035354340060962e+01
7.772469559441739761e+01
7.758080027639454102e+01
7.746405220664662750e+01
7.735220399213628184e+01
7.720486738058195897e+01
7.704003857613705009e+01
7.681441202126951850e+01
7.669095684611477282e+01
7.700171782297339007e+01
7.786263085863565436e+01
7.826001616179499365e+01
7.889581741149024197e+01
7.901605459696975231e+01
7.908299590862198158e+01
