-7.940695232517768432e+01
-7.345129749300760125e+01
-5.693840252548861969e+01
-3.908330931227460070e+01
-3.026332347318334826e+01
-2.600699454519626741e+01
-2.367048480154178236e+01
-1.917174428039456657e+01
-1.145326271555638797e+01
-5.554156250019913088e+00
-1.589245066514960669e+00
3.008864653015409285e+00
6.252484958432435569e+00
7.673796509901315233e+00
9.487029380552385760e+00
1.058287056331248621e+01
1.314718507828129646e+01
1.710685030481772628e+01
2.136711413866606435e+01
2.432829674489731531e+01
