6.858192138671875000e+02
5.722000732421875000e+02
6.268164062500000000e+02
6.812395629882812500e+02
7.081858520507812500e+02
7.444304199218750000e+02
7.761788330078125000e+02
8.089995117187500000e+02
8.453497314453125000e+02
8.702186279296875000e+02
8.872738647460937500e+02
9.010015869140625000e+02
9.027767333984375000e+02
8.914920654296875000e+02
8.775050048828125000e+02
8.693673706054687500e+02
8.849588623046875000e+02
8.985098876953125000e+02
9.085176391601562500e+02
9.320974121093750000e+02
