-1.546391466526111591e+00
-1.404809349318282496e+00
-1.269402865137660985e+00
-1.118334236081718558e+00
-9.662394254989431497e-01
-8.181955808791790963e-01
-6.672118074754476158e-01
-5.138410287464175719e-01
-3.616590759104780228e-01
-2.132681332262610086e-01
-6.861244649897021985e-02
7.447739957550118806e-02
2.179220656221813879e-01
3.657814851437537484e-01
5.171976364165326023e-01
6.633690973897004017e-01
8.147876652805413622e-01
9.617517750525657050e-01
1.117633715042658737e+00
1.258908799751099261e+00
