7.221702098846435547e+00
8.198695182800292969e+00
9.165685653686523438e+00
9.791901588439941406e+00
9.997162818908691406e+00
1.034421443939208984e+01
1.055070972442626953e+01
1.071206378936767578e+01
1.069099712371826172e+01
1.075191879272460938e+01
1.073616409301757812e+01
1.071973133087158203e+01
1.112548351287841797e+01
1.165228366851806641e+01
1.276458930969238281e+01
1.482723045349121094e+01
1.656111526489257812e+01
1.822032165527343750e+01
1.981865501403808594e+01
2.310133361816406250e+01
