7.227404785156250000e+02
7.623711547851562500e+02
8.119537963867187500e+02
8.430068359375000000e+02
8.660338745117187500e+02
8.698285522460937500e+02
8.702371826171875000e+02
8.739462890625000000e+02
8.765371093750000000e+02
8.798403930664062500e+02
8.862407836914062500e+02
8.939387207031250000e+02
9.028189697265625000e+02
9.027081909179687500e+02
8.925377807617187500e+02
8.727564086914062500e+02
8.707808227539062500e+02
8.467232055664062500e+02
8.418294677734375000e+02
8.510244140625000000e+02
