-1.764337247803172204e+02
-2.562137358431532448e+02
-1.854802109337705360e+02
-1.347608405810271677e+02
-1.021980357693635852e+02
-7.556380211209294373e+01
-5.451528264078784503e+01
-3.784436164002088532e+01
-2.341772347793802211e+01
-1.253923839100838400e+01
-3.163031956261950661e+00
5.707881438160804066e+00
1.300278526160930248e+01
1.890553611567403181e+01
2.552988866328479745e+01
3.129236347065597812e+01
4.010887302375274999e+01
5.025703462607890515e+01
5.361437309869344858e+01
6.535019845471684619e+01
