2.980459289550781250e+02
2.982019958496093750e+02
2.983915405273437500e+02
2.985800781250000000e+02
2.987668151855468750e+02
2.989544372558593750e+02
2.991446838378906250e+02
2.993348693847656250e+02
2.995250854492187500e+02
2.997141113281250000e+02
2.999046325683593750e+02
3.000946960449218750e+02
3.002828369140625000e+02
3.004664611816406250e+02
3.006545104980468750e+02
3.008491516113281250e+02
3.010365600585937500e+02
3.012242736816406250e+02
3.014065246582031250e+02
3.015778198242187500e+02
