5.340000000000000000e+02
4.400000000000000000e+03
1.558200000000000000e+04
4.448800000000000000e+04
9.660800000000000000e+04
1.595480000000000000e+05
2.347140000000000000e+05
3.128030000000000000e+05
4.147100000000000000e+05
4.730610000000000000e+05
5.154050000000000000e+05
5.335920000000000000e+05
4.554500000000000000e+05
2.871040000000000000e+05
1.236430000000000000e+05
5.486800000000000000e+04
2.306600000000000000e+04
7.260000000000000000e+03
1.993000000000000000e+03
2.080000000000000000e+02
