5.340000000000000000e+02
4.400000000000000000e+03
1.558200000000000000e+04
4.448800000000000000e+04
9.660800000000000000e+04
1.595480000000000000e+05
2.347140000000000000e+05
3.128030000000000000e+05
4.147100000000000000e+05
4.731380000000000000e+05
5.154230000000000000e+05
5.335750000000000000e+05
4.554290000000000000e+05
2.870770000000000000e+05
1.236250000000000000e+05
5.486400000000000000e+04
2.305900000000000000e+04
7.259000000000000000e+03
1.994000000000000000e+03
2.070000000000000000e+02
