2.076621670553075116e+00
1.310272870683144797e+00
1.036351654121857813e+00
7.894588935002992969e-01
6.805786144611447597e-01
4.984549121228956658e-01
3.868020185662945365e-01
2.676071960366836477e-01
1.629614721839336977e-01
9.818252908830568670e-02
7.229090295334239524e-02
6.851637648408559489e-02
9.003512370236484152e-02
1.459541017042748079e-01
2.422454755506911472e-01
3.766135088731272229e-01
7.177858171647821806e-01
1.619775023685125825e+00
2.535287799414735588e+00
2.350494292911563754e+00
