2.350966463854807564e+00
9.409224494964212315e-01
5.471636942709198204e-01
3.529628169995901454e-01
2.628293875259578027e-01
2.135965581064886154e-01
1.644279212680543334e-01
1.309472554408982747e-01
1.094402475354541576e-01
1.029065543267043276e-01
9.569976225634529987e-02
8.902149331257233622e-02
9.611556711429712629e-02
1.255788024246574930e-01
2.004233793486062953e-01
2.883438680430669976e-01
3.881694083351794888e-01
5.940438975668055344e-01
8.395029652796465180e-01
1.898899510398921908e+00
