1.058563765304402260e+01
4.743538041333168920e+00
1.997905604228638943e+00
1.076468482670801752e+00
6.997241217771368316e-01
3.770565068826488564e-01
2.141524610489462244e-01
1.273933105594977355e-01
7.234603098486919182e-02
4.214207043418569804e-02
2.997438360150568928e-02
2.821167734686047188e-02
3.770300929323957412e-02
6.275637127142542904e-02
1.079527147064491960e-01
1.838894845814161849e-01
3.953024303495619729e-01
9.135073411812288935e-01
1.812362774972724244e+00
3.828309019759257747e+00
