2.782262206912724078e+00
1.459593871080022032e+00
9.873149867604614771e-01
6.394498341594379021e-01
3.944104428758007375e-01
2.761616096493965666e-01
2.108654379418802571e-01
1.682744467683694733e-01
1.432708015312142424e-01
1.342493384780736321e-01
1.229981877830041148e-01
1.149982306697155260e-01
1.207281886042877034e-01
1.485708631032978400e-01
2.273722915159964719e-01
3.393315503148082724e-01
5.140245962011144032e-01
7.658272958973505462e-01
1.022028717018824473e+00
2.305838760865777104e+00
