1.765049768510835504e+00
9.538602732558587594e-01
6.481855372434727203e-01
4.217285665070318879e-01
2.926947106806128684e-01
1.883971226748261951e-01
1.372878298761155136e-01
9.167398449541114269e-02
5.184782481479689731e-02
3.021547715907616644e-02
2.234087783155470214e-02
2.119450026990894048e-02
2.794418880076694062e-02
4.811458460634760598e-02
8.619235341964247288e-02
1.396391218644399412e-01
2.522322333116805981e-01
5.389127947565020005e-01
9.331726015560622978e-01
2.074454723848338400e+00
