1.119727795936708858e+01
5.107665844485954842e+00
2.603733021363996425e+00
1.749989687852951503e+00
1.352279309959597331e+00
8.396819933552637227e-01
5.140277081788858782e-01
3.261083885980236574e-01
1.999828030204776896e-01
1.237529435798808558e-01
8.997458509945623073e-02
8.586068388245837735e-02
1.140042969529608957e-01
1.844436390951562366e-01
3.058132312992002388e-01
4.790109552645375746e-01
1.025070790604215132e+00
2.432893759195636108e+00
4.014103541906182571e+00
4.350581239959152136e+00
