8.411878729613824213e-01
4.562654547500473723e-01
3.375119470914825781e-01
2.070794452440821165e-01
1.229774796411940430e-01
9.056699264043895081e-02
7.359568788831184760e-02
6.239837523213379034e-02
5.465882013493664204e-02
5.092703391829989795e-02
4.582723862206299070e-02
4.085257735999919121e-02
4.016756647709509437e-02
4.598922061316661897e-02
6.425205548127206623e-02
9.842239922250274609e-02
1.657539439425059768e-01
2.464277717087648145e-01
3.341588270067861743e-01
1.079944252592277998e+00
