9.577677366187863084e-02
4.965875895150864000e-02
4.149627853726841481e-02
2.753767557390123313e-02
1.646548311224521263e-02
1.190492751183913449e-02
9.539101214631338227e-03
8.083918859029501011e-03
6.919291393048638932e-03
6.419438738199786422e-03
5.845521662729890287e-03
5.317458364281116290e-03
5.762766597475090999e-03
7.468012843581659822e-03
1.161600877937579539e-02
1.464415174176433854e-02
2.105210319090167551e-02
3.111715506309933529e-02
5.568765267954454978e-02
2.061947226197547167e-01
