9.238499199317684596e-02
3.654174589151643754e-02
2.114429836967997300e-02
1.354708385903427223e-02
1.001187301551885109e-02
8.115833160218067360e-03
6.227961241442717989e-03
4.938884017877190336e-03
4.108750156916978098e-03
3.845679374269158485e-03
3.568765240902160418e-03
3.304197771074070082e-03
3.546996617606629643e-03
4.613224507542526207e-03
7.362326634544836580e-03
1.073555013258855120e-02
1.456045173789324507e-02
2.238328723453638508e-02
3.161922190167975460e-02
7.025200978618664771e-02
