1.837783226021573110e-02
8.038588462541530408e-03
5.565427357374024865e-03
3.747807829977796695e-03
2.650866760085553078e-03
2.041529507068453025e-03
1.549764360297909262e-03
1.242271454118528892e-03
1.027999934824185869e-03
9.422843711155726729e-04
8.792888506532783822e-04
7.931650249425102692e-04
7.992120966025150408e-04
9.571644401722290011e-04
1.548241814653325164e-03
2.540370689545376655e-03
3.666453441217667510e-03
5.511802901711202775e-03
7.182356534103754263e-03
1.543973408433134409e-02
