6.996625501769257460e-03
3.463260339892893034e-03
2.862707162574969905e-03
1.984160411524393125e-03
1.254249329639881829e-03
9.147551973674435209e-04
7.308252409992201971e-04
6.223215046033190971e-04
5.361479521117868199e-04
4.980202865046231457e-04
4.446319880651993938e-04
3.978963713005002878e-04
4.228881715111340784e-04
5.263618251800687362e-04
7.882794983562090756e-04
1.117808404126456774e-03
1.605836376315470998e-03
2.225893670320107636e-03
3.677045212734532127e-03
1.105030242386801156e-02
