3.397663739427995155e-01 3.480212870923579671e-01 2.819614029660949539e-01 1.780524975245159902e-01 1.330080141214703970e-01 1.074771180248003111e-01 8.100374374056623639e-02 4.260844248435448345e-02 4.347114480157434659e-03 -8.299269342094833107e-03 -1.647237633627841565e-03 -3.561931984029645046e-04 4.995358403171968123e-03 2.467675807118866610e-02 4.054494758404385973e-02 5.074457108223261875e-02 3.144976522808273084e-02 2.569129870831533477e-02 6.916518797393578222e-02 7.722242055541030104e-02
3.365211874388215341e-01 3.373020456677069956e-01 2.820696191811708498e-01 1.826634449397909477e-01 1.398513383434727420e-01 1.179861679233101673e-01 9.405783513681441332e-02 5.467163318667778160e-02 1.326682760052186327e-02 -2.810909234320568047e-03 3.770543768456714609e-04 -2.040223946875444668e-03 5.729250125387804464e-05 1.691633687299619326e-02 2.952061507583927588e-02 3.666393264488967962e-02 1.430361458260637902e-02 4.831698703760371749e-03 4.502622315106211137e-02 5.071740344203426454e-02
3.059743504057498842e-01 3.070737510156933414e-01 2.617005331057955519e-01 1.705887189411170179e-01 1.320921320739291693e-01 1.151307458683484691e-01 9.485296520403709020e-02 5.682921977777225658e-02 1.528487593125377013e-02 -1.404818821011730124e-03 9.911268012736402632e-04 -2.346018556088234983e-03 -9.388042122217457163e-04 1.547042994555199689e-02 2.741863921020884498e-02 3.398511199695315038e-02 1.114886921217154818e-02 7.192329144206917151e-04 4.028032712487353978e-02 4.568016316774496655e-02
2.804192530483118340e-01 2.781465688297958261e-01 2.415516624780539301e-01 1.585776109494099473e-01 1.237058578657089375e-01 1.110694243818690780e-01 9.401286607163725217e-02 5.737515169676517951e-02 1.609562743732686693e-02 -7.571672925926472642e-04 1.319053293760198177e-03 -2.426102556883347021e-03 -1.279702729315978669e-03 1.503284539243421661e-02 2.675615458434284569e-02 3.313107225158548608e-02 1.012657125166546192e-02 -8.442289136185453279e-04 3.849198363602471251e-02 4.386712249556393856e-02
2.605894060757521502e-01 2.541111376051972681e-01 2.236819837202552730e-01 1.478639343886303248e-01 1.159306363773359022e-01 1.069856309499786773e-01 9.272821882287383966e-02 5.738030503089364825e-02 1.648202822536947929e-02 -3.851009010963666679e-04 1.535392308742304732e-03 -2.434234898013191550e-03 -1.405029378216371980e-03 1.491456399831947097e-02 2.655321100433186837e-02 3.285446241660062994e-02 9.757695635801935663e-03 -1.612195487109775770e-03 3.761149817858335659e-02 4.302952844073464761e-02
2.449978928045626059e-01 2.343863018441419144e-01 2.080881197597462262e-01 1.383501971424128396e-01 1.087194901673475961e-01 1.030163075380269855e-01 9.123032344159878737e-02 5.710127619997185794e-02 1.665513824648848923e-02 -1.502833826840285607e-04 1.695105027929736784e-03 -2.409479158449310491e-03 -1.430364613593272487e-03 1.494007431067598084e-02 2.655802777421493663e-02 3.283472909191196415e-02 9.665410441158601984e-03 -2.050525331550146803e-03 3.709009868447836478e-02 4.258320562355763506e-02
2.330279416689830796e-01 2.179922320682771142e-01 1.943742687620542420e-01 1.296904275239341431e-01 1.018662165473881304e-01 9.907461657769388308e-02 8.954788531842741706e-02 5.658750454149738540e-02 1.668604856254917931e-02 1.526198936038556357e-06 1.822676074755549694e-03 -2.363992723433525414e-03 -1.394551157548143969e-03 1.505326663084129851e-02 2.668870076808174327e-02 3.296792854205140427e-02 9.730605715446731183e-03 -2.313892489293217607e-03 3.673407016965117566e-02 4.231918664123469898e-02
2.237140689340167410e-01 2.040777565053054077e-01 1.820734027872288052e-01 1.215978548636712647e-01 9.522504410916271533e-02 9.507005860685743825e-02 8.765113954756224846e-02 5.583770614385619169e-02 1.659092123006996114e-02 9.159734009799259870e-05 1.929556910710747072e-03 -2.300609087475969511e-03 -1.310344560321175271e-03 1.523794912746212829e-02 2.692160387056201018e-02 3.322430820147571212e-02 9.919873063135842967e-03 -2.454620061418170702e-03 3.646608955644026900e-02 4.216116543704449826e-02
2.165544705544812654e-01 1.917928311187513113e-01 1.706163239908086160e-01 1.137224197995704150e-01 8.859191409564994013e-02 9.089148190926016335e-02 8.547748322713949465e-02 5.482092326648851932e-02 1.636973894721572079e-02 1.242815544548410195e-04 2.022335892484487894e-03 -2.219060925472471791e-03 -1.178783086590560547e-03 1.549808363106785873e-02 2.726312702574346797e-02 3.361142123653848568e-02 1.024065425069909697e-02 -2.484682221209966787e-03 3.625774956288516093e-02 4.208590572194949309e-02
2.109657983735235554e-01 1.803931304831693783e-01 1.594884037923696429e-01 1.057722540943702438e-01 8.176973727055474039e-02 8.634737261343422565e-02 8.285287792292123088e-02 5.345581951205170823e-02 1.601345307372566487e-02 9.804398644153683548e-05 2.105069141754999443e-03 -2.118349968929658135e-03 -9.923077535495055616e-04 1.585349502874077582e-02 2.773911311835285803e-02 3.416588313836665947e-02 1.072340264732365989e-02 -2.409583712541642740e-03 3.611108971942544182e-02 4.210760378920047620e-02
2.066004615163581637e-01 1.691096580249265013e-01 1.479961270081243674e-01 9.745269705327545828e-02 7.448838974274478442e-02 8.128984859799043283e-02 7.959826210743219110e-02 5.168035287166113795e-02 1.550561130002811941e-02 2.994526459619859803e-06 2.177402053367237002e-03 -1.994622261308029183e-03 -7.380330724790248702e-04 1.632928336576684042e-02 2.838029885993630097e-02 3.492997120031351294e-02 1.137118669944279029e-02 -2.312957272407933484e-03 3.606372968257829520e-02 4.227048883749789931e-02
2.031156781488297480e-01 1.575995250665356007e-01 1.359190580480119370e-01 8.841491976824999988e-02 6.648463110487627670e-02 7.563369443433393124e-02 7.558523379552620214e-02 4.945977940376022897e-02 1.480908806760444611e-02 -1.731489345057914922e-04 2.238005187358563502e-03 -1.844146395494756802e-03 -4.037093325431625286e-04 1.694620951527539207e-02 2.922481925796475977e-02 3.592824160641924780e-02 1.211724026318084999e-02 -2.316571918651291230e-03 3.619486788789350734e-02 4.265433871291152840e-02
2.005014471763880424e-01 1.453204056127024302e-01 1.228328477395103230e-01 7.806306376010826997e-02 5.741084584298890986e-02 6.923525717394728163e-02 7.070550963471430861e-02 4.672687702646533686e-02 1.383396829051525279e-02 -4.569735779826958333e-04 2.285205460629772829e-03 -1.651370194871058837e-03 3.740282031166810580e-05 1.773894386328939490e-02 3.031024745238900669e-02 3.724433705090261088e-02 1.297841490579544101e-02 -2.374560851299287092e-03 3.659803509250702386e-02 4.337935589768034811e-02
1.983655756304488760e-01 1.301371023944394301e-01 1.075677503524298251e-01 6.585909027444833419e-02 4.704475081996449537e-02 6.172399672561637574e-02 6.493164615518351446e-02 4.330684735534368057e-02 1.244520019188587352e-02 -8.829251619623678955e-04 2.316351648412443009e-03 -1.391276495002970355e-03 6.129999068371024028e-04 1.875097215702323239e-02 3.170775264451737574e-02 3.905294568783385101e-02 1.426391570841569097e-02 -2.654987720732652958e-03 3.743924765626467643e-02 4.465992726931203305e-02
1.965303148707968628e-01 1.102635812774065832e-01 8.882459792026448087e-02 5.140544330620316904e-02 3.503462259506576193e-02 5.271817865225351257e-02 5.800510827249118900e-02 3.886734558446416216e-02 1.050358814133197510e-02 -1.528223215838126012e-03 2.322468170601072607e-03 -1.020244692215919796e-03 1.375391216901609417e-03 2.003622653339060325e-02 3.353788784226791747e-02 4.160862206834693017e-02 1.626346008396060971e-02 -2.605714068487605638e-03 3.887748571864620833e-02 4.677291234098349126e-02
1.935929577638510757e-01 8.478106591542079740e-02 6.607218418347585165e-02 3.440814839591239960e-02 2.160911807470296264e-02 4.192958640421361877e-02 4.929095800930680810e-02 3.289094956120022090e-02 7.711850348321419579e-03 -2.592831757247310732e-03 2.281219039603685477e-03 -4.589812072475885183e-04 2.480453313068827458e-03 2.177422785823465018e-02 3.604142043971470671e-02 4.515017278640193893e-02 1.906575041837854298e-02 -1.988141902415017839e-03 4.105316598656124499e-02 5.018000424431605377e-02
1.877563167345331629e-01 5.260422474787231073e-02 4.029771231371163942e-02 1.514633853110440576e-02 7.023387995349104213e-03 2.930529767324324339e-02 3.839047027949013535e-02 2.488196381460820381e-02 3.691192634405399565e-03 -4.312858666607286874e-03 2.126362236163018959e-03 3.801235283472986976e-04 4.159845896881033539e-03 2.422486134585941434e-02 3.938054430147131663e-02 4.971343580013135727e-02 2.253620147084276978e-02 -8.616147446294756141e-04 4.358295108592954992e-02 5.545888456291103719e-02
1.737697555644869551e-01 1.657460301779301384e-02 1.264900660351128692e-02 -5.501070551479522036e-03 -7.904407424609183330e-03 1.492228861892798061e-02 2.499050319043851984e-02 1.436967448152302873e-02 -1.997666585893082686e-03 -6.903370256811874536e-03 1.816220384596434678e-03 1.577314447141822066e-03 6.593756557575421694e-03 2.765708715892510258e-02 4.373534997112751149e-02 5.521876070352151056e-02 2.637449907879068842e-02 1.654094710848540563e-04 4.509038779064161728e-02 6.348410619262505328e-02
1.483671462958333909e-01 -2.355535252910080993e-02 -1.609040435700325247e-02 -2.636271596384341317e-02 -2.224203413009122679e-02 -7.165426811857163658e-04 9.222516984354988193e-03 1.259725615329895278e-03 -9.549887297101442366e-03 -1.045289259876852790e-02 1.180104973874352434e-03 3.163712904398451042e-03 9.928760816757057836e-03 3.235471888401798141e-02 4.940394067310348303e-02 6.193828805610374771e-02 3.115731660216820159e-02 1.591212948532645926e-03 4.694289595282240268e-02 7.497195454282522264e-02
1.163737783838395962e-01 -6.337244542159158056e-02 -4.219921766071788038e-02 -4.574398741808576724e-02 -3.486609070006305156e-02 -1.600034151712935102e-02 -7.727554586740964168e-03 -1.402853727971325147e-02 -1.890543231973084923e-02 -1.518988561847379147e-02 1.414267594748063002e-06 5.172342217003973730e-03 1.430281250496336781e-02 3.848561163445598371e-02 5.670470471585727090e-02 7.009629638089732995e-02 3.855028680599797281e-02 5.036398436783529574e-03 5.229106111021254721e-02 9.018410383713448830e-02
8.450280373487233099e-02 -9.731853096468276454e-02 -6.103402060234919269e-02 -6.003681777054769436e-02 -4.412795835876696937e-02 -2.910841677506423308e-02 -2.442594103990261209e-02 -3.080907106571723758e-02 -2.984153819590228476e-02 -2.114165177434067233e-02 -1.710785995849107861e-03 7.445038196756120254e-03 1.967281591878170324e-02 4.612425005609282341e-02 6.577562419822492734e-02 7.977025124399537981e-02 4.959373924457138871e-02 1.457592480076401638e-02 6.394310206074824143e-02 1.099357663513577110e-01
5.364901740746597786e-02 -1.210866232307664936e-01 -6.845606221010722137e-02 -6.501268109208650781e-02 -4.614619895145895268e-02 -3.724810033286588690e-02 -3.866259493142371051e-02 -4.788462319920169796e-02 -4.202069207611363461e-02 -2.829010374554967455e-02 -4.052799548589667775e-03 1.003824490293929970e-02 2.590063361257530922e-02 5.507643882222156700e-02 7.620042170411694959e-02 9.009714529687287699e-02 6.470622509636611563e-02 3.192424114729764534e-02 8.251610654312220572e-02 1.343603138854957413e-01
2.028199003232874012e-02 -1.302805218574106805e-01 -6.158001096572035538e-02 -5.697526224469007944e-02 -3.709151260141195505e-02 -3.803867252112160674e-02 -4.976295960228559884e-02 -6.480511644996697629e-02 -5.485380377089257853e-02 -3.627909084220713731e-02 -7.023111426020202039e-03 1.302376036458587419e-02 3.280332683289640533e-02 6.502171921321191206e-02 8.758325983273711202e-02 1.000099326195982852e-01 8.317418874888965474e-02 5.583536181106680402e-02 1.044019790990864394e-01 1.620066877056056953e-01
-1.957710605395293624e-02 -1.208004417109997258e-01 -3.575531492166340863e-02 -3.090946602634654303e-02 -1.291031261093842156e-02 -2.719239188784912040e-02 -5.403027716546761339e-02 -8.147472016661565231e-02 -6.878889707860542935e-02 -4.441389832345634531e-02 -1.033688595194934279e-02 1.613817403725710184e-02 4.036115616913019816e-02 7.567816171426514082e-02 9.941068350515633312e-02 1.085851682837510324e-01 1.046179090326291722e-01 8.535350728009923060e-02 1.252629787012032037e-01 1.917599712894454411e-01
-4.369805677619713336e-02 -7.978344301238383951e-02 1.776374996327041364e-02 2.051949216985721886e-02 3.049418448177390606e-02 -1.372839464766815575e-03 -4.863276300879493252e-02 -9.528322028055652426e-02 -8.235074808887180020e-02 -5.166865180384220407e-02 -1.381984789494738325e-02 1.909641974723929811e-02 4.842097710994892890e-02 8.557030987917732534e-02 1.094803204349367176e-01 1.141367949276035076e-01 1.263289801560555092e-01 1.163816581935372130e-01 1.419198390528769727e-01 2.203391656922235320e-01
1.390085998467176925e-02 4.505093654693275579e-02 1.674890160428416097e-01 1.741561375709292925e-01 1.460294488079496300e-01 8.207737255781913377e-02 -1.720329342826613928e-02 -1.040486909041480335e-01 -9.295259897405545868e-02 -5.523916216079050728e-02 -1.745539724597880427e-02 2.133981141434982548e-02 5.717443222142822717e-02 9.301359850170204391e-02 1.174723289732613751e-01 1.170847724801452189e-01 1.433000792444019122e-01 1.463162350894755270e-01 1.395882832633432435e-01 2.206021294238899588e-01
3.006521333323535772e-01 3.760472237557914155e-01 4.907448893116662658e-01 4.827204410759179387e-01 3.676853098414103460e-01 2.507779957483400324e-01 9.414461205894975038e-02 -5.463239913150167576e-02 -5.932415332796611707e-02 -3.403448841812017206e-02 -1.541924581763881759e-02 1.299637281428191356e-02 4.786202719115419113e-02 7.190997574832190542e-02 8.896470503716519262e-02 8.401655840097015104e-02 6.685753135202190944e-02 5.958997555554387815e-02 1.292307938165973002e-01 2.672930813955244345e-01
5.787342265028216914e-01 6.351905167798954643e-01 6.754915512032507730e-01 6.057459716400285243e-01 4.427032164793903712e-01 3.002765539955362661e-01 1.287637418372326037e-01 -3.455489690036158551e-02 -2.660299160675317492e-02 -2.461034391027317261e-03 1.710401393229421692e-04 5.808506769139134066e-03 2.600832928046956094e-02 2.917190372121211683e-02 7.599207407483889697e-03 -3.448375652530123042e-02 -8.475504751175325091e-02 -1.066735257711979717e-01 1.888028956612620157e-01 2.893919857697797027e-01
8.767330303244835754e-01 8.008214500125531154e-01 6.793945601820620128e-01 5.051607107361610893e-01 3.251915059804086350e-01 1.901998393509360674e-01 6.863961475823920910e-02 -3.753304665621392394e-02 -1.099008813649036444e-02 1.630564139224889228e-02 1.769815293615721249e-02 4.073659581680532174e-03 2.283841527074725875e-03 -4.898474231995876386e-03 -5.395586333543231361e-02 -1.225996537342223108e-01 -2.027943269030764439e-01 -2.479178010424247791e-01 1.571674436956790322e-01 2.067130855042436932e-01
1.314295326228725136e+00 9.121375113907292942e-01 6.602199395926624526e-01 4.151887499800649972e-01 1.996977154683391709e-01 8.249854515802679256e-02 2.167588622159500461e-02 -2.786981507751280784e-02 -2.582965884760756413e-03 2.167249571450997545e-02 2.852204271553786252e-02 2.557867492013222825e-03 -1.732438125911133983e-02 -2.655471116910803828e-02 -5.072603944012292476e-02 -8.021521880196091914e-02 -2.336557515350070613e-01 -2.968437254111965795e-01 -1.195796335282661021e-01 -1.901619366830137881e-01
1.479277821517301694e+00 8.853747194513090779e-01 6.258576738856956867e-01 4.106294198497795755e-01 1.751130881515486903e-01 5.142215272909796825e-02 1.176806684257681798e-02 -1.003346547052178482e-02 2.235374130638900780e-03 2.168095961369726626e-02 2.924433440334914258e-02 -1.198834825520266696e-03 -2.132943518923851450e-02 -2.929198733776718078e-02 -1.551817081156120839e-02 -8.824612192477726807e-04 -1.993410745171017573e-01 -2.952544594815692536e-01 -3.807487912573903621e-01 -5.462360296460040399e-01
1.358539333511722180e+00 7.792802734398104336e-01 5.387140943255652736e-01 3.944093096788528485e-01 2.126618455971477084e-01 9.399235727524851702e-02 4.572427161712479954e-02 1.901344221644521090e-02 7.333550429321817991e-03 2.155375094517554199e-02 2.412314983815326205e-02 -6.298184697261064932e-03 -1.765722665665682076e-02 -1.698536755198980924e-02 2.001316959609260662e-02 4.881610646921452634e-02 -1.650085158603034063e-01 -2.698594128069125020e-01 -3.565104434798800903e-01 -4.171542784450457675e-01
1.120703846506485135e+00 7.763798145239650950e-01 5.473845094427097768e-01 3.736329027029620664e-01 2.511100580413365702e-01 1.650831302873625728e-01 1.049754570745720234e-01 5.154060718715360728e-02 1.328587934274047359e-02 1.882460718490071641e-02 1.349373718616521563e-02 -1.203591209371563352e-02 -1.271843919846596914e-02 1.658186925318495125e-02 7.689494131633964336e-02 1.207828870105096680e-01 -8.337194516928186916e-02 -1.669543889535456405e-01 -2.446722505466420727e-01 -2.394137313882772344e-01
6.393692484122622810e-01 6.311927060823648850e-01 5.743676111831986786e-01 3.768844992879563094e-01 2.867587263879182724e-01 2.277632872201442726e-01 1.574279222648755361e-01 8.198697352209614875e-02 2.567130805857012130e-02 1.369357907051604352e-02 6.743419773863651608e-04 -1.841886328515023388e-02 -4.506386800422506299e-03 5.600840375309093511e-02 1.332161367564021204e-01 1.741959772217284985e-01 4.335814079626262169e-02 -2.274285444615331206e-02 -1.353441903223393250e-01 -1.802889920790342881e-01
1.920321081405218511e-01 3.781824272009008392e-01 5.042554257753585345e-01 3.621215322199510256e-01 3.106808273510436869e-01 2.825076441411935035e-01 1.987779212893974190e-01 1.127240372488612641e-01 4.342336545576993417e-02 1.490896003283952338e-02 -4.384279612778943513e-03 -2.200726530446535378e-02 -3.252899464061449926e-03 6.686360174192963746e-02 1.480196646915291625e-01 1.707486920400044794e-01 1.137925284520365232e-01 7.726582920151009448e-02 -2.065613372597545003e-02 -9.781352898923673100e-02
1.088461245225945742e-02 2.042829197210334347e-01 3.953865370049386985e-01 3.328439658685422020e-01 3.237300582970980556e-01 3.101114574688836889e-01 2.149829390704934839e-01 1.297692245682051382e-01 5.314869694189982424e-02 1.687260908013863900e-02 -4.396163950729902598e-03 -2.226166204645319696e-02 -5.543505162025333041e-03 6.290233856333188323e-02 1.532501524763939804e-01 1.799476921721361866e-01 1.428531931888160911e-01 1.310949384381282223e-01 7.169773100502056795e-02 -3.258359373243064228e-03
3.622604311692985846e-03 1.288288871417996584e-01 3.252589617516079001e-01 3.112779640947247461e-01 3.293260902617050623e-01 2.978759705531183744e-01 1.884813657906250495e-01 1.163874779472827414e-01 4.796998151273678540e-02 1.696407445252023569e-02 -8.723843583562265573e-04 -1.983325753226361163e-02 -7.220795391634611364e-03 5.475325108188144885e-02 1.530721869681440084e-01 1.904305732043671262e-01 1.369940448144539025e-01 1.099756359962547336e-01 7.611697856688562358e-02 2.866303815703480015e-02
-1.178859699153293836e-03 1.165971224255239330e-01 3.128794875676006448e-01 3.011661399534202865e-01 3.022101553981501598e-01 2.502017286893714054e-01 1.423968275722093113e-01 8.329510516295705880e-02 3.090014862101921056e-02 1.635477395484770738e-02 4.276200029427716306e-03 -1.364954307869596997e-02 -4.763812582585873721e-03 4.607288881665096841e-02 1.186474475190070210e-01 1.204338566810923133e-01 5.868043567298854984e-02 3.794257123338724835e-02 -3.305450421990522442e-02 -7.817186979895357490e-02
-2.493883208783837305e-02 1.548523846247687741e-01 3.503935419928059236e-01 2.547560848255328025e-01 2.147664692475948489e-01 1.861608325715654877e-01 9.992199397112720705e-02 4.470058181753065740e-02 1.045556246767922852e-02 1.457499657592380322e-02 8.498674689405389879e-03 -5.121542654990173839e-03 3.670972039286213707e-04 3.854487043740516955e-02 6.626163408304019953e-02 2.241837733661304968e-02 -5.685205439941392463e-02 -4.316308883898681975e-02 -2.224817527535587758e-01 -3.498355279616561231e-01
-6.677137725281027947e-02 1.968008051680898707e-01 3.733703746616817143e-01 1.511269950447404475e-01 9.764472620855818574e-02 1.238315838213511350e-01 5.969151731094448493e-02 1.858330624248647617e-02 -7.413748422882854988e-04 1.072033457521844729e-02 1.040473624331875180e-02 1.677449480838048975e-03 3.332276558892053198e-03 2.972812682795616945e-02 3.089321208859049234e-02 -3.572653289414804475e-03 -1.019724515618935373e-01 -8.866886571367982306e-02 -3.574484369567905717e-01 -5.744403605653711775e-01
-1.561645659132728514e-01 1.725480208874778099e-01 3.151647582948831072e-01 3.497475221947664997e-02 3.823997722282909792e-04 5.041870839261688303e-02 9.498885352184965533e-03 -2.936919947185596524e-03 -7.459740868866055787e-03 4.907673980775773513e-03 9.761965447906062118e-03 5.268507258556324319e-03 5.136788285887712580e-03 2.573265099061478392e-02 3.364547713325630879e-02 4.490678907674666709e-02 -4.834278481338648292e-02 -7.532462122520741654e-02 -3.439837676074716244e-01 -5.830928509493231715e-01
-2.954942050628122097e-01 4.954080128295813845e-02 1.610004010982724332e-01 -9.041361545397694210e-02 -9.563763090214756624e-02 -3.475043222142890770e-02 -3.499243944951219154e-02 -1.739141527857531594e-02 -1.318763282422033382e-02 6.570116608036873649e-05 7.915549093538573611e-03 6.707517883239196704e-03 7.454037248030984802e-03 2.584326866199196035e-02 5.537500336640562709e-02 1.053423783204350678e-01 3.804487085746574571e-02 -1.758600135379492779e-02 -2.059572568351646926e-01 -4.126494646991487047e-01
-4.097389825951425202e-01 -8.602952754792167478e-02 5.450116457138034359e-02 -1.274554153614303464e-01 -1.142069294037040966e-01 -5.211993502919706062e-02 -3.384586284163958875e-02 -1.568790015827880441e-02 -1.566399826964957540e-02 -2.389622138955480469e-03 6.429364551963748058e-03 7.215136576451303824e-03 8.789467158687037929e-03 2.625548201216046026e-02 6.209724738338994604e-02 1.223710523733988337e-01 8.821290638230845638e-02 1.970459649412341710e-02 -6.418839814928162246e-02 -2.105118230148465830e-01
-4.347413078070254122e-01 -1.023827742548282516e-01 1.177307796639287946e-01 -3.986910663969224500e-02 -2.888817726876890396e-02 1.434673771320732136e-02 9.945843682483891668e-03 -2.023354871226639654e-03 -1.484183273822893730e-02 -5.000278409233947438e-03 3.885684384254495770e-03 6.454596976520281248e-03 1.045108138532005980e-02 3.141173488755220899e-02 6.438183617744694387e-02 1.203118004545736530e-01 8.531778450986070295e-02 7.187706607053904843e-03 -4.749203667128677059e-02 -1.526808401929856673e-01
-3.612025197960721523e-01 -5.102102413019705962e-03 2.211350982284380762e-01 5.240107598648224840e-02 6.048915396430087910e-02 8.783339462816033838e-02 4.904826665065190744e-02 1.004296572628444843e-02 -1.304272712739850022e-02 -7.766290742984746989e-03 9.081001740120634488e-04 4.928391748347422073e-03 1.145342133164469964e-02 3.898433750562042832e-02 7.653368393842359396e-02 1.239962805328450740e-01 5.022213113657357508e-02 -4.441683270086825563e-02 -1.412535920914887444e-01 -2.792369006374358364e-01
-2.133392548969114677e-01 7.128250064777483241e-02 2.235084743318038192e-01 8.909066964762188401e-02 9.364049011837818903e-02 1.228973244672101200e-01 6.713181281676967871e-02 2.341664870026623213e-02 -5.538944627002726287e-03 -5.969810384248634520e-03 -4.263181972183637848e-04 2.693230341503008614e-03 9.110525825343244663e-03 3.924195162090780148e-02 7.983749087995146987e-02 1.057925518884462318e-01 3.411858934602363200e-03 -7.777381734298341454e-02 -1.859256613422192728e-01 -3.532729082321461878e-01
1.020188340297106637e-02 1.673133891419710528e-01 2.359670918125956196e-01 1.302261178500445649e-01 1.106839346948320507e-01 1.322429427884855291e-01 8.122984807289032605e-02 3.721673691401612694e-02 5.569909023185455783e-03 -1.018227459619675890e-03 -2.367828424796832628e-04 7.212317224462415225e-04 5.688507975887287411e-03 3.315472670932413657e-02 6.133272193313368120e-02 6.161331662371028611e-02 -2.016915588835511974e-02 -5.543918252798177293e-02 -1.168484605238190033e-01 -2.670752811447107411e-01
1.690427388936395214e-01 2.585693735679496785e-01 2.927962453385515862e-01 1.986936323924014258e-01 1.474473403096246693e-01 1.437925991815413862e-01 9.727139690330352528e-02 4.640066798721528135e-02 1.206903550592601515e-02 2.790130173717692615e-03 -1.847908100823490989e-04 -1.111384608640849725e-03 2.572635964238632281e-03 2.945398454624665457e-02 4.234213462532991634e-02 3.079365972849948396e-02 -9.094878958332681257e-03 -9.757744683938175678e-03 -2.173119137422373573e-02 -9.341628937185324222e-02
1.234670201046225158e-01 2.065162069229173336e-01 2.625959880375084432e-01 2.107845055829997427e-01 1.734729150348328641e-01 1.567085122792943597e-01 1.073341595979474539e-01 4.703286325490615982e-02 1.251954678825149651e-02 4.217800351284957568e-03 -3.147044571855716418e-04 -2.746229219234150136e-03 -7.744080906244931286e-04 2.574122526703878297e-02 3.387538522678024133e-02 2.882672811426202630e-02 2.215876187318900278e-02 2.574869591969948177e-02 3.388673940762262069e-04 -3.547584554823891845e-02
-3.144163223225312359e-02 8.010264091054544733e-02 1.714390359885414050e-01 1.564744076361536396e-01 1.511442168069894454e-01 1.323944837562859578e-01 8.611574885255739165e-02 3.544949448185825275e-02 9.989674810366970178e-03 3.176634011122876720e-03 -8.262495044869265547e-04 -3.513857951537392287e-03 -1.859612771718309769e-03 2.377301120207451351e-02 3.689355818079614879e-02 3.853248359337228812e-02 3.684564067092553630e-02 2.985652524366836855e-02 1.780280114683386802e-02 1.158736524369342056e-03
-3.485922837935748891e-02 4.563214372091867893e-02 1.041343769173001810e-01 9.896115001403596456e-02 1.047565124549916515e-01 9.103900935481980261e-02 5.810179390777228670e-02 2.468022623363427814e-02 7.503163047002948602e-03 8.920346511664854153e-04 -2.068895928933606534e-03 -3.478467856515237051e-03 -9.618380508833951695e-04 2.211008015845231447e-02 4.157154531661381991e-02 4.750719427584561283e-02 3.562516952335924997e-02 2.540333842207835591e-02 2.765912252269984994e-02 2.890006128157652718e-02
-5.902931727322132359e-03 3.538349721922505464e-02 3.827979287295147498e-02 4.326243093641419374e-02 5.528318432731480631e-02 5.573084467183370139e-02 3.842411213526591290e-02 2.022735639840993541e-02 5.512445977374022359e-03 -7.414613008719055228e-04 -2.837502800495031365e-03 -3.436737550986739779e-03 -1.380025358503753541e-04 1.914885931331135327e-02 4.289820785302785738e-02 5.488099013332371767e-02 3.588458720570456006e-02 2.986328559779834191e-02 7.520206153408823604e-03 1.187950589900763076e-02
1.101501857357320251e-02 2.820953543993490881e-02 -1.268980584216457177e-03 8.852774064317911126e-03 2.437170508448168599e-02 3.272425976874175635e-02 2.519429862102846515e-02 1.505056502265385635e-02 2.228114054510582902e-03 -9.784235858667374684e-04 -2.326692877797121878e-03 -3.076979631857808348e-03 -1.823274203089157686e-04 1.532817034129933982e-02 3.800585464935269525e-02 4.377243167359353565e-02 2.470142027265899431e-02 1.526007075160373296e-02 -1.407473934353864128e-02 -2.151807560466113475e-02
7.946802886207901540e-02 4.872902096212615441e-02 -4.170362373878406907e-03 8.087008810725910581e-04 1.375560402221304331e-02 2.133009069508409739e-02 1.625699410715261348e-02 7.319109915479200985e-03 -5.683585643332926974e-04 -1.029323058123666861e-03 -1.200458816779416404e-03 -1.812161899191852121e-03 -4.648222730369845038e-04 1.063041027863441748e-02 2.606088559843812436e-02 1.594793064785677075e-02 -1.555282099518180217e-03 -1.966119322031212660e-02 -2.576764368116505818e-02 -3.561261795685447679e-02
5.353653030086061304e-02 4.211879535826906773e-02 -2.852651738396755517e-03 4.562426426808041777e-04 1.159375112152291436e-02 1.593715683730181909e-02 1.082905947685658572e-02 2.599821063876936282e-03 -1.104338718049909743e-03 -1.081566924264229989e-03 -5.654070339700446347e-04 -6.439771775798743122e-04 -2.432087347799573849e-04 6.691364062747498162e-03 1.520126969889610755e-02 -1.259215738643895558e-03 -1.603340030973804398e-02 -3.257491736291075884e-02 -3.085955946398115032e-02 -3.392493000911860762e-02
3.659832172845745545e-03 3.902244525304641304e-02 1.303467630721931621e-02 1.104002319583967211e-02 1.380751722855214601e-02 1.348801681197510718e-02 9.175346232298240562e-03 8.963866425159247890e-04 -3.000402085641364004e-04 -4.044812636222425714e-04 -4.240444852131100280e-04 -3.701218280350265072e-04 1.798468393118160915e-05 4.635794339328435515e-03 9.661988663142094882e-03 -1.834717932824103800e-03 -1.041876389960946434e-02 -2.158369367696510652e-02 -2.962704913234360041e-02 -3.259302884546703971e-02
6.851589681479185526e-03 6.365104368345192443e-02 4.298756065788534447e-02 2.770652548302595525e-02 1.683055255658890553e-02 1.125824931257630654e-02 8.908314311255684931e-03 1.223431001919823109e-03 9.767923007844246924e-04 3.872844029047358880e-04 -3.893485984522326751e-04 -4.675821891467844132e-04 -5.334369073982734970e-05 3.605163480851327276e-03 6.924917267607781472e-03 2.158395861255774399e-04 4.637883252129962612e-04 2.644286292017238114e-03 -2.074674631768482890e-03 -3.181526047785929786e-03
4.204366007730254984e-02 8.178561126366792888e-02 6.003786170031081421e-02 3.679586779544494202e-02 1.947897231534556628e-02 1.229226897050038347e-02 1.094980560043059062e-02 3.513280846605186265e-03 1.859976503097067425e-03 6.432358118030814939e-04 -4.115884675933424133e-04 -5.826202485464936640e-04 -3.592501748174272216e-04 2.960131998474171793e-03 5.625286917329590936e-03 2.554799830216203903e-03 8.446891827455092067e-03 1.578657265982309418e-02 2.653102895717154852e-02 3.224234661056240431e-02
5.694267432923655337e-02 7.592777891933095991e-02 5.473561850965341646e-02 3.580881857543526808e-02 2.080543187358055782e-02 1.481944987098122828e-02 1.399072023329848806e-02 6.852920397260120824e-03 2.572981184241842929e-03 6.012787015976458777e-04 -4.690078642238664787e-04 -7.796480206233094568e-04 -4.183063137851798221e-04 2.182284858937754302e-03 4.217060878263995290e-03 3.768302239517818623e-03 1.072113307231120291e-02 1.789192585138304689e-02 3.635675387246684737e-02 4.542340473934774331e-02
4.317551353834687272e-02 5.238713641757179740e-02 3.991231728512516924e-02 2.890597323015001510e-02 1.944696526703135891e-02 1.477614822886647722e-02 1.418303592285307183e-02 7.852886288246520297e-03 2.598258986245330186e-03 3.341919794066651570e-04 -4.447629398711948367e-04 -7.979438284576135599e-04 -1.740619504638187193e-04 1.969747137103852134e-03 3.673396205209103829e-03 4.214697885001397575e-03 1.076597939918473926e-02 1.890932863213968043e-02 3.237161810530227862e-02 3.807546894725301334e-02
2.335095783054508267e-02 2.724825008950372898e-02 2.417361052812397673e-02 1.897581829458344638e-02 1.431055384045224442e-02 1.144727530098109229e-02 1.108666443859804458e-02 6.061489621397164393e-03 1.773349936566212624e-03 -6.496576943461802877e-05 -4.017082994078439735e-04 -5.110063518195816527e-04 1.503485703730755027e-04 2.065638193029117713e-03 3.680487619705758578e-03 4.359517811908098298e-03 8.165299260603432058e-03 1.568218775975820795e-02 1.601559986751284817e-02 1.288179107861065625e-02
2.025686877930572838e-02 2.061101858989441288e-02 1.848010391378606537e-02 1.416935268682713127e-02 1.007251314510518303e-02 7.558208252270685532e-03 6.767743506838026085e-03 3.428746074415096358e-03 6.419322818147522045e-04 -5.184343952628371263e-04 -2.882563285649353225e-04 -9.914908317380594571e-05 2.190866220832292583e-04 1.575045289864997634e-03 2.755138339552208257e-03 3.978477152909656520e-03 5.168728157248307295e-03 1.040719922186234339e-02 3.107227543983864630e-03 -5.198145844546479995e-03
1.966878172311406145e-02 1.673392037478997965e-02 1.370277982037649070e-02 1.150693040398932145e-02 8.058765583593103382e-03 5.063426288103696493e-03 3.467303707985427801e-03 1.463329330824143879e-03 -9.755548164639950498e-05 -7.161446369125589817e-04 -2.227027883463002646e-04 1.683310640811637947e-04 2.528028193454255417e-04 1.229149401788369195e-03 1.834347910784275967e-03 2.487669759343294918e-03 1.223071734984944921e-03 3.543628232638376500e-03 -5.725556092149111827e-03 -1.499576642491718022e-02
8.299927181875027538e-03 4.996134145163046679e-03 4.876107979227751153e-03 6.168281346301046283e-03 5.080495386982166774e-03 3.374978770020373685e-03 2.089100012782008943e-03 7.615342031226289771e-04 -1.761469585720988845e-04 -5.338452881115224010e-04 -1.656134834811186132e-04 2.098729488256619459e-04 2.372231892684503068e-04 8.556136030733149959e-04 1.075969682121026300e-03 7.251836967822577725e-04 -7.915277437455675059e-04 -1.770758269450553764e-03 -7.835856718514864344e-03 -1.235603161033277733e-02
-2.943394006728397572e-03 -1.453167814841328526e-03 5.426279457945293446e-04 2.259421178420135175e-03 2.434506082400658689e-03 2.119164987789672744e-03 1.466712468011157613e-03 5.397931557804021415e-04 -9.299082154483735664e-05 -3.565051419140509480e-04 -1.345471632744531460e-04 1.380311018707865937e-04 2.141261455791759142e-04 5.747197160656703115e-04 5.776724911796450200e-04 2.229206356719674160e-04 -9.470891154061509155e-04 -2.713388284515220582e-03 -4.734980254673669051e-03 -4.908960899494496655e-03
-2.291587808972035505e-03 -1.074521769287995008e-03 7.491870762692189219e-05 4.382994191192780332e-04 4.194717172869427690e-04 5.175379357838793019e-04 3.843620878629528791e-04 5.054581562445155466e-05 -2.469302527522950820e-04 -3.497653896563756703e-04 -1.216241580599927604e-04 1.231812307573127655e-04 2.826327177945975235e-04 4.669080242124076688e-04 4.881606507076705417e-04 3.249829268485487292e-04 -5.162816753736381445e-04 -1.455935103999834567e-03 -2.325251674205965329e-03 -2.389013338625441216e-03
-1.825194768028712928e-03 -1.256390520736308048e-03 -4.275931285693622798e-04 -2.989395231002177833e-04 -3.087815552325598499e-04 -1.921878698330191924e-04 -1.801080529315994289e-04 -1.862540158781893706e-04 -2.703102690519898943e-04 -2.587633795926705177e-04 -5.975587641142667336e-05 1.053711659624867865e-04 2.190771238448126093e-04 2.774388295696475363e-04 2.920623127113905243e-04 1.592299071223162441e-04 -2.600030782292328424e-05 -4.072258407948306145e-04 -5.693858599933829820e-04 -8.569035207640548222e-04
-1.041536819285825621e-03 -7.797850521635107772e-04 -1.617930738706363340e-04 -3.662491784998199966e-05 -3.073047843318864775e-05 2.343071819438048351e-05 4.804532822383111482e-06 -1.965267279800911885e-05 -1.041505318710405069e-04 -1.153701324936713636e-04 -3.056594150262730144e-05 4.310430897551063552e-05 9.875214044106469450e-05 1.343821750564232979e-04 1.165778757175704857e-04 9.856708773005562170e-05 1.945722057327918932e-04 -2.980833424017540297e-05 3.907761962620708994e-04 4.806499088951489071e-04
2.920615114993277916e-04 1.061640640461108172e-04 1.601659774820095685e-04 1.414386016110902604e-04 9.362207482783729167e-05 8.699258765604602742e-05 6.605091585123903757e-05 3.908355360722182397e-05 -1.619857117499403387e-05 -4.171511209167577444e-05 -1.924800282126912031e-05 8.889404845559325995e-06 3.455527960516640955e-05 4.894516428292256546e-05 5.319397267837715020e-05 9.774502671884734281e-05 2.083816791002469253e-04 2.247144111738736392e-04 4.331400339260865935e-04 4.502299591686413920e-04
3.947992870303112340e-04 2.352810687398708639e-04 1.308603670876415381e-04 1.152857695171475043e-04 8.617590659746411424e-05 5.601944613893170623e-05 4.215758558204443259e-05 2.246400174384764075e-05 -2.900795254884643511e-06 -1.335535741699769614e-05 -7.220938484578055966e-06 2.129452708572253794e-07 9.661657845185067002e-06 1.261793184276844441e-05 1.971160892716374604e-05 3.444488962997256480e-05 6.549575759962230053e-05 7.515118153559993328e-05 3.215602774561736871e-06 -3.670377314784926753e-05
1.089832814201351573e-04 9.532761784359421544e-05 5.064659675147739149e-05 4.846797223981043747e-05 3.060924762411866329e-05 1.431416346280397224e-05 5.148497111352196432e-06 -2.498078282326637558e-06 -7.617267844581144788e-06 -7.263815259118385769e-06 -2.249994803942546022e-06 1.971980058689972080e-06 4.405910752844814216e-06 7.009034578029906199e-06 1.575622566386087817e-05 2.046371029085176035e-05 1.461233679745844072e-05 1.721489863423832970e-05 -3.768303572773448301e-05 -6.645028873989714728e-05
1.227166454309091398e-04 8.729205068508924038e-05 4.465525291820030435e-05 2.829241042467822443e-05 2.090235955480459110e-05 1.231534888128924844e-05 2.415652371767359049e-06 -3.477236990871817198e-06 -3.344050681896143513e-06 -2.006475177826318577e-06 1.188832702434689599e-07 9.833987255618029785e-07 1.194701597429147701e-06 3.107957232333644170e-06 7.958718738158796364e-06 8.962950423359767753e-06 -2.989508263184450674e-06 -6.262403280432516622e-06 3.082183988247743263e-08 8.952569302543216076e-06
2.211595528458981921e-05 2.122851393893608371e-05 2.154643610448339383e-05 1.244156542314683746e-05 8.183802409967810585e-06 6.750082293546135508e-06 4.826316900168831202e-06 1.738782324144835245e-06 1.523375293841407323e-06 1.190185244760403180e-06 -9.060365939543652645e-08 -3.311193170123005864e-07 -9.560611519022385767e-07 -5.576836346163123975e-07 2.151481109584614139e-06 3.959946759271540852e-06 1.707312452564828681e-06 -5.612234288971558040e-08 6.667766626298792764e-07 8.451414096997591552e-07
-9.941691612858121136e-05 -4.039565299710730958e-05 -4.284997350168033944e-05 -4.156476308109977025e-05 -3.603409848089498928e-05 -3.348174815621579917e-05 -1.805052582318995009e-05 -3.941159855658993557e-06 5.998828244625154810e-07 1.159446426376775000e-06 -1.555759801624700320e-06 2.328717808875591245e-07 1.825286574220393229e-06 -4.004745116714139125e-06 -5.082486570842462599e-06 -1.029137669696027321e-05 -6.372416805428625822e-06 1.589958371116237038e-05 9.479256899735813771e-06 -1.886845882828254054e-05
