2.587956775283398514e+00 2.514279297102729682e+00 1.959257073031533292e+00 1.301888708872000588e+00 1.011620840442898572e+00 8.974585604690945573e-01 8.632870741137359527e-01 7.162421568073643607e-01 4.210791361251224330e-01 1.993860148220157891e-01 5.732813552317592154e-02 -1.106255042704625963e-01 -2.228473378080386424e-01 -2.611610223201104586e-01 -3.174860198292458469e-01 -3.472675986582910435e-01 -4.297926881098040330e-01 -5.652945608777862896e-01 -7.043166732080049508e-01 -7.985309146200049168e-01
2.224747943003160255e+00 2.151038586265308528e+00 1.693582433466714887e+00 1.111151178167518516e+00 8.727579957698341495e-01 8.195022401822188440e-01 8.381555187382256911e-01 7.162529421266409235e-01 4.247201566187295829e-01 2.025288200026266194e-01 5.981088809022810232e-02 -1.109690443288808143e-01 -2.221713880141880093e-01 -2.544984538546875008e-01 -3.065214124330692402e-01 -3.310879357103179710e-01 -4.089872333710078411e-01 -5.453199777162209827e-01 -6.817925671493282325e-01 -7.704058344787571011e-01
1.943184207486224668e+00 1.882930560701105760e+00 1.492662638339509629e+00 9.737062209931924839e-01 7.731046044459203292e-01 7.635615906259390906e-01 8.179252895068754858e-01 7.132899069349236676e-01 4.250217468600379633e-01 2.033477140339539913e-01 6.103616385896874774e-02 -1.107165227679893227e-01 -2.206074689937336797e-01 -2.485846556998019818e-01 -2.973612691903930738e-01 -3.182078869328670567e-01 -3.927594264294012594e-01 -5.293408311921273812e-01 -6.638806418869466208e-01 -7.486679083856880856e-01
1.747058318464846938e+00 1.670968940168636951e+00 1.335936829066812326e+00 8.713301076805329837e-01 6.981547638712188864e-01 7.235557209397980305e-01 8.060185192493939388e-01 7.138797016712951082e-01 4.270373843856893892e-01 2.048566004774407256e-01 6.223664967824459743e-02 -1.109268392916205881e-01 -2.204235379797831185e-01 -2.455332395824157132e-01 -2.923110652340070170e-01 -3.108257014256830542e-01 -3.838114542229331683e-01 -5.217433848569108523e-01 -6.556296539072028473e-01 -7.383524179057225911e-01
1.607984019262703068e+00 1.505882900439926120e+00 1.208643950238507569e+00 7.897952295735176653e-01 6.376329634601423102e-01 6.924262416995764502e-01 7.987672327073035428e-01 7.166930214223873330e-01 4.302737030953148745e-01 2.069076500409815500e-01 6.348411006242872523e-02 -1.114626824363841862e-01 -2.211472631362811359e-01 -2.442316121167359966e-01 -2.897160348797946927e-01 -3.067059685764668142e-01 -3.791176573443950648e-01 -5.189230004851763667e-01 -6.532502300817969454e-01 -7.343204395889963987e-01
1.504327834927902119e+00 1.374342294959871591e+00 1.102116534566356609e+00 7.214502402950841997e-01 5.853936273486121111e-01 6.662083587671570051e-01 7.938605999810187663e-01 7.206501790982942079e-01 4.342093174196260952e-01 2.093199771743017024e-01 6.478913446904832618e-02 -1.121992846599603050e-01 -2.224373654565203196e-01 -2.439776544519422774e-01 -2.885940792597164184e-01 -3.044849910828033024e-01 -3.769645174315530145e-01 -5.191969572148835699e-01 -6.542672044525338348e-01 -7.346713346749809137e-01
1.428428441470556809e+00 1.266824684875474505e+00 1.010135802440746522e+00 6.609048149952915230e-01 5.372654611039056061e-01 6.422165490900625384e-01 7.898013326057363725e-01 7.248084975088554538e-01 4.384696183810860570e-01 2.119407149053640360e-01 6.615129527300964152e-02 -1.130493014697573212e-01 -2.240420186978504535e-01 -2.442928352924067514e-01 -2.882643922746019882e-01 -3.033670132848159118e-01 -3.763942491955623582e-01 -5.213275103162240409e-01 -6.581690762280980600e-01 -7.378694828288455687e-01
1.371350521904999953e+00 1.175645664477046992e+00 9.279606638676932695e-01 6.047976580543087399e-01 4.908783716247176465e-01 6.184749618772008573e-01 7.854128981828792933e-01 7.284118589988027859e-01 4.426871706655102767e-01 2.146587903161776556e-01 6.756528806109421414e-02 -1.139377005378716806e-01 -2.257802403516391554e-01 -2.448468608373121913e-01 -2.882473052533379154e-01 -3.026720898440924401e-01 -3.765541273389700350e-01 -5.246440029779351200e-01 -6.636513755145686533e-01 -7.429291756451564810e-01
1.329741894548196246e+00 1.094707068466138855e+00 8.507110228452451350e-01 5.496169128589329933e-01 4.438596465541879144e-01 5.934427638351240653e-01 7.796045008948127020e-01 7.307771423226155916e-01 4.465534457429554127e-01 2.173321598051075609e-01 6.902494066855595356e-02 -1.147950941685269427e-01 -2.274946798905620737e-01 -2.453278187511367947e-01 -2.881094857960447841e-01 -3.018892842131440934e-01 -3.767106814913218082e-01 -5.283123429395321091e-01 -6.702587925705377758e-01 -7.490957280642269733e-01
1.298571121041026455e+00 1.018352989333321412e+00 7.738605584093419809e-01 4.924297289343044781e-01 3.939638692953171817e-01 5.650641123001446386e-01 7.705676631754407868e-01 7.308901061582010472e-01 4.497644434107554434e-01 2.198348420384306778e-01 7.053701228814436563e-02 -1.155740761274589717e-01 -2.290112358792112945e-01 -2.453913226665745961e-01 -2.873347248593368652e-01 -3.003200904828776108e-01 -3.764069718823147004e-01 -5.320861229393875069e-01 -6.777099553798473508e-01 -7.559064895517062510e-01
1.275191884424848432e+00 9.403455804734646151e-01 6.917992887072379471e-01 4.303250429590725901e-01 3.384476478221252749e-01 5.315754246726012155e-01 7.564451428256450116e-01 7.279446263097378855e-01 4.520284066395246492e-01 2.219965047414206583e-01 7.207113044060046991e-02 -1.162096562081855328e-01 -2.301296925162926998e-01 -2.446832341604290306e-01 -2.854598471903230794e-01 -2.973439493068459338e-01 -3.750201693809428471e-01 -5.358011592866184225e-01 -6.848594272878577582e-01 -7.627783042960666338e-01
1.257102906790950270e+00 8.573486249316399910e-01 6.013597204304009791e-01 3.595960800021150705e-01 2.743141260485571498e-01 4.916472142132665701e-01 7.356570759654421643e-01 7.213213430543714555e-01 4.528674660519916850e-01 2.236442085928603274e-01 7.360936567831537214e-02 -1.166356713885129820e-01 -2.306804389117589060e-01 -2.428815765890778022e-01 -2.819573277213636708e-01 -2.924951605282648526e-01 -3.728546944353418602e-01 -5.403917135987834630e-01 -6.912798050543875750e-01 -7.684683066340137758e-01
1.243863899008012197e+00 7.648405678992311607e-01 4.984661663239224327e-01 2.747004469539596760e-01 1.977768946574414155e-01 4.434767733812605139e-01 7.067714017829657136e-01 7.100635169933203761e-01 4.514210744369170358e-01 2.244743539922432751e-01 7.513485989671492282e-02 -1.167021942028647896e-01 -2.303748315101888655e-01 -2.395421893914583822e-01 -2.762408929778413236e-01 -2.848085595461116726e-01 -3.694160294491939389e-01 -5.451608798883613716e-01 -6.956516737620686008e-01 -7.718046975050216751e-01
1.231767241929068613e+00 6.451165356908645787e-01 3.719162985482911132e-01 1.699035564834455170e-01 1.058986223869147342e-01 3.833322152478644829e-01 6.684781218074192788e-01 6.922265656546511270e-01 4.462865700736781127e-01 2.241073802541156124e-01 7.662186886280439313e-02 -1.161331061336952769e-01 -2.288666207014847520e-01 -2.341490285230900803e-01 -2.674441644072002022e-01 -2.724996372048377746e-01 -3.620798338649947046e-01 -5.510629206284111126e-01 -6.964266380065206041e-01 -7.701487548292615948e-01
1.220268652379615126e+00 4.818585434955955926e-01 2.094606258002008337e-01 3.989693508847506204e-02 -5.651233301014500082e-03 3.065674725869068640e-01 6.166692955016804811e-01 6.636023985534119651e-01 4.356941984076941887e-01 2.218317705113427296e-01 7.799654219944483768e-02 -1.144683530182150771e-01 -2.254030853595032635e-01 -2.259595402845793743e-01 -2.544023762382244813e-01 -2.526308137943618082e-01 -3.478740539183816094e-01 -5.548572797502311360e-01 -6.913034690062725973e-01 -7.620943767050012418e-01
1.197439719475059672e+00 2.635333052781703156e-01 3.647909834306395632e-03 -1.198815380429113370e-01 -1.360848190218314768e-01 2.092821534743105338e-01 5.419352175119300785e-01 6.173011728807291654e-01 4.161472329918257662e-01 2.157444066627933477e-01 7.902252319814150050e-02 -1.108394909677501566e-01 -2.182772335385949891e-01 -2.127757164743520057e-01 -2.339708884620346763e-01 -2.211912010141855456e-01 -3.239857480905615761e-01 -5.527980810743190476e-01 -6.774507066460112581e-01 -7.421484142022726216e-01
1.148051554479682768e+00 -2.276072476063064828e-02 -2.414177192493608404e-01 -3.085586176385000656e-01 -2.844174146164452077e-01 8.976255127482452023e-02 4.420075529650752122e-01 5.483589680071775385e-01 3.840150021038638561e-01 2.034793250349805904e-01 7.899096906306800336e-02 -1.043802630765057332e-01 -2.052848793554391260e-01 -1.919119849386665966e-01 -2.039663969414007016e-01 -1.765626488499230651e-01 -2.902232320126992282e-01 -5.426903658562854948e-01 -6.570282467112835700e-01 -7.043917122003692244e-01
1.027822655260018259e+00 -3.583103183125151414e-01 -5.183513188005234307e-01 -5.207539823651573530e-01 -4.447530679813775922e-01 -5.320880807463471140e-02 3.134787913452367070e-01 4.523786520408691891e-01 3.350386849747102325e-01 1.824667779478936214e-01 7.757604867591015585e-02 -9.410241061373238181e-02 -1.847451539369464601e-01 -1.608081390927086352e-01 -1.621461198004656157e-01 -1.186396683001977453e-01 -2.494453239656753696e-01 -5.278339000874473497e-01 -6.415627795367617736e-01 -6.406928696204806650e-01
8.085299444284189674e-01 -7.461710054334177444e-01 -8.211744634937865328e-01 -7.481163571432183357e-01 -6.099388044307758605e-01 -2.171457036151199227e-01 1.577639002925591005e-01 3.297211332532323791e-01 2.671123935534603366e-01 1.514332292812570480e-01 7.323801594306478258e-02 -7.959208190159622331e-02 -1.552460245125252547e-01 -1.170347113136162298e-01 -1.058928964117043098e-01 -4.564998871536185554e-02 -1.976732183514077479e-01 -5.067560572374198991e-01 -6.211222864170654612e-01 -5.411180023089441349e-01
5.203615917489687881e-01 -1.152282141898487877e+00 -1.120371065513757092e+00 -9.778888155834852824e-01 -7.700607541269572920e-01 -3.871633385247896797e-01 -1.500212656157016815e-02 1.826592408342562202e-01 1.798736990505492295e-01 1.079582650352486489e-01 6.398794592489043254e-02 -6.042141981742508994e-02 -1.152321191239052273e-01 -5.870112875147993209e-02 -3.295005047680883009e-02 4.262741608672835497e-02 -1.226395284009758196e-01 -4.696294478068566147e-01 -5.674797599432664930e-01 -4.047929208517275779e-01
2.094052302177396574e-01 -1.533032796392155062e+00 -1.375284701447971436e+00 -1.177107235053330925e+00 -9.093530927457016411e-01 -5.472444410891403876e-01 -1.923863034302890629e-01 1.536194014746890615e-02 7.289802433344431953e-02 5.099900139944851113e-02 4.960293838623548029e-02 -3.756570532093603948e-02 -6.428144099052253424e-02 1.597564531891497788e-02 5.832106998658315861e-02 1.446826457221197515e-01 -1.479133100697711291e-02 -3.793348561976941924e-01 -4.526153209703098756e-01 -2.126722267936242694e-01
-1.160786636191606103e-01 -1.847017258814608764e+00 -1.544324911671068445e+00 -1.305255548139517829e+00 -9.897964403706812631e-01 -6.708208094710872427e-01 -3.565802828129561175e-01 -1.635981509813616563e-01 -5.296033053702577098e-02 -2.113031428008301307e-02 2.867108979249715153e-02 -9.642659438904594565e-03 -2.220285397977174880e-03 1.061304244642396338e-01 1.662387220619108985e-01 2.534090642059769194e-01 1.330076271518366993e-01 -2.132104647562761968e-01 -2.575774114907046219e-01 4.001162794497062358e-02
-4.824719324141009680e-01 -2.051482713398780078e+00 -1.591124615962174360e+00 -1.321041926078254880e+00 -9.740446171785468454e-01 -7.395072139005481882e-01 -5.083852149702409173e-01 -3.534451467799792357e-01 -1.935470364330112714e-01 -1.066207627341346637e-01 8.905614065806982541e-04 2.429479969268442952e-02 7.083257056459864309e-02 2.106450003115064307e-01 2.902840825121891233e-01 3.652268851135618832e-01 3.209778793000285790e-01 2.291128884051454526e-02 -1.908874080815455010e-02 3.402857550596419256e-01
-9.356881265119529889e-01 -2.103060801967072901e+00 -1.464388270016948601e+00 -1.173516908978374351e+00 -8.201476383774828349e-01 -7.022174379341081796e-01 -6.041084129271803160e-01 -5.514238494001215685e-01 -3.532204443021595974e-01 -1.995700879842960129e-01 -3.210834638251969242e-02 6.164949625756094287e-02 1.552711096255908474e-01 3.281994104493875519e-01 4.253765747005736619e-01 4.788601941525009176e-01 5.526803762212366689e-01 3.255681698037770633e-01 2.231604269205770541e-01 6.716822746463511074e-01
-1.260337784393683824e+00 -1.859776979248732198e+00 -1.061860071213567736e+00 -7.737574384646758174e-01 -4.754693994039998484e-01 -5.196373792675141878e-01 -6.143419903630493728e-01 -7.277617976725564430e-01 -5.148973480751334320e-01 -2.895864368183742044e-01 -6.937725435261016260e-02 9.964396016343148033e-02 2.486362200755383445e-01 4.431370183273862229e-01 5.511243123489890650e-01 5.763514173492857440e-01 8.104953460787486241e-01 6.720247542941272245e-01 4.413173338327848749e-01 1.016595566525020811e+00
-1.117778795945281178e+00 -9.944763726698874207e-01 1.740830877052826076e-01 5.437380546118287805e-01 5.191893619982460573e-01 1.625359348599183518e-01 -4.439313296149757226e-01 -9.113233807772818107e-01 -6.968282620713197595e-01 -3.773892587179433211e-01 -1.198283020472555860e-01 1.451111879137291227e-01 3.776945716566934563e-01 5.692556100125802931e-01 6.944753731831115884e-01 7.015781640409221032e-01 1.118564853490728650e+00 1.143504340538799235e+00 5.965683531541955409e-01 1.249926266194597346e+00
1.441587744589844178e+00 2.040225472119202799e+00 3.235769397006636794e+00 3.443738207025434761e+00 2.604664190658477541e+00 1.690171396078255395e+00 4.789090885052919577e-01 -5.780936103101487200e-01 -4.979076510927324950e-01 -2.378073012356200500e-01 -1.159312144350317791e-01 9.534242933924851060e-02 3.439193369664664823e-01 4.350504527602785942e-01 4.928682498825740499e-01 4.350067258855031538e-01 4.924978852974754018e-01 5.163092024683513248e-01 7.353525380078528295e-01 1.849514104025883565e+00
4.252391432658467529e+00 4.585578000823948841e+00 5.015069679459302598e+00 4.589267984768496511e+00 3.362946152827341439e+00 2.144099645312754543e+00 7.326629629222543016e-01 -4.712476116514395241e-01 -2.632059032943100951e-01 2.723060421258072586e-02 2.162511725374874003e-02 4.459183129637488835e-02 1.652358870151779402e-01 8.918348621031092771e-02 -1.940101410815883165e-01 -6.237443346481278406e-01 -8.596524900572106720e-01 -1.015095786140163936e+00 1.552815109098557800e+00 2.418675163330603173e+00
7.026537088708238343e+00 6.174498500460175343e+00 5.124583048660234397e+00 3.752541080734445256e+00 2.383284128914424205e+00 1.190561104085776867e+00 1.782110587710946381e-01 -5.567502139591609112e-01 -1.456901715948044351e-01 1.855271681226213221e-01 1.809126910074761452e-01 4.544266910514924845e-02 -4.002276765360339439e-02 -2.098572455192261876e-01 -7.155359968051914210e-01 -1.296100003691715186e+00 -1.977524321436532118e+00 -2.441720395641642227e+00 1.178741769371060677e+00 1.896217973155176262e+00
1.014563001511450402e+01 6.926111438574512391e+00 5.008569912150427683e+00 3.108284549862930568e+00 1.365688138098721360e+00 3.094093213216614902e-01 -1.792744777184459570e-01 -4.771047824384312408e-01 -7.224138145780702180e-02 2.305921525596348332e-01 2.804598678017679592e-01 4.762121057689048392e-02 -2.053395625837330096e-01 -4.205236447002378419e-01 -7.270469515830769724e-01 -9.186356162134250436e-01 -2.221901887379245544e+00 -2.845397015749278502e+00 -1.350446042316338691e+00 -1.753245719281494752e+00
1.041042079252549080e+01 6.199391708803775991e+00 4.605917118981103897e+00 3.032753309607422842e+00 1.140915636884569206e+00 1.046291740405558973e-01 -1.649048286526027252e-01 -2.580038029866127958e-01 -7.184534907463830875e-03 2.283995561351643000e-01 2.838349734091684118e-01 1.635983603010594811e-02 -2.406515304184092818e-01 -4.432172815863231197e-01 -4.280130018475133968e-01 -2.449543101008392343e-01 -1.839182470252743951e+00 -2.698917672427396219e+00 -3.234942562263658505e+00 -4.392000366660600008e+00
9.123743136991715019e+00 5.102962790747747945e+00 3.709009366368186456e+00 2.700156544203723197e+00 1.360234250172677850e+00 4.774159403998271545e-01 1.657718109304518739e-01 4.237643212990996333e-02 7.685975537529302071e-02 2.311971265499536410e-01 2.332852879700334503e-01 -3.675278566270552549e-02 -2.112729431095290711e-01 -3.204333481220100754e-01 -8.827714925198393292e-02 1.707356757316644824e-01 -1.497121709748767016e+00 -2.314522606829330975e+00 -2.980869826304247017e+00 -3.352972675097302790e+00
8.154179014144835591e+00 5.706894774959659244e+00 4.059223980413869448e+00 2.640028014609133500e+00 1.715533332461063987e+00 1.093462255499345837e+00 6.665242955045456164e-01 3.464565629257642665e-01 1.629533327104427665e-01 2.221459452204363194e-01 1.409726327933088497e-01 -9.919619249776037706e-02 -1.674119893457391151e-01 -1.867114871761011916e-02 4.147509492186987612e-01 7.457064565714154325e-01 -8.353898944523447945e-01 -1.433182065031270103e+00 -2.115431747428850873e+00 -2.058461095571634480e+00
5.051866849506220447e+00 5.103789367323789961e+00 4.624649028447471721e+00 2.822460862150920402e+00 2.044033474073381207e+00 1.622988216649510429e+00 1.121578916877918664e+00 6.337360643744331945e-01 2.769332058021330978e-01 1.792729245364452217e-01 2.791082152880787481e-02 -1.626578098827421714e-01 -8.752845069662938682e-02 3.630654220583653946e-01 9.626917912487381601e-01 1.259533991271301501e+00 2.506304792815590710e-01 -2.590482132286995864e-01 -1.314875100843698075e+00 -1.801095633028269916e+00
1.639140113101251073e+00 3.280914897064735491e+00 4.208443597537327108e+00 2.778635259565813698e+00 2.264801679039002646e+00 2.111789661125926365e+00 1.519928257348843736e+00 9.492665365475392303e-01 4.439866223484970065e-01 1.834681093916167571e-01 -2.306145785854742808e-02 -2.025772394020752265e-01 -6.928276460304758078e-02 4.945833893050355923e-01 1.163771661922074818e+00 1.348111526619576450e+00 9.340874268523592372e-01 6.268424292309299206e-01 -2.790609486232686898e-01 -1.080722946249978778e+00
2.295269288680099329e-01 1.961657938419155034e+00 3.409925927574224414e+00 2.650453405245365435e+00 2.494029686267162482e+00 2.474767872970679239e+00 1.779899750826139382e+00 1.193552297718940558e+00 5.537999427280393405e-01 1.970968116861632202e-01 -2.958934306046860641e-02 -2.162204086631263622e-01 -8.602155247500456459e-02 5.009210876883614105e-01 1.289457529349943288e+00 1.542667428241001337e+00 1.248586086403861373e+00 1.136024544731043973e+00 5.794813460853508458e-01 -1.705560686475510179e-01
2.001793863791813399e-01 1.346523534481673057e+00 2.903095173673105212e+00 2.630301958551863439e+00 2.743400101088679932e+00 2.552640826424000142e+00 1.693869855652199163e+00 1.156511968596486639e+00 5.214335706425800021e-01 1.950571199567482095e-01 -2.166197110923152955e-03 -2.078359467215376288e-01 -9.947121376716384911e-02 4.761392564488236001e-01 1.387180238869769600e+00 1.748999020654388614e+00 1.223936469457154619e+00 9.533947977951435782e-01 6.334932225290117458e-01 1.546845931577399691e-01
1.700112386017452459e-01 1.235478543367437565e+00 2.955083350800946640e+00 2.783140311581817627e+00 2.765971097894415642e+00 2.316023440445096337e+00 1.376062503618972643e+00 8.650421794542115794e-01 3.539744239904380474e-01 1.884436755228307281e-01 4.681408058904810293e-02 -1.604563436711668456e-01 -7.786610867105273059e-02 4.364731798345153346e-01 1.169081137517353985e+00 1.187140310947405464e+00 4.931035855096341791e-01 2.423895032131533900e-01 -4.599354425306351191e-01 -9.003554813232679255e-01
-6.324521053873703724e-02 1.648030677466348237e+00 3.565912793210778808e+00 2.580349029956576334e+00 2.151827537994796646e+00 1.843702831637861417e+00 9.923005675874676523e-01 4.547747818855011337e-01 1.389609378412339502e-01 1.781269452938282205e-01 9.609930976044961382e-02 -7.852177052012586367e-02 -3.414260715513224576e-02 3.814629433483184284e-01 7.132414038082511842e-01 2.539739917317997420e-01 -6.493530265746080277e-01 -5.923507094609888890e-01 -2.446766730640212550e+00 -3.702963777216889074e+00
-5.024069699688759050e-01 2.146525980020378643e+00 4.027711085851853667e+00 1.658806028348693618e+00 1.053332114191269708e+00 1.271246423760582056e+00 5.817761359140377619e-01 1.599100486015798683e-01 1.445509157181182162e-02 1.487320142495014152e-01 1.261153351856834637e-01 -5.094363587373706287e-03 -9.163409257716557260e-03 2.968939854437270820e-01 3.612309918456709235e-01 -3.543851911459888759e-02 -1.137165735422280832e+00 -1.057054972950677962e+00 -3.944279219438549422e+00 -6.139818980819316430e+00
-1.516400110470401241e+00 1.951554330991181141e+00 3.579098428148437261e+00 4.308619654257771492e-01 -2.030767167869169595e-02 4.911090346621824199e-01 3.407864164313536420e-02 -9.144953300087918513e-02 -7.345631700803183228e-02 9.179465496075218944e-02 1.266186737927286199e-01 3.987694447029261485e-02 1.428533178076229516e-02 2.633044150902306146e-01 4.010403832044899808e-01 5.041839884549581541e-01 -5.812341219900933886e-01 -8.900809309525967716e-01 -3.911317871100800758e+00 -6.476751221331690012e+00
-3.292775159103041638e+00 6.784263571502174850e-01 2.028537363976618213e+00 -1.027664792371767666e+00 -1.198368714053530626e+00 -5.041435314908540022e-01 -5.057602763575057558e-01 -2.639483987547697197e-01 -1.543408671758509376e-01 3.632627289546341148e-02 1.110236987854542889e-01 6.420726523271307051e-02 5.066885504814308550e-02 2.706525649878743223e-01 6.587434928555944147e-01 1.261837480251781773e+00 4.632467714946931769e-01 -1.754458464633345816e-01 -2.420275206129564705e+00 -4.870003322180960659e+00
-5.128381557648646449e+00 -9.220226613809108240e-01 8.295155161407700151e-01 -1.628110463714543377e+00 -1.581008382873877682e+00 -7.976398130892008442e-01 -5.462641222172656130e-01 -2.560776305983272216e-01 -2.023192033997510964e-01 4.724084801550509048e-03 1.007975865668154919e-01 7.788063946091158818e-02 7.284444167488417221e-02 2.819567747087608489e-01 7.644566738350929702e-01 1.573112444624697792e+00 1.173329873646562271e+00 2.988603069294712422e-01 -7.568981054261983976e-01 -2.687396956215879040e+00
-6.180126045885494079e+00 -1.401366212015064505e+00 1.601947630203687467e+00 -7.275011781569300506e-01 -6.717718835335682037e-01 -4.987085501624879957e-02 -3.635777140113439360e-02 -1.169779641755501060e-01 -2.265096807553267366e-01 -3.759698681427772748e-02 7.524449252815583467e-02 7.811202182666716898e-02 1.031767062594774742e-01 3.705694316867537697e-01 8.521435734299243059e-01 1.659680151138473780e+00 1.177575598800700840e+00 5.507473103667163972e-02 -6.422712189673251970e-01 -2.082094391306040571e+00
-5.936702099666954169e+00 -2.685257172788631519e-01 3.150829569449948853e+00 3.704030805382296232e-01 3.972988513956446366e-01 8.830715578542687183e-01 4.743940996549084743e-01 3.126388760716205650e-03 -2.434903190854740274e-01 -9.209575327153744773e-02 3.861889996672298458e-02 6.876680808647479826e-02 1.308118571383966033e-01 5.208029110268928008e-01 1.113040383614098516e+00 1.840062000183362967e+00 6.719696477171732685e-01 -8.358155478118279857e-01 -2.261049293515866143e+00 -4.282681233648080621e+00
-4.236596422954500341e+00 8.236065717538075814e-01 3.393198300719334704e+00 9.131505041174521331e-01 8.888981857746016679e-01 1.495280934018851760e+00 8.211195002163215184e-01 2.129247511571655538e-01 -1.483057518092075200e-01 -7.554380688716604009e-02 2.247189164647717119e-02 4.210541793214211265e-02 1.056201448558522910e-01 5.719333221430459302e-01 1.239522050032192624e+00 1.645180110792701544e+00 -1.345370255062587062e-01 -1.591597753617289834e+00 -3.400947627456535560e+00 -6.157905950910739890e+00
-5.846398132965656691e-01 2.382788869084053296e+00 3.688479255141344115e+00 1.683491073555722251e+00 1.315652329568683498e+00 1.874108366011036475e+00 1.205865628696727976e+00 4.977272795283915752e-01 4.533296595155565656e-02 1.005691083074763612e-02 3.032297376783944440e-02 1.049838849481574306e-02 5.765240346044452069e-02 5.061478091136032420e-01 9.789453833560353146e-01 9.271765797219719829e-01 -6.457246637644082909e-01 -1.405898789676068850e+00 -2.498113362798440207e+00 -5.184003286919990572e+00
2.487597370238221028e+00 4.024410278264026530e+00 4.810598332960705825e+00 3.083317129706833359e+00 2.195929204165705251e+00 2.341428939298282330e+00 1.651493233675074945e+00 7.258939134607126364e-01 1.730691984381603210e-01 8.828204410696341431e-02 3.357568841075495025e-02 -2.206234071762183321e-02 1.135335931009920363e-02 4.844883763496177775e-01 6.792414571960326830e-01 3.611733797275756275e-01 -4.518656185064051090e-01 -5.877244642255037288e-01 -6.694688319866358706e-01 -1.917755542247003619e+00
1.655340331977208201e+00 3.156529771383107530e+00 4.491286553682853899e+00 3.580063218614092602e+00 3.017503147611402259e+00 2.906107242566699611e+00 2.038541085420010113e+00 8.105318490901548545e-01 2.053999800720532620e-01 1.356650611643773485e-01 3.316845613393412662e-02 -6.178417269493591268e-02 -6.193595227948308496e-02 4.590592808510223222e-01 5.556044761495209094e-01 3.344576361059609093e-01 3.104513949241955451e-01 2.794358476666907176e-01 -9.813246450888513106e-02 -6.971146400450126679e-01
-1.965522171639640936e+00 4.573657470027541194e-01 2.643479428443154866e+00 2.502233449461149117e+00 2.764267576205814869e+00 2.611801298123932469e+00 1.747716322794965027e+00 6.623775068710681113e-01 2.091861662682559519e-01 1.364757023473607001e-01 2.572339026170751553e-02 -9.356853850226502789e-02 -1.072435825428593309e-01 4.533251199430302636e-01 6.837958281998108845e-01 6.257285971294258564e-01 8.008807155127540822e-01 5.507066379675262802e-01 2.373115119069930112e-01 -1.271610169916475019e-01
-2.278546718557802997e+00 -3.571646122607932128e-01 1.136371123673842076e+00 1.247057944302652377e+00 1.826914569228206053e+00 1.822431513488048660e+00 1.247286968626521775e+00 5.440328852999359865e-01 2.253602049706120158e-01 9.740326916114089295e-02 -6.266726104156047743e-03 -1.103859703538648401e-01 -1.091683904165406532e-01 4.506548362325007440e-01 8.904517409277711293e-01 1.008752907575520830e+00 8.890477043372924104e-01 4.765033362081008139e-01 3.091610496264799446e-01 2.740445951083576581e-01
-1.494467309561481105e+00 -5.553699607546576100e-01 -4.592393017947642431e-01 2.114724443703006745e-02 7.841475253746661433e-01 1.143528011840737824e+00 9.161633569040187330e-01 5.757240387135749149e-01 2.335907395564082722e-01 5.273753564670178445e-02 -4.280144281991713623e-02 -1.289299744379243662e-01 -9.719354359553200595e-02 4.323851696555833790e-01 1.083716348165494558e+00 1.458536934017200970e+00 9.420268641091937845e-01 4.825612828830242451e-01 -5.187484223137184269e-01 -4.856724680108724379e-01
-1.082064137653854896e+00 -7.509869321544012655e-01 -1.607816077398059651e+00 -8.823362510801102676e-01 8.231058059339442512e-02 6.478256927973748969e-01 6.637147126943507836e-01 5.113785860770284630e-01 1.498168886434783353e-01 3.552182087165527830e-02 -4.654741301274907539e-02 -1.350720035853151813e-01 -9.410582033802554480e-02 4.031709751469199077e-01 1.144268245643410564e+00 1.317319926090087190e+00 5.704792556596108843e-01 -4.634695645357798932e-02 -1.435420725490988980e+00 -1.830043503428873342e+00
1.345240655927396167e+00 2.722420768405057756e-01 -1.511870409820897265e+00 -9.813816811424198594e-01 -1.141401922049085915e-01 4.313176182827411775e-01 4.846668110519846695e-01 2.671204645262625910e-01 3.255016823457113073e-02 1.301939600789064552e-02 -1.924651222348548740e-02 -9.320119331320902978e-02 -9.277268136980140745e-02 3.098119087875896294e-01 8.816376085986524780e-01 3.874755492291184766e-01 -3.765789959896821415e-01 -1.194875871015466995e+00 -1.819173461131988301e+00 -2.419410081195018325e+00
1.373101902486443482e+00 9.116533760124566621e-01 -9.639252817474986967e-01 -5.804915661159210094e-01 1.209070759882355794e-01 4.447045072289170231e-01 3.576629050420216949e-01 8.466017903786818288e-02 -4.145501123965892459e-03 -6.218113811250481661e-03 -3.379267980476343813e-03 -4.571521614886215473e-02 -7.471677322462286219e-02 2.139008194648997774e-01 5.630773591397763012e-01 -2.500591097177543021e-01 -9.454891372345165523e-01 -1.734361901941979367e+00 -1.966288912222924568e+00 -2.371695174158450659e+00
-1.769971098012766142e-01 1.488818262109130819e+00 1.736122159066184889e-01 1.930471092326352944e-01 4.246474776281806141e-01 4.697385277913764812e-01 3.704706262515380377e-01 3.289067819989838909e-02 4.863999309214306344e-02 4.333605402470879636e-02 -4.250512899361155554e-03 -4.749766988199433104e-02 -5.951396811859240021e-02 1.614674114065252353e-01 3.985480569188697975e-01 -2.523495086531916121e-01 -7.172267926308553143e-01 -1.382491828905338949e+00 -1.875685319988536603e+00 -2.128890022387810887e+00
1.548345639795354056e-01 3.373389244619790173e+00 2.148441203091982388e+00 1.268661977120849826e+00 6.907986029724406674e-01 4.280278901217657306e-01 4.360221909273068186e-01 8.367036776511224683e-02 1.537089639815512887e-01 1.121496652008543843e-01 -7.112368060800619736e-03 -7.231154581744553278e-02 -7.443167672622623410e-02 1.417287680635669622e-01 3.644545027735984211e-01 -8.891000910783239397e-02 -1.002544573858952098e-01 -7.672340854398154719e-02 -4.607747569080743455e-01 -5.866704722873338218e-01
2.740699227053832399e+00 5.557850454297715181e+00 3.966173674251095793e+00 2.270636436979596606e+00 1.085142122690530453e+00 6.322559671227807598e-01 7.175011118004205324e-01 3.010753603372975928e-01 2.490233847379683674e-01 1.492900822875838085e-01 -7.251303304770541878e-03 -9.069473965822878736e-02 -1.211447727920721001e-01 1.101279827981575810e-01 3.462438971713049929e-01 1.103504532927636617e-01 5.470733471906383816e-01 1.045267724422532796e+00 1.630334551616392513e+00 1.971168916049855779e+00
5.103981838600293308e+00 6.709367937132982185e+00 4.704301392752013200e+00 2.967147913361864564e+00 1.637150143743929087e+00 1.114262807988998460e+00 1.220618847227337378e+00 7.106341179086989035e-01 3.570427506782911098e-01 1.631394616010284071e-01 -1.143140655585596008e-02 -1.204746548632211617e-01 -1.440347398650266564e-01 5.374347008361893274e-02 2.608950357619864713e-01 2.398472741316168000e-01 9.509379815813313597e-01 1.684070529841030561e+00 3.376036824606989395e+00 4.263169021253912838e+00
5.243888661270286633e+00 5.954923314425044190e+00 4.394633067782063307e+00 3.130143723833227476e+00 2.053402980044490622e+00 1.515999364051763054e+00 1.601697095233398649e+00 9.919482462683365531e-01 4.275522462636355270e-01 1.434030781260166587e-01 -2.040295840670468611e-02 -1.431529402181784816e-01 -1.214193647346412525e-01 7.728602727667860384e-02 2.889787900734813730e-01 3.903760861331413978e-01 1.288793725393412082e+00 2.407927440310567935e+00 4.340505519314204363e+00 5.244312760708221610e+00
3.406516414608446564e+00 3.731261871450043177e+00 3.280067034532390124e+00 2.573910525960710238e+00 1.923827769277802524e+00 1.517034006966331283e+00 1.614049846249980824e+00 9.943199290981463712e-01 4.206018057637832541e-01 1.028086966845524197e-01 -3.617185942177162522e-02 -1.318962136511907246e-01 -7.883139361613859808e-02 1.565010655567777020e-01 4.023066241396703324e-01 5.517948324372251578e-01 1.289216132548607119e+00 2.610536542544620087e+00 3.016456483649101017e+00 2.751399907778355747e+00
3.691121108630747383e+00 3.625467962441228931e+00 3.271853422547077450e+00 2.516541293943308055e+00 1.763874304868540799e+00 1.299089326979338432e+00 1.289253798347039792e+00 7.743281571496072324e-01 2.894672214338208094e-01 7.489915940002285846e-03 -3.941125286994506816e-02 -7.881150449250182155e-02 -5.227178292250087011e-02 1.782588263332490763e-01 4.091312658107208455e-01 6.491814755913875024e-01 9.930736999889792083e-01 2.144744509735335924e+00 6.468345788216866010e-01 -1.006448595645525135e+00
5.358018328251042739e+00 4.224814176683340250e+00 3.292060211260951608e+00 2.829402356619025394e+00 1.947112703703755221e+00 1.169751594924408833e+00 8.445858350855879326e-01 4.398865850488908325e-01 8.620407247985173438e-02 -1.069258862612667837e-01 -4.541480476518319070e-02 -4.507207206737939647e-04 -5.313850175297994173e-03 2.394487348345224476e-01 3.917159739514069483e-01 5.114262074048014917e-01 1.876360403360962104e-01 8.315704790562626902e-01 -1.926391521520602668e+00 -4.563069448041039422e+00
3.412850752680769428e+00 1.841136469887251437e+00 1.567191299888565093e+00 2.105763641631178018e+00 1.722118024356306565e+00 1.081711909355026924e+00 6.611802167135190089e-01 2.874232966722408134e-01 -9.451035557689523026e-03 -1.460450760823664984e-01 -4.659619037436599914e-02 4.973979465871531530e-02 3.749043232113997287e-02 2.699486359624736487e-01 3.334602814963212869e-01 1.247227020414295312e-01 -4.374264706133105252e-01 -8.068774440133749115e-01 -3.213060551842108481e+00 -4.957889057044630121e+00
-1.518638841190997457e+00 -8.156488450940164725e-01 2.363057561619132801e-02 1.002290956749380513e+00 1.187196583166262753e+00 1.025984318852449340e+00 7.120122391902361514e-01 2.904331779761598065e-01 -1.742040019365041076e-02 -1.565355306357811283e-01 -6.183651569255428637e-02 4.958666621680560271e-02 7.819953770452499342e-02 2.911634438078902765e-01 2.633085643148159738e-01 1.351833186471170824e-02 -6.245106776424922401e-01 -1.520792374831595684e+00 -2.684738065363294179e+00 -2.861184712998716684e+00
-1.986830702081006983e+00 -1.110333647307593985e+00 -2.588223622609320262e-01 6.524680129535528894e-02 1.225273329548522833e-01 2.439609708722309533e-01 1.991633039196296917e-01 6.225014288187170376e-03 -2.045426216541711140e-01 -2.810176263645055572e-01 -9.484782021954955844e-02 9.139713864614186500e-02 2.212864591736642406e-01 3.859420854883134355e-01 3.607363127748563492e-01 1.510663847607988386e-01 -5.600583998472665748e-01 -1.253605737821430921e+00 -2.149896126055836465e+00 -2.306549453401583349e+00
-3.077470269559532401e+00 -2.159498941902813218e+00 -9.910892679038145747e-01 -7.583677277339698763e-01 -7.076909942568622158e-01 -4.859192174244200135e-01 -4.350793986465680829e-01 -3.543062651766060722e-01 -4.153108312381365574e-01 -3.802336341175464041e-01 -7.414972237155789681e-02 1.544171520247595852e-01 3.116321205139157002e-01 3.832437184996579371e-01 3.410521662147278921e-01 5.322467351582797074e-02 -2.628684821582391029e-01 -7.258338849409172733e-01 -1.180034698442200769e+00 -1.791905249655521226e+00
-3.947677517536375191e+00 -2.787931541754260500e+00 -1.010804451419655914e+00 -5.212999510830981231e-01 -3.150323014157646595e-01 -2.263440499001621517e-02 -4.696650178111361727e-03 -3.385694826315465561e-02 -2.634180133155546444e-01 -3.062354900929041834e-01 -6.928310597609636801e-02 1.101065680696240584e-01 2.473429136365564440e-01 3.447563271223817449e-01 2.547691592864683163e-01 1.562570780368953693e-01 3.004587659505971731e-01 -3.012207932531296151e-01 7.363304190371733338e-01 8.877343345272632469e-01
3.844438104395592748e-01 -2.931303822713424712e-01 2.647427534236861391e-01 3.597442397353366461e-01 3.125741143970331426e-01 5.083706602615535308e-01 5.294561734083025328e-01 3.324665202817214116e-01 -5.358620892972817268e-02 -2.261944319450821805e-01 -1.079020690960705575e-01 4.336537199330634668e-02 1.752943421112309885e-01 2.819071998923110556e-01 3.286669158647971822e-01 5.799733353618348186e-01 1.096724828816650898e+00 1.199386566836512902e+00 2.047841714366539723e+00 2.062973878889140522e+00
3.910507912750495141e+00 2.374230392998156081e+00 1.496537890364050050e+00 1.380024621266407570e+00 1.097834470745721935e+00 9.796867460583110754e-01 8.595563509671634295e-01 4.709130559446550457e-01 1.698534344424465839e-02 -1.751164363021950332e-01 -1.124400830145500380e-01 7.439612252142431895e-03 1.345712662574964635e-01 2.722695889889196197e-01 4.535455186384727555e-01 6.866797561525800342e-01 1.083467099888682394e+00 1.192297513362651218e+00 6.777011413403433160e-01 3.952583553698389429e-01
3.170925314855627342e+00 2.788747049444820103e+00 2.007758903539621720e+00 1.839580358799210558e+00 1.419766700307760310e+00 1.040977218852547015e+00 6.911074623874697842e-01 2.726466116413654439e-01 -1.015084044484242248e-01 -2.189001430369388324e-01 -9.623414759785878236e-02 6.776207855746703423e-02 1.853255555117291620e-01 3.802944685104180933e-01 6.997130751368193513e-01 9.353725996989581404e-01 9.686579080540504982e-01 1.182008779759522010e+00 6.607234678579806397e-01 7.067984346064715151e-02
3.545776047770936579e+00 2.681299952210732584e+00 1.905236849355487205e+00 1.564514956184146488e+00 1.335740145426143055e+00 9.881361258103976697e-01 5.145581162917396423e-01 6.645680418106535148e-02 -1.847840432954455381e-01 -2.360660678919454802e-01 -7.390624684226292096e-02 1.157407525798924280e-01 2.108830094234183106e-01 3.191878735352908780e-01 4.250616676767802193e-01 4.586217635919535573e-01 1.080165705180677477e-01 2.379555503365251568e-01 4.012426799201879724e-01 2.737175067361660163e-01
4.966042866835367331e-01 5.678842066353626539e-01 6.953089804287538866e-01 6.758729637426800219e-01 5.351854594123897080e-01 3.653294666941317437e-01 1.820317165105836410e-01 2.978295927209728997e-05 -1.010092911393914994e-01 -1.123834983042806407e-01 -3.854139913239187226e-02 6.205563321722782494e-02 9.932828458708839459e-02 1.239432903514142564e-01 1.306386503115992692e-01 1.055780998907824841e-01 4.654256674874110433e-02 -2.179957608311061321e-02 -1.880827950155075923e-01 -3.073966266932754432e-01
-4.484937337116914891e-01 -5.474464499720513300e-02 2.183050254313851496e-02 -4.084703622444296744e-02 -6.959805515165191914e-02 -2.742953387695966708e-02 6.561798570501497369e-03 1.621544876135457350e-02 -1.086755897765923420e-02 -1.819013398181078961e-02 -8.865121118810298517e-03 1.756101014662907189e-02 2.162680736134152404e-02 -4.999311544895462291e-03 8.772312778348882734e-03 3.954492488037673198e-02 1.055062769436691389e-01 1.932224125633957568e-01 2.475542193584538420e-01 2.227003803533386395e-01
