-8.597547302177576123e-01 -8.731785251181535257e-01 -6.953000408087350870e-01 -4.995296903412985712e-01 -3.896694100391309701e-01 -2.704529361273233512e-01 -1.608836861779393279e-01 -8.984275229878915803e-02 -6.721672325366356837e-02 -4.795985831198378707e-02 -1.716556529630956091e-02 1.108589983692170877e-02 3.476177218870122460e-02 5.239610128092345165e-02 7.493202931462193683e-02 1.021267253976038264e-01 1.177354997697643152e-01 1.614320966156669312e-01 1.494358193343602870e-01 9.690468247102909660e-02
-8.288022480487670096e-01 -8.517539966157314790e-01 -6.795701624632166649e-01 -4.879334121836587101e-01 -3.765579203963088650e-01 -2.579809184534319066e-01 -1.489031558760809670e-01 -8.007691356120147375e-02 -6.165409009855189054e-02 -4.577261121254153076e-02 -1.665461486685454115e-02 9.750645578919628007e-03 3.085085518498142249e-02 4.490679812860218917e-02 6.450035868837150632e-02 8.885541297814077144e-02 9.964780925542349177e-02 1.418348823026109595e-01 1.246613455191221270e-01 6.504920501002954547e-02
-7.678512269327266715e-01 -8.014819279475867697e-01 -6.383515873197457280e-01 -4.601674832126235737e-01 -3.538735391954616616e-01 -2.414419416636604809e-01 -1.370381084814570882e-01 -7.201536205534504742e-02 -5.693889462714799704e-02 -4.358702432262798881e-02 -1.609578123289961624e-02 8.648253596563593507e-03 2.771879257100626909e-02 3.918489046766285289e-02 5.656734494646555728e-02 7.873185889256570369e-02 8.640084592539468145e-02 1.271511003749402902e-01 1.070031802233101514e-01 4.427431863102112425e-02
-7.165988951847366284e-01 -7.531445864220716047e-01 -6.008527785287923750e-01 -4.368406108039690761e-01 -3.351568877461851836e-01 -2.286670928930665259e-01 -1.287430700520355575e-01 -6.672392051293440929e-02 -5.388282847108610829e-02 -4.213975852155344565e-02 -1.570831337030822658e-02 7.931695746016225249e-03 2.565165769862118653e-02 3.537355124852230304e-02 5.123751076103930796e-02 7.188409732162832910e-02 7.756806420409384506e-02 1.171323827793794847e-01 9.512047309400865902e-02 3.113635014477440441e-02
-6.754570120343518225e-01 -7.115684422494085171e-01 -5.681061712205388581e-01 -4.174460213168155187e-01 -3.194801451005191972e-01 -2.183254755191339491e-01 -1.225249414285785876e-01 -6.299448271173245517e-02 -5.177772897850643763e-02 -4.113471674074010986e-02 -1.542678658684025136e-02 7.436906061877255995e-03 2.418991733005936007e-02 3.264133839074093851e-02 4.737394046125764646e-02 6.691303768270789876e-02 7.123021401833115607e-02 1.100001573336824301e-01 8.651081664151794026e-02 2.208000675466985016e-02
-6.417368921016517458e-01 -6.760322108070919711e-01 -5.393610970290889650e-01 -4.007592811436914149e-01 -3.056113150071671503e-01 -2.093120933356686086e-01 -1.173917221899873770e-01 -6.010889493903132791e-02 -5.020925494303081493e-02 -4.039247903765126602e-02 -1.520976308864284594e-02 7.074239814037801104e-03 2.308090581336688304e-02 3.051388357994012576e-02 4.433830997436082055e-02 6.298070759773338745e-02 6.628298044169876613e-02 1.043673587580556950e-01 7.979478607382478605e-02 1.544736474603425336e-02
-6.140176255907870972e-01 -6.446393730228262564e-01 -5.137748949312320734e-01 -3.855769683818518478e-01 -2.924555325666545191e-01 -2.007916694877814046e-01 -1.127236533559385218e-01 -5.759573577558858848e-02 -4.893198022430483157e-02 -3.980611291721056905e-02 -1.503386071156481187e-02 6.780730593576692576e-03 2.217608031574935454e-02 2.874934872883977074e-02 4.176807847516603861e-02 5.962940406201545918e-02 6.206168297881555634e-02 9.942871380854158281e-02 7.418437982942663322e-02 1.032015026403024054e-02
-5.907615088949466076e-01 -6.163157995109289633e-01 -4.902165819608060304e-01 -3.710128437690465852e-01 -2.793239550659332160e-01 -1.921369963085415300e-01 -1.080679079454947150e-01 -5.511947329737466178e-02 -4.775735603500382009e-02 -3.930156535204062246e-02 -1.488676255551071685e-02 6.521782130080680875e-03 2.137053098180242625e-02 2.716050360623576895e-02 3.941762755013755032e-02 5.653866281120199094e-02 5.824750632856845467e-02 9.487203938217078636e-02 6.923741443588926625e-02 6.123236615778356907e-03
-5.707876614475186905e-01 -5.903176949803227158e-01 -4.674119718193733841e-01 -3.561719351824750301e-01 -2.657511743087404565e-01 -1.829863633326227479e-01 -1.030677218179169574e-01 -5.243101453128262007e-02 -4.655043328872889713e-02 -3.882187256195571146e-02 -1.475831607884829297e-02 6.270047211977900457e-03 2.059644539589393017e-02 2.560895549389251291e-02 3.707875476001316895e-02 5.347966776880015705e-02 5.462237137739810178e-02 9.055069024565026714e-02 6.452287436694111034e-02 2.478910506589668619e-03
-5.530426397044674314e-01 -5.649159343790053356e-01 -4.440289517674092523e-01 -3.402319869684380937e-01 -2.512600612160784674e-01 -1.729094045477558572e-01 -9.730854701890538638e-02 -4.926705236642862917e-02 -4.521250003703524561e-02 -3.831828413623208224e-02 -1.463841357556862691e-02 5.999299030095456113e-03 1.978899137356692969e-02 2.399587297013827322e-02 3.460631827777605612e-02 5.021272876363813698e-02 5.077842961882061967e-02 8.602271990526370871e-02 5.990989791072916237e-02 -9.475300626685080000e-04
-5.366376974202312633e-01 -5.386700963444085444e-01 -4.187801510070126021e-01 -3.224088263667065357e-01 -2.353551349420651972e-01 -1.616258617707619638e-01 -9.053447336457853822e-02 -4.554362384066670127e-02 -4.364926603378994213e-02 -3.773831204578999982e-02 -1.451503964127622351e-02 5.695397201553971910e-03 1.889605846548844670e-02 2.221534372655956796e-02 3.185153466179711790e-02 4.661794951259161379e-02 4.671983338055724772e-02 8.177084186416368194e-02 5.515607420306162939e-02 -4.392298490364189567e-03
-5.203807753665316005e-01 -5.110795777738823542e-01 -3.908659942101409546e-01 -3.019231463004475868e-01 -2.176160875799069971e-01 -1.489877355339781773e-01 -8.247086270641010297e-02 -4.112370419706313368e-02 -4.177465794623762968e-02 -3.704673743527837904e-02 -1.437948098103718382e-02 5.345744702276761413e-03 1.787318460571575562e-02 2.018977881234847171e-02 2.866123178169415267e-02 4.247614275672594031e-02 4.239097349975332746e-02 7.706056851169401645e-02 4.998421287914209948e-02 -8.162580072994181021e-03
-5.034401801215439010e-01 -4.813646901704801140e-01 -3.596876652675424779e-01 -2.782604715966154885e-01 -1.978631273632924237e-01 -1.349483683809701018e-01 -7.286978673041004384e-02 -3.579963432046413124e-02 -3.946523385930335304e-02 -3.619723611110625683e-02 -1.422249434477243155e-02 4.923498971253117973e-03 1.667192108598448963e-02 1.785057494279880877e-02 2.495679436110460891e-02 3.762680598588159786e-02 3.756922151103862795e-02 7.152552220508887060e-02 4.349927944623787485e-02 -1.252371254015259387e-02
-4.851145412690208714e-01 -4.486494073259737481e-01 -3.245088206165327449e-01 -2.510077194077473539e-01 -1.761742766690862494e-01 -1.192108257806267502e-01 -6.153494823946552977e-02 -2.938581554156870571e-02 -3.658545611071450931e-02 -3.512884658249292719e-02 -1.402258906945843056e-02 4.402882278470929799e-03 1.523986768090418789e-02 1.508262035601208063e-02 2.057670982730280818e-02 3.184010641448799250e-02 3.191698253555244613e-02 6.553053319957370670e-02 3.589447972091915767e-02 -1.783845120342534771e-02
-4.647597186527471780e-01 -4.128694974765311776e-01 -2.855500072092259090e-01 -2.198781376428888268e-01 -1.524764721745060503e-01 -1.015324397341574036e-01 -4.823492733570670932e-02 -2.155460498707450351e-02 -3.298362597966544157e-02 -3.374578121120038604e-02 -1.376628816501547677e-02 3.741706522185057372e-03 1.350996998758330001e-02 1.178436310029138019e-02 1.539016548009866994e-02 2.494622975442437746e-02 2.538437556581368479e-02 5.950268370048485828e-02 2.764846489525755666e-02 -2.439589031545276107e-02
-4.410820887117877231e-01 -3.754076804158498759e-01 -2.446527869158409141e-01 -1.859789337834894807e-01 -1.269704897512289876e-01 -8.184325102274539465e-02 -3.267952084567412457e-02 -1.209456863943868081e-02 -2.850649203690398120e-02 -3.193027773296561178e-02 -1.344152264892141749e-02 2.898833713967518318e-03 1.140447445192469510e-02 7.867474431429931012e-03 9.285208715269843011e-03 1.685804050293707168e-02 1.819859194496204272e-02 5.175516406554590831e-02 1.704678822424310694e-02 -3.267449290498262993e-02
-4.144414716998953696e-01 -3.382249342721456165e-01 -2.050192724048468529e-01 -1.519008944308813669e-01 -1.008599733349239691e-01 -6.020905636885992562e-02 -1.476453512968605580e-02 -7.558404957255835483e-04 -2.296592641234013535e-02 -2.955785852183064749e-02 -1.299317969199128252e-02 1.840611202378785198e-03 8.811716799750814871e-03 3.148017825195352070e-03 2.180351244452771904e-03 7.563681875781048426e-03 1.024776260335219860e-02 4.327395603339483782e-02 5.198181927995123089e-03 -4.292595243964131280e-02
-3.840456867896153703e-01 -3.041722101645036314e-01 -1.697543391630194631e-01 -1.202786631554975116e-01 -7.569967704595106928e-02 -3.744928695559024412e-02 4.736218616350158783e-03 1.243388004407561601e-02 -1.633278732459593832e-02 -2.655844047653743711e-02 -1.231659120781513142e-02 5.437095475859482323e-04 5.683927293148169878e-03 -2.401213074728876431e-03 -5.948130890313178473e-03 -2.641647678525235136e-03 1.648287545586989448e-03 3.433202188246887998e-02 -8.008711916397324299e-03 -5.538367477316361726e-02
-3.505678556336608298e-01 -2.755668517422777963e-01 -1.423867945760934617e-01 -9.390799068697010255e-02 -5.319731393055061180e-02 -1.504259198995070747e-02 2.454775428209557755e-02 2.682194833383678631e-02 -8.623165052219963073e-03 -2.291483009082959793e-02 -1.131245994332215343e-02 -9.569856407828475050e-04 2.011812097623001672e-03 -8.732768602125715734e-03 -1.498548657474715884e-02 -1.379385948317347031e-02 -8.642554348178427270e-03 2.345799167674225694e-02 -2.359773235964698207e-02 -6.987331966908998104e-02
-3.185774101474625475e-01 -2.569790840691832945e-01 -1.267955861425869579e-01 -7.565888778401201609e-02 -3.549731572849475908e-02 4.588224534330813224e-03 4.341532005364239638e-02 4.162318308880438161e-02 -1.140234922518192106e-04 -1.869760820510747365e-02 -9.958880205999413524e-03 -2.548229196135911277e-03 -2.130772339320602827e-03 -1.566842284086785581e-02 -2.478479031999270346e-02 -2.570639180370424062e-02 -2.096868726339851455e-02 8.537322777434743284e-03 -4.302676074258208333e-02 -8.599346659603294973e-02
-2.914949963790511300e-01 -2.522440479495071108e-01 -1.266799725677030253e-01 -6.887286276655070483e-02 -2.479051101185168055e-02 1.923949031999496601e-02 5.991053612172756587e-02 5.599238050204027178e-02 8.916620072507446329e-03 -1.410382236752131743e-02 -8.329214867170241579e-03 -4.097242879320439450e-03 -6.592014928121090606e-03 -2.297071305086527404e-02 -3.511602873197491176e-02 -3.807066183799673320e-02 -3.467747497405174184e-02 -1.132995867994512559e-02 -6.463210132307471711e-02 -1.038523515164939681e-01
-2.837575016179311738e-01 -2.648499713652662790e-01 -1.422617373726711432e-01 -7.518147108885694929e-02 -2.272210600370222489e-02 2.768566175733933044e-02 7.290840947976857944e-02 6.887806971083175467e-02 1.773596190268577483e-02 -9.572374947810682183e-03 -6.473399890120558331e-03 -5.458637671523148410e-03 -1.108299238407215760e-02 -3.027597432163033411e-02 -4.561227432611060506e-02 -5.123461431539116928e-02 -4.939205436139443989e-02 -3.547607089442134792e-02 -8.858699883202043879e-02 -1.206098526199607945e-01
-3.045541307014561494e-01 -2.992342536557972554e-01 -1.735074333238206534e-01 -9.575460494491250252e-02 -3.032271709339982163e-02 2.931378982152624962e-02 8.208265798176127281e-02 7.925876256132739772e-02 2.545307613910199884e-02 -5.535256062282992683e-03 -4.603935691161905458e-03 -6.476436254854607381e-03 -1.525240650193427326e-02 -3.704323973946294091e-02 -5.563923467477185220e-02 -6.453347384650175156e-02 -6.350285956884416105e-02 -6.161709759171093981e-02 -1.134492757676044267e-01 -1.320281344347036812e-01
-3.597922838292456627e-01 -3.521302380154668343e-01 -2.172140135082514800e-01 -1.289372478744611195e-01 -4.757451841707115159e-02 2.299921594460324972e-02 8.559953935002603820e-02 8.654884155266277801e-02 3.137206415155072842e-02 -2.681942475121730680e-03 -3.006802766882115795e-03 -6.865183584331427391e-03 -1.877566533875719978e-02 -4.262120792834801775e-02 -6.411196874412181113e-02 -7.712034893096361698e-02 -7.584667970157100980e-02 -8.541917493987148668e-02 -1.371761522771194619e-01 -1.395636384923761020e-01
-4.423058694190693529e-01 -4.131181826177904859e-01 -2.657101930204850415e-01 -1.703888498644305360e-01 -7.190617447340454105e-02 1.077872207653322173e-02 8.417298813971121896e-02 9.052200671545475308e-02 3.472744085551662807e-02 -1.644127401808045822e-03 -2.046060964072072327e-03 -6.535208875033822126e-03 -2.111251714306618468e-02 -4.621005390130882018e-02 -7.064993635669106209e-02 -8.833543275054597799e-02 -8.289844626824204032e-02 -1.012934649027978085e-01 -1.545499129250372250e-01 -1.493014537051182422e-01
-6.347925168625652148e-01 -5.497791048097129263e-01 -3.694918928139075964e-01 -2.622459959212987690e-01 -1.271431337359866520e-01 -2.085925878162307734e-02 7.447892324676125275e-02 9.156372701442255790e-02 3.471397377236337678e-02 -4.413849468615595184e-03 -1.820482563609965992e-03 -4.518688715435979428e-03 -2.227129228047412118e-02 -4.858557930048156698e-02 -7.986750329017140715e-02 -1.099432882460658761e-01 -8.520587151961747652e-02 -1.257559891790753226e-01 -1.762925602608915454e-01 -1.754687161562039910e-01
-8.575712688359636848e-01 -6.386547312641162044e-01 -4.516792864808897301e-01 -3.606301255591329857e-01 -1.857146088208798118e-01 -6.451919161164537675e-02 2.776739990494637642e-02 5.851712937187982660e-02 1.419094034110547978e-02 -2.120490463633461706e-02 -1.036938486084278306e-02 9.908198113006687780e-04 -8.182976165533893675e-03 -2.722554914736314766e-02 -6.005976862823390189e-02 -9.444139445223391494e-02 -5.910999831750378408e-02 -1.612435302474369558e-01 -2.575736268870731371e-01 -2.982316975379097346e-01
-9.490807948142897521e-01 -6.232924058812775447e-01 -4.133639192473424484e-01 -3.360857148140832806e-01 -1.564761828623235373e-01 -6.514275223860699349e-02 3.973990341102018320e-03 2.860572686903421064e-02 -3.967065820594149576e-03 -3.424214728602386487e-02 -2.350573106891705455e-02 1.004772018608684602e-03 9.075297695451919541e-03 6.750708648936390097e-03 -1.361238940150257502e-02 -2.682204702340310748e-02 -1.853335629970483470e-02 -2.043447086144563329e-01 -3.203061402051296525e-01 -3.332675724942072981e-01
-8.911311846047829111e-01 -5.380506090235663841e-01 -2.491999090398305250e-01 -1.626512017029185242e-01 -2.260655980074255389e-02 -4.060618953722609781e-03 1.873849991487428965e-02 8.729704079816940840e-03 -1.637533822019672167e-02 -4.046842106181548770e-02 -3.250075595167440518e-02 -1.136345833126779998e-03 2.162456158718371879e-02 2.910289211373866605e-02 1.891184115956300732e-02 3.832970705976401771e-02 -1.060415701880167670e-02 -2.701802505049526459e-01 -3.805261863824035418e-01 -2.422024407796757595e-01
-7.267863041608266794e-01 -3.731757156632158345e-01 -3.016891195900673825e-02 4.871614559302923225e-02 1.189677208269858261e-01 5.474002151102550645e-02 2.461731589289515437e-02 -1.287642958967375427e-02 -3.211492980629126331e-02 -4.409293158472189778e-02 -3.328048221884077201e-02 -1.194470609757180505e-03 2.965123134086236276e-02 4.395326688829019612e-02 3.837511930814958838e-02 7.630005227261754674e-02 -2.871103764875975600e-02 -3.556397849766796404e-01 -5.136662761439183544e-01 -3.907664733918279620e-01
-3.769453649097260772e-01 -1.019024771700562104e-01 2.347450042442513485e-01 2.469273070717181440e-01 2.370769540978494849e-01 1.055809859791032035e-01 3.040171638820424529e-02 -1.567241145350334666e-02 -3.694929186834729207e-02 -3.836015233281313275e-02 -2.494416086846495961e-02 -4.029888686588494959e-03 2.493564197029045013e-02 4.580788917573203056e-02 4.888037291361639614e-02 1.130761329173065738e-01 -2.895047161282021664e-02 -3.902490995536750940e-01 -5.600732818359632770e-01 -3.968996877499432197e-01
-6.087131438305151687e-02 1.094439021039174675e-01 4.150689942858209469e-01 3.839088495745286433e-01 3.258190148497318583e-01 1.646685009342510886e-01 6.317332432993150171e-02 1.088068256278288022e-02 -2.171284636247126920e-02 -1.944915114249907984e-02 -1.414868623191657335e-02 -1.221745443616367548e-02 8.812583510335482775e-03 3.603251344060374312e-02 5.358789526580456930e-02 1.316452400213062313e-01 -2.557003453834271259e-02 -3.408676776711340728e-01 -4.795430930087155041e-01 -2.901064350815716897e-01
-3.282068261589437402e-02 1.627470372316003333e-01 4.812703147311166996e-01 4.522065023553571428e-01 3.927704914933382030e-01 2.110305392074708908e-01 9.344755100350432553e-02 4.534778225112741368e-02 9.292332895262059300e-03 7.025968038118349246e-03 -7.160977227830113943e-03 -2.111717812489799853e-02 -7.459573536394367016e-03 2.476954934866570923e-02 4.380498136538553411e-02 8.782164326360786255e-02 -4.551565538964102986e-02 -1.869070452293708773e-01 -2.939665416400139009e-01 -1.605952592582910454e-01
-1.807308558351680972e-01 1.923299111080964963e-01 5.223176046259644378e-01 4.606487000079174110e-01 4.046961270692086554e-01 2.051051928387490619e-01 7.607991672771569069e-02 4.701683978514272638e-02 4.197602875028674796e-02 2.729511982216742752e-02 -3.720076035081756188e-03 -2.334608205314998158e-02 -1.481987267950856356e-02 1.791825810593095786e-02 3.372889144733261929e-02 2.464629610257359701e-02 -5.896962006327518407e-02 4.604024892898944850e-03 -9.277721330640845143e-02 -4.209876285762838982e-02
-2.033740230489893275e-01 3.085904536175599344e-01 5.724782058285328157e-01 4.489205020289630532e-01 3.834323971969192391e-01 1.868000036879929049e-01 6.012137065364241834e-02 5.738500998596970937e-02 6.395838963888428319e-02 3.476276601387754545e-02 -2.400655022330873065e-03 -1.978574149489457576e-02 -1.501494541064258073e-02 4.055476769209270631e-03 -1.458642920647901459e-03 -3.727648338876306255e-02 -9.827425118731680787e-02 4.495526205364952510e-02 -6.349065514055707293e-02 -7.246525123801163260e-02
-2.166569291335639913e-01 4.034904998572726997e-01 5.609376846297748909e-01 3.903152212450684555e-01 3.197785845266378213e-01 1.563327117235189800e-01 3.988829228089556256e-02 7.073216842617956190e-02 7.903270630330548607e-02 3.319575966871463751e-02 -2.458570270653603028e-03 -1.487636228962713365e-02 -6.453309811746522386e-03 -6.320677629638987889e-03 -3.666719866763862301e-02 -6.267962958760188441e-02 -1.382711494964436183e-01 1.048978226525072201e-02 -8.698316416162497899e-02 -1.664822888962532443e-01
-2.325965754450247946e-01 4.204213057245013152e-01 4.712840812977046046e-01 2.944990621595947600e-01 2.233215637792327901e-01 1.089513992574747125e-01 1.141572405558673869e-02 6.982264265159822403e-02 7.857037997421095765e-02 2.996499593089238869e-02 -9.506837413134700465e-04 -1.055827154763871838e-02 1.214860001602623531e-03 -1.144234713996387237e-02 -4.261875881307503056e-02 -2.067761673958576352e-02 -1.309871540045819960e-01 -1.302422589590960904e-02 -1.314920531298219841e-01 -3.083327907507907306e-01
-1.597946839279009157e-01 4.200498308543899606e-01 3.768371976561941672e-01 2.105978674975318710e-01 1.472598712671824572e-01 8.760136821750982850e-02 1.521127973875096608e-02 6.317325702557897993e-02 6.250987649241748767e-02 2.660861209971946556e-02 3.126370762020839501e-03 -9.142848251885339270e-03 1.013740326572762059e-03 -7.883596451454082110e-03 -3.159237750553988561e-02 4.261039893496612607e-02 -9.926362775407331085e-02 -1.657375294540614635e-02 -2.015768816125706187e-01 -4.868800327881011580e-01
-5.335553806396541726e-02 4.228412174094940967e-01 3.314613933245005306e-01 1.878779197914660637e-01 1.236222423398372350e-01 9.625674759908663114e-02 2.104700772962250083e-02 3.956435117851382632e-02 3.663458408065494581e-02 1.897693066692229119e-02 5.277879871276605628e-03 -8.652913933714064323e-03 -1.587354060330274218e-03 6.756906973951572193e-03 -6.804160662493458382e-04 8.350073996607869364e-02 -1.074324212616415003e-01 -1.034312204714711442e-01 -3.392492784796309335e-01 -6.416179695077071088e-01
3.252493384241911950e-02 3.928887484570454669e-01 3.047337759215217323e-01 2.037166283981769466e-01 1.421073715383242841e-01 1.245325279656381567e-01 1.038420025412971348e-02 1.628912192755015489e-02 1.683547447221770549e-02 1.163922530256642635e-02 1.151344859498428918e-03 -1.260350684133440362e-02 3.957730475009211451e-04 2.520481526853723606e-02 2.985937268329623070e-02 8.985080662904315618e-02 -8.911350387727708100e-02 -2.215371535565010264e-01 -3.843952101892617601e-01 -4.803149061602246528e-01
-2.339081371114584695e-02 2.436085383489803857e-01 2.122332493894593108e-01 2.199295915429827775e-01 1.745657195913644377e-01 1.473000223683901544e-01 2.656707882466166279e-02 1.734095066691082251e-02 6.308185706566591701e-03 5.913931902744248154e-03 -3.939833759843150429e-03 -2.103665466194133346e-02 7.695523267200030017e-04 3.247238850346205463e-02 4.213575610918849496e-02 8.907695908516564953e-02 3.708967197120480869e-02 -7.892218495651216748e-02 -3.780771357056480347e-03 6.086292197646039209e-02
-1.694802045473931262e-01 3.114713668152637241e-02 5.559192754590222552e-02 1.831102894883791243e-01 1.131997974320437111e-01 9.708089067746547562e-02 2.144788111680001955e-02 1.989248622024759536e-02 7.396713112793483393e-04 2.296700715755171322e-03 -5.500159270114683349e-03 -2.673390063888123058e-02 1.860096115128888946e-03 3.027801460900252095e-02 2.346469369496665888e-02 2.630552219766121511e-02 8.500660994845228580e-02 9.845861237214252604e-02 4.124185037525742170e-01 6.177063350805059860e-01
-3.189104343490722915e-01 -1.121616689486965024e-01 -9.455299934405608786e-02 7.911899668503390159e-02 -2.730993585258154055e-02 -4.783881029111277002e-03 -3.927715207425160407e-03 1.883840084777292992e-02 1.376190549452963984e-04 8.294810044529629667e-03 2.175932989507295325e-03 -2.955076224563832690e-02 -5.913606630949774269e-03 2.390712441809257627e-02 -1.714186741628107025e-02 -6.467013599341267516e-02 5.117853879013176122e-02 2.332340915161671413e-01 7.270531112826494891e-01 1.008110290253212415e+00
-3.728990648447297329e-01 -1.497033541717937011e-01 -1.670128653708316535e-01 -3.414511188098257044e-02 -1.430809958063364307e-01 -8.417798859293268432e-02 -3.351664441789841548e-02 1.801700736692364579e-02 -1.263915805047240463e-03 1.779108723670235967e-02 1.157891198589619530e-02 -3.005390006575605830e-02 -1.630189286482831151e-02 1.888030124149557912e-02 -3.561641750181901434e-02 -8.228119269469758024e-02 4.896082904417829729e-02 3.664510398065783381e-01 9.882266760429968544e-01 1.272000678282833919e+00
-3.239175660797068979e-01 -2.019463610172385348e-02 -3.984779153098980120e-02 -2.954987951927980517e-03 -1.058089892385188774e-01 -8.368124977711137447e-02 -3.134264124266845919e-02 2.597989175473655599e-02 4.785667304201625979e-04 2.105971671523883260e-02 1.579806839963032727e-02 -3.061687677818688766e-02 -2.558387545061718490e-02 2.142677602230760522e-02 -2.752004886020172417e-02 -6.536382295516006413e-02 7.638689345830762534e-02 4.449783504884507468e-01 1.007664835806036718e+00 1.161867554160200156e+00
-1.849869659192890925e-01 2.327836411046592391e-01 1.944443011663479215e-01 8.445510346387277711e-02 -2.981850025942427845e-02 -4.157408442082655836e-02 8.829577468542463420e-03 3.125432739783515212e-02 -7.054768986441880760e-03 1.174492292765676182e-02 1.710833691511258123e-02 -2.757746858300873585e-02 -3.091096192096269221e-02 2.510406024255215293e-02 -1.299347601733808096e-02 -4.506883280970634675e-02 4.351177353489533300e-02 4.080320624651300743e-01 6.743264728994448065e-01 6.132781050954726476e-01
-3.377659624085015133e-02 3.376531223056971620e-01 2.518084082105642718e-01 5.665603963948567801e-02 -4.942600613701249312e-02 -2.564232337475327514e-02 6.147797427155642092e-02 4.146881277095671586e-02 -8.215387231208896857e-03 1.486247867741433181e-03 1.506394558601084968e-02 -2.274510098064600264e-02 -3.024867625521641956e-02 2.822046534624328418e-02 -1.097740932315731041e-02 -8.010196818647784267e-02 -5.511881156928773520e-03 3.322821735616062200e-01 3.241676524029110107e-01 1.019674053740991836e-03
8.899455120790535079e-02 2.058270927434130149e-01 1.068651492889566568e-01 -7.662572912893755861e-02 -1.579235952255090003e-01 -4.388511457116747033e-02 9.855763414420010138e-02 4.307535495763836764e-02 -1.297659297021076102e-02 -5.393317041956079139e-03 1.508526428955074376e-02 -1.590501081454067864e-02 -2.715983586815118311e-02 2.474404757119617534e-02 -1.210102432623045947e-02 -1.070240178184310026e-01 1.638027188068010183e-03 3.061157026280784121e-01 3.410110840540816479e-01 -5.931388644506674357e-02
8.089867185532145788e-02 8.316315410342755773e-03 -4.658835658482128605e-02 -1.776328056018474655e-01 -2.106805682539008295e-01 -3.960883274480563737e-02 1.223167654257875381e-01 4.853766617466329786e-02 -5.050204111974806141e-03 -1.293903380112564408e-02 1.237414319227488069e-02 -9.490378036270261802e-03 -2.007939479951506220e-02 9.294157083612458042e-03 -3.602414215504785161e-02 -1.228613435756082117e-01 -9.388122675989324026e-03 2.645872733524017306e-01 4.563527745078002074e-01 1.567826771556359300e-01
-7.451495501764313079e-02 -1.911242378712703915e-01 -2.207351222186065554e-01 -2.837511584194482017e-01 -2.124326246258465833e-01 -4.281581959094900997e-02 1.275323471811202203e-01 5.717856542958325849e-02 1.082353615469830270e-02 -1.845377681370224954e-02 8.316944031728052203e-03 -2.943622957496230645e-03 -1.576120714258321884e-02 -1.514843477228650440e-02 -7.301475514034241887e-02 -1.330380377704193928e-01 -7.621161756027160228e-02 4.565090292828856422e-02 1.441481059637946260e-01 -7.487485829036019669e-02
-4.554132714645277025e-01 -3.925278882913820211e-01 -3.584032248815807731e-01 -3.527061805975525433e-01 -2.220650467980014586e-01 -7.181002366909355894e-02 1.131303463907977619e-01 6.941769679090699363e-02 2.466278380357879094e-02 -2.361962209607525523e-02 3.205227694064431958e-03 1.479509470347845036e-03 -1.427180483311470821e-02 -3.672445896882971933e-02 -9.683596170905407752e-02 -1.246901295715027030e-01 -1.154203745918447876e-01 -1.244208799616076389e-01 -1.709528649661889166e-01 -2.924316312303828491e-01
-7.145988516575293437e-01 -5.273151959096680219e-01 -4.250351242092423321e-01 -4.157685958513535063e-01 -3.053057808703023568e-01 -1.503497508834554797e-01 7.195105302421164750e-02 7.194548816779465505e-02 2.709121495794983292e-02 -3.036655953693668392e-02 -9.109215107671769004e-04 1.669807679251890560e-03 -1.317413771305895979e-02 -4.202567405109807613e-02 -1.014399114223304144e-01 -8.846481699945914212e-02 -5.477538276616161772e-02 -4.267785654236223164e-02 -2.621952639943178403e-04 8.966919927592201245e-02
-7.847351217231641751e-01 -7.414548720944177385e-01 -5.927771216292554435e-01 -5.541757694017963587e-01 -4.449510345296004976e-01 -2.359349234904551396e-01 4.355950878794052905e-02 8.449824506614335429e-02 2.710009886096734558e-02 -2.869231367316762288e-02 -1.533021961009884923e-04 -5.485072433501216385e-03 -1.776879253035782216e-02 -3.466161124054536330e-02 -9.091838998984215492e-02 -7.143715162996416845e-02 -4.327989529350571157e-02 -5.990579882979220339e-02 1.040942691922426139e-01 2.833274435310366712e-01
-1.051686103940600248e+00 -1.051899252665303042e+00 -7.468169459684335099e-01 -6.244068325439309231e-01 -4.396072973509617121e-01 -1.802044033747196572e-01 1.000268641858359231e-01 1.185956321578864742e-01 3.569972341000224314e-02 -1.645719308543147630e-02 -6.776750206619568248e-06 -1.825538060356360001e-02 -2.830111957534540978e-02 -2.306202788714183799e-02 -5.490040600066530690e-02 -4.806709434157702826e-02 -4.414760923986577740e-02 -1.212184723218392990e-01 4.618691826400099683e-03 1.293009179473424142e-01
-1.236448247819382784e+00 -1.132459617783617034e+00 -6.734102826257204466e-01 -4.642127975285479380e-01 -2.569779137393735091e-01 -2.926899689542590902e-02 1.684029515853389392e-01 1.294743047791011292e-01 4.780260382319672513e-02 5.541570318459538257e-04 1.197921650562981536e-03 -2.997702918734631086e-02 -3.744216417142957887e-02 -1.022813015317594262e-02 9.046846484051672757e-03 3.677556913524510085e-02 -2.679993467654235087e-02 -1.818136382927758032e-01 -9.855891475937382518e-02 2.424998429620382409e-02
-1.012763666946639995e+00 -9.540514443276734147e-01 -5.109745089832063991e-01 -2.630910654474086785e-01 -1.073646898878101719e-01 6.808969208221347935e-02 2.068962751693587954e-01 1.363641429864083376e-01 6.626875064439928520e-02 1.536561796319977496e-02 1.660968251103088923e-03 -3.861507799329082224e-02 -4.107263911840467602e-02 8.524868108168588351e-03 5.960579356455936867e-02 8.558583275133402335e-02 -1.237906212152823857e-02 -1.252914515821473562e-01 -1.272453149524335921e-02 1.322913409042280330e-01
-8.437138240402954903e-01 -1.013547569607799792e+00 -5.807663117575910805e-01 -2.466697682433463545e-01 -9.624475742323529426e-02 3.349190827218799515e-02 1.682404824792384235e-01 1.214182946186397327e-01 6.257953900623544619e-02 1.447501750413865071e-02 -2.853487230615844601e-03 -3.977545680605264894e-02 -3.206822800456532452e-02 2.661121196947638379e-02 6.671729846261835462e-02 7.248390352279897308e-02 -2.828564589232639842e-02 -9.752282842250163675e-02 4.807992461451188887e-02 2.042678071699226272e-01
-1.126735518348789489e+00 -1.427671555482567411e+00 -1.020708529970471901e+00 -5.644929658907176240e-01 -2.776180811201148790e-01 -1.009409048245192980e-01 8.230800140918879959e-02 9.431244645967439000e-02 3.944088455921743869e-02 2.667970318814052392e-03 -1.047702271026596660e-02 -3.859089337602726599e-02 -1.837605970059887767e-02 3.795062675405130176e-02 4.337955592469983773e-02 4.786316775803834550e-02 -4.031128827598205039e-02 -1.610966999250275089e-01 -2.218481256277429758e-01 -1.851984263092189276e-01
-1.649901167157245219e+00 -1.847468424224317562e+00 -1.587270555993176124e+00 -1.113255166037671717e+00 -6.619531739411643745e-01 -3.661815483871180277e-01 -8.043075569186143581e-02 5.432111173206468496e-02 1.724261422095875462e-02 -7.253856881634399532e-03 -1.644852665045457366e-02 -3.852206766672253840e-02 -1.318849154630975622e-02 3.848222521915049127e-02 1.720837599529077486e-02 1.423693214952674591e-02 -3.662985375792960491e-02 -2.845094731276043287e-01 -6.551947154504506043e-01 -7.421257250829729202e-01
-2.099923195577982682e+00 -2.058665763392252490e+00 -1.934810379317365658e+00 -1.579438618184167087e+00 -1.081176038177183996e+00 -6.760600660125417605e-01 -2.892966402378231994e-01 -1.321899089023493949e-02 -6.988270197222510444e-03 -1.872997557995989895e-02 -9.672430920361177117e-03 -3.118045322258929455e-02 -2.319280859428201821e-02 9.847684205024768642e-03 -1.802369981278269598e-02 -4.389814327851440656e-02 -9.126533271555101190e-02 -4.615513705365710817e-01 -1.117454776558801877e+00 -1.292302350208395678e+00
-2.040397689783454371e+00 -1.950646627883078077e+00 -1.981369023237484539e+00 -1.796787222334661260e+00 -1.350961143204867376e+00 -9.158282052732353851e-01 -4.737803701109804533e-01 -8.971768185092612868e-02 -3.536325682710875218e-02 -2.878613681929620763e-02 9.387141186144596153e-03 -1.734009875319731525e-02 -3.854268565775342825e-02 -3.835480168217068192e-02 -7.325991118689412218e-02 -1.256040268224949963e-01 -2.015775172648293367e-01 -5.910950806452166528e-01 -1.132366939441391107e+00 -1.175402476124675744e+00
-1.550857236755872615e+00 -1.627658999264430584e+00 -1.854584137002428745e+00 -1.797825833718653232e+00 -1.419834942202056638e+00 -1.021208927883630713e+00 -5.678783064974379791e-01 -1.246705382538816215e-01 -4.905653590403985520e-02 -3.570545251773153683e-02 2.012013595477610620e-02 -9.055380477361622479e-03 -5.054799208302988150e-02 -7.612231553791996841e-02 -1.185691270770551226e-01 -1.544461662902051613e-01 -2.148095790448824871e-01 -5.139589162189674987e-01 -6.463399466634048851e-01 -4.864349937793909229e-01
-1.139706347236347783e+00 -1.291427022143822212e+00 -1.613418843840570771e+00 -1.640555254176967237e+00 -1.362034945251360707e+00 -1.017058643149045150e+00 -5.664622938691029619e-01 -1.290323644415526938e-01 -4.958748733929382868e-02 -3.818861141172804480e-02 1.528285786892705396e-02 -7.085864959329458632e-03 -5.210433215289730913e-02 -9.163499899043946184e-02 -1.454722759878245009e-01 -1.663119459316981519e-01 -1.739642777787697991e-01 -3.655369857883618567e-01 -3.668925889044782895e-01 -1.906247090559400337e-01
-8.871490509326632745e-01 -1.049189223658371528e+00 -1.313576688110007495e+00 -1.359598913564000533e+00 -1.193057121520257668e+00 -9.292331719382076471e-01 -5.169234560323473504e-01 -1.362689906002597928e-01 -5.937280044419361580e-02 -3.470730586706758519e-02 6.550863011363273689e-03 -3.141808029060689025e-03 -4.426237942703627193e-02 -9.180306235130207548e-02 -1.587050536560472291e-01 -2.203142915476029862e-01 -1.932999913023716043e-01 -3.074986509053196371e-01 -3.356833415354962824e-01 -2.293573993117880849e-01
-1.265678293474869154e+00 -1.093315554850029292e+00 -1.169734526676790676e+00 -1.196023178515420060e+00 -1.084696816236351280e+00 -8.534657566430198239e-01 -4.828648524729138303e-01 -1.580969609508448559e-01 -8.171862876611468707e-02 -3.643825886736867109e-02 9.624805434628842197e-04 1.181674196868364411e-02 -2.837979530153017169e-02 -9.356222227159739779e-02 -1.809403093574292742e-01 -2.905418217589205709e-01 -3.344503740776109679e-01 -5.298254595038256465e-01 -6.684522867466006213e-01 -5.941246592678781635e-01
-1.804958457890860402e+00 -1.491462827301188954e+00 -1.302835638767164683e+00 -1.245673657001828971e+00 -1.081820194509696131e+00 -7.864271846831751844e-01 -4.474278742655771746e-01 -1.781633644446411202e-01 -1.051720014083989546e-01 -4.692844787241079452e-02 -6.006809981392386734e-03 3.018068254716622587e-02 -6.806916589456681911e-03 -8.761392146358597255e-02 -1.933532875231472048e-01 -2.841843547487003518e-01 -4.214849630894925703e-01 -6.539054650680515834e-01 -8.206902986756522411e-01 -7.217848829147055500e-01
-1.758709883494785631e+00 -1.802443252711935173e+00 -1.412734803303715703e+00 -1.316751397690697489e+00 -1.095941781783700053e+00 -7.512762359576975468e-01 -4.477092951033856405e-01 -2.237574089823257673e-01 -1.436745229779179955e-01 -6.628720106721701366e-02 -1.338754427418760613e-02 4.910285215348991067e-02 2.072822929126868358e-02 -7.036698851809485011e-02 -1.817574212479452778e-01 -2.575895124988719642e-01 -3.886864561322194156e-01 -6.139733211126635615e-01 -7.532278171382298382e-01 -6.318974154149736844e-01
-1.679667015695545773e+00 -1.781191501054514736e+00 -1.282101528729874262e+00 -1.208390754027302894e+00 -1.002813432579124919e+00 -6.844927234388213932e-01 -4.467836528562211806e-01 -2.638241264722874790e-01 -1.794601057526271082e-01 -8.156676193861406299e-02 -1.147793851141533546e-02 5.995922899661832589e-02 3.250927880952442228e-02 -5.496516900654826315e-02 -1.703772285789952046e-01 -2.410685122468312347e-01 -3.506937356642012005e-01 -5.768936279895049424e-01 -6.569442807671391771e-01 -5.842552449041245044e-01
-1.277854161947947542e+00 -1.375607947845824297e+00 -8.988106487140137268e-01 -8.456273508956823060e-01 -7.639495765331044685e-01 -5.351523224126361056e-01 -3.298025815511858583e-01 -2.145611632782247480e-01 -1.614784384630495451e-01 -7.294783283196075441e-02 -1.014554235695716740e-02 4.186311714425007546e-02 1.805906981669902489e-02 -2.756658948718630764e-02 -1.032212650650607549e-01 -1.264163989074161276e-01 -1.819923029363289535e-01 -3.286817653702730491e-01 -3.739606159372539929e-01 -2.831225420781883217e-01
-3.779776430574205981e-01 -5.131152755583503478e-01 -3.320540978596044357e-01 -3.976646495091208378e-01 -4.585441669351016380e-01 -3.200705211587037136e-01 -1.623178530568412381e-01 -1.089021279667972131e-01 -1.011040166098750442e-01 -4.280282616049955330e-02 -7.847263864882585843e-03 7.481969212920282740e-03 -9.545835290949371277e-03 -5.209740087969685386e-03 -2.746256909148670714e-03 4.616711732975471716e-02 7.609551758804883326e-02 -3.745093857126343545e-02 -5.866591256728840437e-02 1.342935039828549726e-01
2.349726768683117473e-01 -2.214098918837463861e-02 -4.948207769209743423e-02 -1.363044547608933399e-01 -2.435145826268413083e-01 -1.846492524211200137e-01 -9.719440780274261893e-02 -4.772046515725446303e-02 -6.146376981717995014e-02 -2.682776618932998514e-02 -3.732523407274119989e-03 -9.660061894931687085e-03 -1.839020488805004697e-02 7.145137203438194431e-03 5.542748740174693184e-02 1.438416466966675467e-01 3.066581257491833856e-01 3.876131469904495752e-01 4.736917640878666735e-01 5.599896521737642852e-01
5.324289245946680627e-01 2.734756510170787136e-01 1.733570258441808620e-01 5.351963664386603231e-02 -7.867935277543712524e-02 -1.094670658577793776e-01 -1.068218092935153962e-01 -5.208507464386161190e-02 -2.479387639947260372e-02 1.386247480587105658e-03 6.107843222964526135e-03 -1.399965717127291120e-02 -2.194041670001811717e-02 -2.457008648477113436e-02 9.249959177243924704e-03 1.109161320434149944e-01 3.177607367463052834e-01 4.987895085017082231e-01 7.975717380179786486e-01 8.742814454721699047e-01
1.656196968769556993e-02 6.701431256400373904e-02 1.706764950842429018e-01 1.163493977918640121e-01 2.569573129878005568e-02 5.041769142640231856e-03 3.160067358166598200e-02 -3.017375435687509252e-02 -3.861617503336699925e-02 -1.222524093305601967e-02 -3.280895160386639118e-03 -1.245115125018341450e-02 -1.934995270675748252e-02 9.012202400140644984e-03 7.867362391941885857e-02 1.100192811756015437e-01 2.129133723547405599e-01 1.271833593206713187e-01 2.191668569322466342e-01 3.657661417022181616e-01
1.972943939735438967e-01 8.445495983089852388e-01 5.130727950295077555e-01 2.834341104377385290e-01 1.691444369446672702e-01 1.388037525415043993e-01 -4.247708224889946505e-04 -4.973116208987052311e-02 -5.972162321774774491e-02 -1.775842410570539764e-02 -1.740908444051609064e-02 -1.663988976511094134e-02 1.412096473882838189e-02 9.389093567894953030e-02 2.125137639658498945e-01 2.385544795217188208e-01 3.423895586823907378e-01 3.511873648210044885e-01 5.894901109943352369e-01 5.265513310045291107e-01
