2.379876785001645290e-01 2.096805669506453529e-01 1.651500262072039538e-01 1.350303624371983202e-01 1.214769710410628922e-01 9.952113692821971946e-02 7.213275832136498145e-02 5.023410594006925967e-02 2.819711903532641853e-02 1.399545325543928402e-02 4.342387516237302542e-03 -4.421433376679455643e-03 -1.723780273022170947e-02 -3.033153634841550053e-02 -4.636217802487729162e-02 -6.187746997044759473e-02 -7.716107409383665683e-02 -9.112939957078043662e-02 -9.717470598518644642e-02 -1.062376743060148288e-01
4.123733906178634889e-01 3.732816347046532535e-01 3.049736964921384574e-01 2.543843974687890475e-01 2.303554999246269774e-01 1.913250381590874127e-01 1.406317677326036908e-01 9.795014803586893359e-02 4.268238948521697884e-02 2.076112389577535258e-02 9.111490779645424476e-03 -5.328406086275373071e-03 -3.028871656419984335e-02 -5.666163870630188532e-02 -8.990356656332122720e-02 -1.212166266952990762e-01 -1.504706970777379693e-01 -1.764871029945334902e-01 -1.889349362461438531e-01 -2.067061814574129297e-01
8.044566026600206143e-01 8.017287474145108339e-01 7.033151440255018816e-01 6.435665677416602115e-01 5.680855230806476364e-01 4.914588518250284643e-01 3.911004490024417857e-01 3.408250952265622913e-01 7.447799867337029367e-02 1.370687662927698725e-01 8.101331209456491544e-02 -1.514528481948222982e-01 -2.004066615438715102e-02 -1.091467461254367194e-01 -2.106430344767157570e-01 -3.197209303867000196e-01 -3.788274189024103400e-01 -4.505012797737745767e-01 -4.827338686263814571e-01 -5.226521625793258963e-01
1.246404835410259926e+00 1.432842593129393993e+00 2.031530567742625415e+00 1.429046275289367340e+00 1.482757016429673058e+00 1.282468552247423510e+00 1.039945567571244123e+00 8.469380471523083598e-01 6.931045318366080288e-01 5.640189390491704563e-02 7.211752481959515793e-02 -2.508783029345136584e-02 -2.566623590110780340e-01 -3.796786451035361609e-01 -9.858331125246694304e-01 -1.156557805807088890e+00 -1.006906615591684373e+00 -9.921127656477514156e-01 -9.781361974476223686e-01 -1.078753562048060610e+00
1.892763422601538625e+00 2.177587479390393099e+00 2.430338367788785092e+00 2.155815920137777564e+00 2.471764667655322434e+00 2.575775073499789958e+00 2.479086738710679860e+00 1.512021856655914931e+00 1.929645292708981552e+00 1.370585445187303408e+00 -6.073698145423871431e-01 -2.350287540557910726e-01 -4.623044133645717313e-01 -4.663431272314621512e-01 -8.078986239026411109e-01 -1.657295747229394545e+00 -2.373958969765913363e+00 -2.165768304226081575e+00 -4.361250828259859880e+00 -3.502938370014892389e+00
2.973460721100502191e+00 3.462035978346094112e+00 2.830922099723228502e+00 4.184161252498152628e+00 1.467610042807711679e+00 -2.320594832747477465e+00 3.056080359233700250e+00 1.166164436958381012e+00 -7.692894519827472521e+00 -6.946150667500275766e+00 -7.314290440075321698e+00 1.855275302061438580e+01 -6.253706291277678631e+00 -9.587003857344829072e+00 -1.081828816515769809e+01 -1.586742831582651547e+01 -3.598707140299913476e+01 -3.827666968395882208e+01 -1.651675704949549939e+01 -1.304806172181993595e+01
-2.737367002343884970e+00 -6.362515048306902621e+00 -3.236879945499584910e+00 8.215851406961816039e+00 3.006752384030227887e+01 8.623371715049097475e+01 1.844132449401108076e+01 1.967869839127039056e+00 4.154296842338180973e-01 1.222277799901947848e+00 3.580670882521263393e-02 -1.291850463157973028e+00 -5.563874098316987649e-01 -2.939330893055298155e+00 -4.798280381153858798e+00 -7.938464684937559745e+00 -8.984741104850678894e+00 -1.043589662119009276e+01 -5.127216408437480943e+00 -2.043501424239739350e+01
9.148757121261029468e+00 1.176276763566418460e+01 -1.132925323835736009e+01 4.861274248418811617e+00 1.062523335292473003e+00 2.269944050317210227e+01 -1.591399128780061623e-01 8.093238042431231349e+00 1.011329798988164219e+00 1.536796095132605122e-01 -1.492943285874272608e+00 -1.119459882768435000e+00 4.458864343873115921e+00 -4.859500791699069566e-01 -8.366314401811019152e+00 -5.643574875483829523e+00 -1.544118490964793189e+01 -1.479763559503821746e+01 -2.535176775798769810e+01 -2.607950101966791934e+01
-9.832860840428441662e+00 -1.035600198165712627e+01 1.318219804095880221e+01 -4.471708500028367617e+00 3.693356635753362838e+01 -1.092963373321279974e+01 -1.818582764090564297e+01 -2.650727653213694968e+00 -9.122923268486148984e+00 -5.508286667679406001e+00 5.131756702245792168e-01 9.995481985377846712e+00 -5.970368154472731170e+00 -4.921188031569371901e+01 -1.077043222193808525e+01 4.140272977959630794e+02 -2.523397990799052337e+01 -1.638100168524116329e+00 -3.356923996124906751e+01 1.706971970011907729e+02
-3.944420917041622232e+01 -2.507570976968343501e+01 -1.547286697589554194e+01 -1.080638589085134704e+01 7.902043894020391313e-02 -1.144927628969292677e+01 -1.971450891261459759e+01 -1.297870264982385535e+01 -7.758208133637462645e+00 3.877675755915618083e+01 -1.206361605483922972e+01 -1.221122326050867812e+01 1.845181825287048127e+01 -1.703593143500916085e+01 -1.893094535085370467e+01 1.037516000856827780e+01 6.167977368152558881e+01 7.275093038119240418e+01 4.407842377916209031e+00 6.852364561303512858e+01
4.781944556410474334e+00 -1.541769865386480660e+02 -1.133025583045924947e+02 3.228390025005823105e+01 -4.416756159008616578e+01 -1.233572308654632188e+01 -2.184515963565560526e+01 -2.874733042276258388e+01 5.238959176217384162e+00 -2.049887865629466788e+00 -2.054780811734609358e+01 2.658139795484272483e+01 -1.045644917246245420e+01 -1.755386613605275059e+01 8.361912804512813580e+01 -3.959379880179432121e+01 -6.204134415106579326e+01 -1.365605395026684050e+02 -8.291105267654646127e+01 -3.089932029327624718e+01
-3.719063862284966149e+01 -4.435217495168489421e+01 -3.076633324523380608e+01 -5.883730855284373895e+00 -4.579917536739012007e+01 -4.678942883486330828e+01 -8.064461701283484274e+01 -4.997748075852670269e+01 -3.187551673224711379e+01 -4.071635554680181457e+01 -2.899232239967668079e+01 4.456827958275326296e+01 5.975910060115765532e+01 -3.914289129465374373e+01 -2.981512673792627055e+01 -6.952330224979481166e+00 -1.556637717657184972e+01 -2.729629450694651638e+01 -1.443134547986053784e+00 -4.420304260057442747e+01
-1.553430706716501675e+01 -1.838944258175635582e+01 -6.035207150209151905e+01 -4.045935843032532375e+01 -1.776961909333402900e+01 -2.044926848264537966e+01 -1.711152185937008952e+01 2.942626645173304301e+00 -4.211259915914612684e+00 -4.365393450295536937e+00 -3.123448817491340623e+00 9.140081576238213046e+00 -5.507927115619755121e-01 -4.506267749119095889e+00 3.252207430397067611e+00 -1.853722238305188696e+01 -2.402578390972281852e+01 -3.260457507366467667e+01 -1.150086755043641418e+01 1.092809758247990146e+02
-3.590198156870837209e+01 -4.075710374485283438e+01 -3.447793744113695169e+01 -1.972744261408383437e+01 -1.403394920707516924e+01 -2.369373348922249178e+01 -2.419629447059737615e+01 -1.555008854826021292e+01 -1.860171642368319667e+00 2.462475930636755805e+01 4.156691939599013352e+01 -6.042165550793146167e+01 1.306626382983178836e+01 1.090554726251489370e+01 -6.777813015875528535e+00 4.014617749643061728e+01 1.424169713274772420e+01 -2.487903621521775221e+01 -1.551955435052443155e+00 -1.230893701624938252e+01
-2.970653783199265519e+01 -3.271814316516702092e+01 -3.282730179055312192e+01 -2.963969699177133066e+01 -2.442888188925888571e+01 -7.367732728534380549e+00 -1.098494364580979088e+01 -1.453453155794014684e+01 -1.282712075597626722e+01 -1.033669349552289596e+01 5.730334512749558407e+00 9.426022404016389800e+00 -8.434467130672040014e+00 -1.040850753351771241e+00 -1.147638969872296189e+00 -7.405628923673549302e+00 5.000798206851541750e+01 -1.055987392785652901e+01 8.011720569033488459e+01 3.351357904762783591e+01
-1.648455269378310462e+01 -3.105384945359192628e+01 -2.606892821837213248e+01 -1.396849245789879745e+01 -2.743105859798108170e+01 -2.371105655594056216e+01 6.329171531788179372e+00 -7.235982412420761678e-01 1.352576788791682638e+01 -2.567890502548832998e+00 -8.043018725676322589e+00 9.206574758300627437e+00 -2.170008858401191176e+00 -2.961579796400573894e+00 -2.860398125651055334e+00 -5.419866653941538104e+00 -2.594083527006538326e+00 -2.196671349930587169e+01 -1.699643261055052079e+01 -7.369375649024718200e+00
-4.381924163358119273e+01 -3.363599408376497024e+01 9.661777107991636626e+01 -3.008648866581906134e+01 -2.725856245800178357e+01 1.530805292329356249e+01 -9.573039721658071599e+00 -1.481579595184289744e+01 -1.442168759594531302e+01 -1.001974744984239862e+01 3.231919972138400432e+00 1.107338183731989112e+00 1.211832358181354330e+01 -4.790163396018662922e+00 -8.731379737351335990e+00 5.857621168383797539e+00 -1.967180713340885401e+00 -2.232167997534838122e+01 -1.597384316813249683e+01 -1.743566881851897321e+01
-5.510105786228915292e+01 -3.977453396477520897e+01 -3.110397753710181235e+01 -3.540548367627827275e+01 -2.736530498222888497e+01 -1.114058037837594739e+01 1.764516415562831675e+00 -7.122597395247456120e+01 -5.252190258248531052e+01 -4.989442308343448218e+01 -1.796723984299251597e+01 -7.456309445840703631e+01 2.584343993490433604e+02 -6.388900572117533017e+01 -7.384028560999361446e+01 -7.691319286701227043e+01 -1.466497192070409028e+01 -9.995756443780054568e+00 -8.424694012630409290e+00 -1.732576912743819264e+01
-7.692792186500139451e+01 -5.670851401172586748e+01 -3.967344517598892395e+01 -3.788745623941649399e+01 -3.743210258198562457e+01 -1.605559822008803650e+01 1.591373735548198738e+02 -1.623901576686308701e+01 -1.245991078691904086e+01 -1.064388902494845546e+01 -1.306119647364621272e+01 2.379488394448841504e+01 -1.324736526744572984e+01 -4.066145396346128038e+00 1.389544457455981608e+01 6.168848188967992030e+00 -3.645106054231357717e+01 -4.242516867082482435e+01 -5.903079661788458310e+01 -2.652088672281724513e+01
-3.292442863461831593e+01 -3.007286453578022289e+01 -2.429804814257559897e+01 -2.657040716702736916e+01 -2.809275499388434838e+01 -5.005966615815778908e+01 -5.457547824580252183e+01 -4.293753785650193322e+01 -3.110103635319644866e+01 -2.599540957875789715e+01 -2.013717829144873050e+01 5.239773862008161132e+01 -1.991978155085241342e+00 -2.698026829257109327e+01 -4.418809848459927991e+01 -3.037445240244123212e+01 -4.502927363597374111e+00 1.775349680248480055e+01 -1.539804890399907045e+01 -5.393469375931421617e+00
-2.766840546849062221e+01 -1.956030136733814118e+01 -2.541267706532791237e+01 -1.637853216205276397e+01 -2.340122521540371636e+01 -1.006578871776539472e+02 -8.551664194555145571e+01 -4.250073958741224800e+01 -1.564461422015788905e+01 -3.852018187247706749e+01 -3.658528438943429251e+01 7.980331824032001009e+01 -3.428284056340225305e+01 -9.278632533343378341e-01 9.961638637945190666e+00 1.308768383863796458e+01 -1.076795798776668311e+00 2.761887450141637146e+01 -1.658586528621192357e+01 -2.576566808662152397e+01
-3.406937852938813904e+01 -3.125367834005061241e+01 -1.803409412564936076e+01 4.055779875944548252e+01 -1.744456102567460931e+01 -1.671427098400635813e+01 -1.329565639477361216e+01 -6.284411987193571747e+00 -5.561792673622114158e+00 8.094391482487138134e+00 -2.634381471771468863e+00 -3.438369969116209734e+00 -5.463118438552864831e+00 2.721044559142582386e+01 9.981337992070169918e+00 5.910149666948171898e+00 1.304883490792405887e+01 -9.760406219271848371e+00 -1.872589701272848828e+01 -4.690743258089965906e+01
-3.451676019275166141e+01 -2.674061882957822078e+01 -1.757386226106807214e+01 -1.062751693823149424e+01 -1.510452902528429675e+01 -9.756605719441122204e+00 -1.317305461356180629e+01 2.650355642237218756e+00 -1.340547048041992007e+01 -2.806505252156565433e+00 1.256478527733051287e+01 -8.539409245756367284e+00 5.145936971077289535e+00 -9.344024998015306949e+00 1.654370557678322484e+01 -5.758436565227730064e+00 1.711711695227072116e+00 -5.887657381666043577e+00 -1.692452417236953011e+01 -3.143907136439069205e+01
-2.416862141646166862e+01 -2.775525701160573888e+01 -1.723728676828723039e+01 1.721293716679652697e+00 -1.183480187871345279e+01 -4.022900165244242210e+00 -1.745919823012057748e+01 -1.006637185421530631e+02 3.748410474495976086e+00 -1.281556823598850370e+00 -1.585162655660376396e+00 4.538340918944929747e+00 -2.353616102522364084e+00 3.293983444575086850e+01 -4.800372275379545250e+00 -9.845309103040973397e+00 -1.323391290268798848e+01 -2.587109278657183875e+00 -2.628208957908691445e+01 -3.697062592471433362e+01
1.867667153930303670e+01 -2.507099152611237969e+01 -2.366388867187729872e+01 -1.350487599352748802e+01 -1.833500806053223897e+01 -2.445313159031455896e+01 -3.120110934829664018e+01 -3.202421235376079522e+01 -3.559407577058135264e+00 9.380484506935466982e+00 5.295043820439649274e+00 -2.418131279686285495e+01 -3.365904120529231136e+01 1.432213599856527253e+02 9.269247428431914670e+01 -1.912799351665458047e+01 9.394792769123439413e+00 2.688917247817782652e+01 -1.625423439129900061e+01 6.505852916386641205e+00
-1.910963404544102673e+01 -1.682634316636518079e+01 -9.682960126907937948e+00 -1.561517694784555488e+01 -2.203888770349482584e+01 -2.157327974722917929e+01 -8.840122365411920313e+00 -1.550203843961643635e+01 4.777342779709663922e+00 -4.325538790943108225e+00 3.933164043535494425e+00 -4.454316791022875144e+00 5.594840193657146799e+00 1.399001817086845101e+01 -1.450922465211951184e+01 -1.631099599331218997e+01 -4.265647948395080213e+00 -2.554114416561149525e+01 -1.589665046071540466e+01 -1.178128089732592976e+01
-2.701659432379171122e+01 -1.358264204137656961e+01 -1.107831035553902765e+01 -7.734349977513543806e+00 -3.206776351082845977e+00 -6.271608931341975612e+00 -7.436693777845273523e+00 -1.034374826745762554e+01 1.527220588611794838e+01 -3.569149070132544121e+00 1.913478197501670586e+00 -2.278877617001202172e+00 -2.309699035835666159e+00 1.126629232609785269e+01 -8.641378263851365205e+00 -8.432912587141030869e+00 -1.127103764527890029e+01 -3.460026587547453403e+00 -2.866438634534870911e+00 2.429857235186791531e+00
-9.224608237895838059e+00 -9.528665990067224811e+00 -3.148342279442938985e+00 -1.975510710511526380e+00 -5.364358849635562088e+00 -9.581098465698019595e+00 -1.662666973429289996e+01 -1.018892039752858203e+01 5.331954586982123345e+01 1.698279572764582923e+01 -2.678293537137669045e+00 -1.135334084198417059e+01 -3.663342562728615359e+00 -6.026760073675635709e+00 -2.042620603953455571e+01 2.458769990887638368e+00 -2.737753549797804098e+01 -2.380037707029926963e+01 1.017533294195684807e-01 -2.867578864186445031e+00
-7.468457718276085622e+00 -1.465266393457827299e+01 8.068467976823779253e+00 -1.227195524739116372e+01 -8.052825286164317475e+00 -1.683372100191778742e+01 -1.349855565929013856e+01 4.866011133981402170e-01 -1.189168627597826244e+01 -7.543657330354663237e+00 2.789815886045077775e+01 -2.296987279970726448e+01 9.780899166510605980e+00 -1.357022294888301239e+01 -2.166600700836020632e+00 -2.996484009701664508e+00 -2.962812349055895744e+00 -2.463914479946135927e+01 -9.364671452933045259e+00 -7.396380354823231862e+00
-1.633295382312027755e+01 -1.326260427875559955e+01 5.783346605162735798e+00 8.065843541893315205e+00 5.652306229133127857e+01 8.379860718453011614e+00 -1.144622356558476817e+01 -1.976882110434676321e+01 -1.520814710181826612e+01 -1.634357685140316363e+01 9.862182375337994245e+00 8.463799097306345942e+00 -4.657686440402275529e+00 -8.230653409353763550e+00 -1.023349551217782150e+01 9.681125969366991768e+00 -8.572229496203833676e+00 -1.103731530659858073e+00 -7.155031405740784223e+00 -8.506413889458138700e-01
-1.861337291108199210e+01 6.658852442533398630e+01 -3.988361798598704411e+01 -2.299462666508068054e+01 -2.636799964033595600e+01 -3.522303319418670497e+01 -3.998950388727759275e+01 -3.949575926543310089e+01 1.204071558714156112e+02 -1.976272438351973904e+01 -8.894881241782508496e+00 -1.047674854084784712e+01 2.785139240527652404e+01 -1.069958079856576916e+01 -2.681316179535757982e+01 -4.517524389374684546e+01 -8.339744263087949605e+01 -1.399956277153654867e+02 -5.169075353395228944e+01 7.743633667894409989e+00
-4.562972406870530762e+01 -4.201806003358274211e+01 -1.036469229569888739e+00 -1.899006613473048688e+01 -1.111110190040003687e+01 -1.581629597840567847e+01 -1.999169846820722540e+01 -2.754426514378028301e+01 -3.038713231064807729e+01 -1.581797862742863181e+01 -3.474184661515776185e+01 -4.880266795240878963e+01 1.675545332302235693e+02 1.136552330483530504e+01 -1.044498956203079842e+01 -7.083469868662746194e+00 -1.423936370713719235e+01 5.156824005595228044e+01 -4.472024078447363493e+00 -4.911124408402660180e+00
-1.949123854662806480e+03 -8.598033495183417472e+02 -3.561803594755066911e+02 -1.945749213477770070e+02 -5.511649988250434262e+01 -3.376759439430212950e+01 -3.020580115142885802e+01 -3.001207746087373351e+01 -1.643478763622554339e+01 -1.233147121766968191e+01 3.678424200323884463e+01 -1.614544002779176424e+01 -1.061083083812812511e+01 3.880439393477584531e+01 -3.552241789056456867e+01 1.414141718019531027e+02 -1.147045408513300799e+02 -2.504131983593388497e+02 -3.187211079167472008e+02 -3.260475700185768346e+02
-4.551930405399011761e+02 -1.991567587831256958e+02 -3.862421243901610524e+01 -5.406092492617936074e+01 1.098919961863953354e+01 -2.690672230396245368e+01 -2.567234810776352916e+01 4.460418657810582488e+01 -4.003214338200435662e+01 1.263342512473025607e+02 -1.734271632352685089e+01 -1.750956823266750106e+01 -3.915180685657590232e+01 -1.817833807162982040e+01 7.544735513894478274e+00 -1.206929786722199749e+00 1.275583284669820072e+00 2.104563200916970445e+01 -5.774989283895990866e+01 -1.078846439807884252e+02
-2.019419264114548795e+01 2.487719889709527621e+01 -1.842050810924768101e+01 3.369544178235815313e+00 -1.125507671433089030e+01 2.845629378218267114e+00 -7.988612296845102989e+00 -9.938015951873312659e+00 -7.364634550497244803e+00 -9.805208842493406962e+00 3.073476542954494306e+01 -1.180825918202741853e+01 -1.518412657947861533e+01 -5.262079781337484441e+00 1.923315859231141545e+01 -2.264053321693484477e+01 1.551567653292721838e+00 3.273492273479618007e+02 1.000274847435290724e+02 4.944052597348382250e+01
-2.363695152156834922e+01 6.648705658002970864e+00 1.878896674950584256e+01 4.104676718946647185e+01 4.333015428701460792e+01 -1.117503270064553078e+01 4.660485208878449725e+01 -4.312112109158547923e+00 3.766363286146317790e+01 1.822281565231324763e+01 -1.811049074851454321e+01 -4.667180643328991962e+00 7.118465376635433550e+00 -8.656488004907878064e+00 -6.398965699081607283e+00 1.090353405695780609e+01 -2.602322552472045203e+01 -3.789435530212688974e+01 -4.373862110500942890e+01 -5.210997405432899576e+00
-1.108755356233653231e+02 -1.072759721699400330e+02 -2.476265992310988651e+01 -5.663526100366019023e+01 -3.632426470511629901e+01 -1.289328203655841110e+00 -2.442359167580031709e+01 2.242779501895584815e+01 -1.726027806202873194e+01 5.877121423767110997e-01 1.654350008809260686e+01 -5.987588266287332317e+00 1.073270325657451618e+00 -8.312155451441993748e+00 -2.265666421390854879e+01 -3.654509114567227357e+01 -1.048818163608169414e+02 -2.500648486406102222e+02 -3.012490175476249874e+02 -9.120012911964607838e+01
-1.052733589790393687e+01 -1.685062608280540530e+02 -1.074345481440174979e+02 -2.290409494640354282e+01 3.003226391263099231e+02 -3.359137765578815049e+01 -5.776284050729078245e+00 -2.069062576156988698e+01 -2.218025851346634525e+01 -3.292616968014650425e+00 1.520140858668597517e+01 -9.751014649535724388e+00 5.898598789487898841e+00 -2.665572456435592041e+00 -1.140447838157269800e+01 6.638753944874262736e+00 -1.398064905648933820e+00 -5.120033022257920408e+01 -1.219556891201202653e+01 1.969054061163636860e+01
-3.931494280767397242e+01 -7.990081854310560061e+01 -7.081727155755577030e+01 -5.231614986910494025e+01 2.366760530760301151e+02 -3.423303732653717901e+01 -1.653450052968772255e+01 -4.992731290032303093e+00 4.194109396596564210e+01 -3.110606855307749896e+01 -2.875689286380328724e+01 3.203321421352386977e+01 2.670122894228691646e+00 -1.104683405804817120e+01 5.589015049744016750e+01 -1.553124110215027009e+01 -2.354383639687901919e+01 2.674444333098620064e+00 -6.193622437774521217e+01 3.189082840518541957e+02
-2.123010579227791439e+01 -2.180407746255976065e+01 -2.813629974460563687e+01 2.858528039732361847e+01 5.905918576924252150e+00 -2.049376935167148162e+01 -2.417775096307277849e+01 -1.503573624169025891e+01 -1.093565358942950461e+01 -5.513839198154579790e+00 5.609312123320498777e+00 6.212416757368663056e+00 3.641286425965428286e+00 -1.303063496830770873e+01 -1.386640248016422561e+01 -1.449871440340678497e+01 -3.213520873813187251e+01 -7.755743643720204972e+00 -2.268301361513129777e+01 -1.709440768201150007e+01
5.600030448343884082e+00 2.326545915381364438e+01 2.794008356578358132e+01 2.506815113745737023e+01 1.466484783610193787e+01 -4.893475279975477932e+00 -2.695128470661862963e+01 -4.878099119676339512e+01 -2.190669750616194378e+01 -3.574146658943603683e+01 9.881913676541900315e+01 -2.337498522486691499e+01 -4.843665842705705415e+01 -5.062236863219366256e+01 -2.775752600431408723e+01 -1.095514849298236548e+01 -4.914157130463696177e+00 -3.438708291657597016e+01 -1.256235799677716258e+01 -3.223137226991765747e+00
3.954638176702230723e+00 4.443397037573769914e+00 4.740919861441256700e+01 3.015274658770434613e+01 3.936682575372901027e+01 -3.692376819815404332e+00 -7.982042186421181462e+00 3.115234846734659335e+00 -4.928651119005550418e-01 1.194290451704380551e+01 -3.105321735726737753e+00 -3.034995085808716464e+00 -5.787364370361076649e-01 -4.480874203020355218e+00 1.213087376602938328e+01 6.657356906063047752e+00 -1.600753857880722109e+01 -2.533679705974417473e+01 -1.328895539441283802e+01 -4.912254253265713189e+00
1.931358427957820822e+01 -3.484888938130058023e+01 -3.624065952380665578e+01 -2.635729486821764667e+01 -1.990646369563624418e+01 -1.646669410531306710e+01 3.416564169644158966e+01 -6.508234295340914466e-01 1.892625517069971863e+01 5.879480467434928137e+00 -4.269209237774326482e+00 -6.409988388949056093e-01 -5.061908963633234837e-01 -2.632435733125785049e+00 -7.673011215217729664e+00 -1.341227213184033928e+01 -1.663821170135341276e+01 -1.760892291864002956e+01 -2.958585472166037533e+01 -3.501209519737994214e+01
-4.079086405672597948e+00 5.728138850679346206e+01 9.121396348044656932e+00 -6.942173832914249942e+00 -8.134319932229290728e+00 -7.279117609746599271e+00 -1.641837227913951480e+01 6.154597311059288955e+01 -1.144785561456705025e+01 -2.359885737270700190e+01 -2.534888502674905553e+01 2.149595149926703286e+01 -2.699463602270898832e+01 -1.162974492179001906e+01 4.076814867407124439e+02 2.049467160618875994e+01 -8.241565360397977713e+00 -9.598158188246996403e+00 -1.113064535296554958e+01 -8.215675729557219142e+00
-8.152854908488171154e-03 -2.060241703073776076e+00 -1.441109183610734590e+01 -2.788364863314428277e+01 -1.828407102396496384e+02 -5.404284845803601911e+02 -5.296946740150766573e+02 -2.438713281987446635e+02 -1.219733567063271380e+02 -1.049603046850160410e+02 3.132175500074055776e+02 -3.306600114805343793e+01 -2.513750332015520144e+02 -7.702301444965179655e+01 -2.891186253665802397e+01 -2.362806885542321211e+00 -3.614415878955074657e+00 -4.739760434264330691e+00 -8.796336591476148214e+00 -4.180755166126353117e-01
-1.614678098792898531e-01 -1.286507469510368429e+00 -4.504388413843667394e+00 5.812161062193305305e+00 -1.058265627897741190e+01 -1.748137427630775775e+01 -1.778587376889836946e+01 -1.342192167017146076e+01 4.352615012527305538e+00 -3.848376053851159551e+00 1.015319149725056391e+01 -5.531586638405504353e+00 -2.799327034131382508e+00 2.503993207367026130e+00 -5.031269998425923262e+00 -5.040569093446808147e+00 -1.176622720110182208e+00 2.434865874487316262e+01 -7.394926297470278520e+00 -1.240045781310951556e+00
-2.121472474192137359e+00 -7.492743025103902887e+00 -1.792856307822695427e+01 -9.076434004383703069e+00 -5.591916737666849713e+00 9.274109699651138072e+00 -8.586614415680323020e+00 -7.658125876668101739e+00 -8.513244819641066385e+00 7.295652100377736815e+00 -5.374073091295762161e+00 -5.913214557522995740e+00 2.117820159199252927e+01 -1.122072553194682776e+01 -8.604342048214210337e+00 -7.853228180531954372e+00 7.618276098674055419e+00 4.293797329326781664e+01 -8.925676944854918915e+00 -1.540510334890278665e+00
5.976649037266767994e-01 -5.046694827565293906e+01 -1.258610431237813003e+02 -7.230018414572772656e+01 -5.004627329862725560e+01 -3.163186956181491638e+01 -2.956269311257686638e+01 8.352233245770860348e-01 -1.025974758676185061e+01 -3.787549655120413661e+01 -5.736093244081105524e+01 9.419254770504507235e+01 -4.535629127554073392e+01 -2.651807471776528402e+01 2.089978306265921333e+02 -2.476772974375037606e+01 -7.753518229753120750e+01 -1.451084243211263924e+02 -9.551477903194023611e+01 -9.518785084494399484e+01
-7.761187897110122247e-01 -1.206979093552206450e+01 -2.669225786422459379e+01 -1.941688683627986478e+01 -2.294945982388965788e+01 -3.601971098391792481e+01 -2.512835423515658917e+01 -1.987789104322944311e+01 -2.400704477917121693e+01 -2.409911533058282984e+01 7.643549184151233078e+01 -2.547307487276859916e+01 -3.320199886501039543e+01 -2.704654227921525944e+01 -1.160080431246336907e+01 -2.370171165825705639e+00 7.438930204957342696e+00 -1.531241562154511904e+01 -2.183672940081507008e+01 -4.501934799515576202e+01
-2.057631811030176394e-01 -1.036161875154223866e+00 -3.972398725109400175e+00 -8.317733956226803116e+00 -1.777827167491936322e+01 -1.981917324213476306e+01 -1.918350287072100357e+01 8.247138557235673773e+01 -4.801387253802721133e+00 -7.687871383094668776e-01 6.836888054228063893e+00 -3.600482160288931865e+00 -6.256572809349330910e+00 -1.227128730956647651e+01 -1.219562632927445200e+01 -1.001548309027071149e+01 -1.056902746950223992e+01 -2.013241084324108598e+01 -2.205019099392790594e+01 -4.433131452488727753e+00
7.798295686370111668e-02 -3.324066336382411890e-01 -2.543087211723761065e+00 -3.076064151947353054e+00 -1.032234414868266370e+01 -2.014570621476985224e+01 1.353136328657497778e+01 -1.778834434714892865e+01 -4.255050423755969646e+00 5.238808890501669424e+00 -6.534669514557344350e+00 -8.711045239121866235e-01 1.630084719267912874e+01 -1.329355440868782345e+01 -1.463288608614359987e+01 -1.298792265177265115e+01 -1.112308591983606654e+01 -7.611399617691482433e+00 -5.023817227175559452e+00 -1.162341381511423494e-01
1.038001776196118692e-01 -9.001698783166017792e-01 -4.322179708748991267e+00 -7.870006972152286728e+00 -1.009730134165086035e+01 -2.246497293562079278e+01 -2.046291190104492586e+01 -1.124200561819209732e+01 -1.566982355097090895e+01 -7.585884407177814204e+00 -5.351040557832019040e+00 1.528825871964433869e+00 2.652820008340595948e+01 -7.502163339149999111e+00 -1.337984900785739129e+01 -1.648342103443204110e+01 -9.742138864371318263e+00 -9.822074975101495298e+00 -6.382139910593178200e+00 7.695831352565630536e-03
1.988110499566762279e-01 -8.612493363979652206e-02 -1.373186879465587262e+00 -2.695661464273031438e+00 -2.438570813163054130e+00 -4.671556128420525589e+00 -4.809407498648908152e+00 -7.618009203860036216e+00 -4.916312476083022354e+00 -4.745074309281513969e+00 2.269098782980504492e+00 -1.033598252131814554e+00 -4.420620148800768590e+00 2.145190027316021286e+01 8.205548369626079364e+00 -4.953002136550703760e-01 1.240930701891500787e+00 -4.588403060809235434e+00 -3.860850970677849325e+00 5.112836053270868736e-02
2.212116339497841727e-02 -4.738966609405736996e-01 -1.099237814969536986e+00 -8.821454385750815419e-01 4.136729601171841297e-01 -1.799616582294221390e+00 -1.505996534648730956e+00 -9.390129938335070037e-01 -1.151397959606055510e+00 -3.731748275011019800e+00 8.736067068627383359e-01 -3.644068539213606961e+00 7.130346414464346694e+00 1.678112895337067201e+00 -6.925594734420305265e+00 -6.029203323656311397e-01 5.792854440477422173e+01 1.886122941996579883e+01 -7.867275724103964807e-01 6.322023854924058162e-02
-1.876932831386031841e+00 -1.837610176650402938e+00 -4.784205122438542013e+00 -9.009987036172663721e+00 -1.120538772260036886e+01 -9.645713107428031563e+00 -1.981396059876902527e+01 -4.587424813210593300e+01 -9.690404265662994021e+01 -8.171034179182983337e+01 1.545114501498735819e+02 -5.754310015662059641e+01 -3.366263908604957322e+01 -7.075936648541147900e-01 -1.039878991435312550e+01 -3.569498239472939538e+00 -5.343083248349517866e+00 -1.838071687090785389e+00 -5.608872257580818088e-01 -6.046089186100014334e-01
-3.159197640148111219e+00 1.405145171786078118e+00 6.890380027300286869e+00 1.818226237983471716e+00 -1.720169010158541845e+00 -1.992984234592271475e+00 -1.570204546840391790e+00 -4.005429083789781686e+00 -3.590805863211943727e+00 -1.304887693022274808e+00 -6.109152735332407103e-01 1.249314623581926353e+00 2.264605560804696882e+00 -1.734207382903772077e+00 -7.132445308096886372e-01 -3.896239424675913998e+00 -4.818615749948820692e+00 -4.693928562009558547e+00 -1.399788677000510084e+01 -2.182552667210559605e+01
-1.104047059365279537e+01 -2.892600368062552008e+01 -3.766400870293521308e+01 -2.595373460563900991e+01 1.359165514953095339e+02 -1.189886644571140906e+01 -6.640736256040781882e+00 -4.787996772145168833e+00 -1.519193023176414137e+01 -8.792764300757056617e+00 -1.523161752074231146e+01 2.729559341631264147e+01 -6.698320620366669864e+00 -5.353831044468964961e+00 -3.639788361823558915e+00 -2.364219402646307699e+00 3.639759752157144534e-01 -6.834847508056879128e+00 2.044757200756219504e+02 -2.412616884649244753e+01
5.490874142807253833e+00 2.897324432178175702e+00 -1.473198406027685081e+01 -1.393020538195952973e+01 -2.132928088391826127e-01 -1.734386756039291710e-01 -2.180717987384478196e+00 8.492423617822950632e+00 -8.621260029314856480e-03 3.592447170836011061e+00 2.765669412421347673e-01 -1.349915139366155703e+00 -2.231684184560472684e+00 -1.585039940369798117e+00 5.008571563004673988e-02 1.832222493465940616e+01 1.133594851471859855e+01 -1.850657619060992332e+01 -2.193565651783416115e+01 -1.472544443893825772e+01
-3.647640642360549190e+00 -4.800044326781852888e+00 -4.463983182248029147e-01 1.854094014306970806e+01 8.096473224155554149e+00 -2.706325281254575277e+00 1.497559936917896373e+01 -7.730045275002822791e+00 -1.996640915326192367e+00 -2.596400829672636856e+00 2.657359628942052021e-01 1.972147263155259678e+00 1.043449391707018226e+00 -2.385180648604207754e+00 -5.737873528967797121e+00 -3.067829135346903602e+00 -1.417718147053928623e+00 5.628862481910785931e+01 6.781900422024929931e+00 -9.111637741368149301e-01
3.830178395808720437e-01 -9.371435795855606044e-01 -1.715473630009826556e+00 1.330689839848465894e+00 1.715221693723715024e+00 1.542285063453852745e+00 1.897229381656865055e+00 -3.227203870016805531e+00 -2.572536638923502483e+00 -9.004414297206999152e+00 2.365570243043989773e+00 -8.399309243393668467e+00 -1.116303174196122683e+01 -1.323991739543504309e+01 -1.161823185189721563e+01 8.892043164697766997e+02 -5.469232068451718831e+00 -3.346119679068732533e-01 -2.679657983337546331e-02 1.564491590378292163e-01
-1.385055995671062856e-01 -6.619218690911572445e-01 -1.982083839009726400e+00 -2.078599657428991332e+00 3.044078825755780482e+00 -1.941375812443238424e-01 -1.585374198641645582e-01 -1.807085769805176767e+00 -1.875800541303738855e+00 -1.454819195980950663e+00 -2.415352604291562510e+00 -2.899382392393516916e-01 6.128424530470799603e+00 -4.172733907904013217e-01 6.876574729468803326e+00 -2.608279915917040448e+00 -2.410699434084211390e+00 -1.131379007422080196e+00 -3.593554616868353813e-02 3.498620489383063026e-01
-3.073519056416622597e-01 3.039284203959043307e+00 5.221439202019981352e+00 1.629547236598397397e+00 -9.833409022674821642e+00 -1.058691020615626996e+02 -1.818900421124943477e+03 -3.257356574668204757e+03 -2.739355613837427882e+03 -2.430896725521599365e+03 -1.852665686402513757e+03 -1.473682143495104810e+03 -1.660780446637070099e+03 2.936836440002752715e+04 -1.223867600622437067e+03 -6.856979355537800913e+00 2.472480796741313380e+00 -2.515341610027167274e+00 -8.332855959492585507e-01 -5.085983455614777604e-01
-4.245875462444163873e+01 -2.992801441458370704e+01 -3.591570412445499016e+01 -3.000230857037776389e+01 -2.227996930308405865e+01 -2.176913744102272474e+01 -2.131149724714991223e+01 -2.246553261467107632e+01 -1.450632871888566378e+01 -9.794113122597821075e+00 -4.872666103943250171e+00 1.120745960638872551e+00 3.401993020182679572e+01 -1.352571183108851827e+01 -2.412289615966141909e+01 -3.593067638034019495e+01 -4.768753090378664439e+01 -5.348036445353363177e+01 -4.216780945612379838e+01 -1.864333321044118819e+01
3.367264399206258645e+02 -1.642460919638548011e+00 -9.844515997616108294e+00 -1.887234902020508898e+01 -1.181464763586929756e+01 -8.588284635329470618e+00 -3.095281766358841224e+01 -3.094059182391783480e+01 6.630698179291577787e+01 -1.434662111683262964e+01 -5.886091167203877816e+00 -2.195656026688515838e-01 3.484209939806970802e+00 5.983289001670447860e+00 -6.356002701388705489e+00 -1.242497768050894713e+01 -2.714795677324056200e+01 -1.158788285592044787e+01 -2.329065419116766122e+01 -1.520232014764093442e+01
2.088600373770407304e-01 2.207150263525162082e+00 -2.059168721556867254e+00 -1.259774886493260748e+00 1.108293175708037026e+01 2.606355601017811829e-01 2.269223192751469043e+01 -1.992880842699130639e+01 -8.426587221354656876e+00 -1.931884655017038455e+01 -8.053231326222906716e+00 -3.478913889865026476e+00 9.975412043095861492e+00 -8.591625661251841350e+00 2.588083274786206402e+02 -1.384436933951947957e+01 -8.988954246545882043e+00 -9.000707245841239157e+00 -4.855725623179512063e-01 -2.602664173827448635e-02
6.282816612837707759e-02 -1.101140001664262930e-01 -8.571268303670854793e-01 -1.668295081437555227e+00 -1.994118090580175862e-01 1.347884576324264039e+01 -5.055950589596576172e-01 -6.866983048294736491e+00 -4.883959573340582949e+00 -1.036037088346946078e+01 -3.318248703109361042e-01 1.250967533440504731e+01 -1.585371420544917598e+01 -9.049285810265768504e+00 7.092482646502961074e+01 -1.162656448640726836e+01 -1.518247071284880079e+01 -1.062229487323515187e+01 -7.460021384869843786e-01 7.458299607408801039e-03
4.701272924651446472e-02 -4.943022549961507139e-01 -5.136859826359458481e+00 -6.769804539916501440e+00 -1.232921809493604037e+01 -2.548998729700800681e+01 -1.598894747645588232e+01 5.873200517486398375e+00 -1.727143321452883740e+01 -1.531438828777273997e+01 3.044939505873408336e+00 1.730507195612597471e+01 -1.749550802674752159e+00 -1.766506040140036049e+01 -2.575752520053584149e+01 -1.984115757989305706e+01 -4.376396360721576784e+00 4.603187945162617467e+01 8.072507717778242977e+02 2.057405062709034560e-01
-3.128666150306081750e+00 -1.824926560827377386e+01 -5.429521373502892878e+00 -1.426505363968279561e+01 -1.103057256848368972e+01 -2.799496385724572267e+00 -9.957222639256285701e-01 8.264950508082419489e+00 -5.915230966934939438e+00 3.499469560756350717e+01 -7.075649316977727921e+00 -4.424422301775580380e+00 -6.544720585580678929e+00 -7.337638230549282881e+00 -6.351261551964501706e+00 -7.513956777076348459e+00 -2.050647470167574227e+01 7.692163518108558584e+00 -1.107616005333985214e+02 -1.670574568723703237e+02
-1.853604053785462114e+01 -3.636862095364365643e+01 -2.995024641515766817e+01 -2.998586002069669831e+01 -1.381502798160737200e+01 -1.028153082292426923e+01 -1.325405252035277037e+00 -2.834034384948015184e+00 -2.924879657615988560e+00 -1.597146818705623028e+00 -1.015254623641842935e+00 2.530225000168024874e+00 -3.602786370731015264e+00 -5.122169351307680252e+00 -1.158164899387972069e+00 -4.250027002239483487e+00 6.483547860612382010e+02 5.250660122710765876e+01 3.666306808837882727e+02 3.909243301989658335e+02
-3.956078181838436336e+01 2.158085072403187326e+02 -4.078461809416391759e+01 -9.094441725174556623e+00 -1.231886768971665980e+01 -9.507562116195492408e+00 -6.923300880090679676e+00 -5.128527220641126760e+00 1.693382958744742428e+00 1.415960419730493580e+00 -2.640987682944116455e-01 1.021574126605339528e+00 -1.732851221600665070e+00 -1.440022705638826617e+00 -3.486757046246037994e+00 1.242915599994098320e-02 9.620522199265506913e+01 -3.136478155837507487e+01 -2.198743971694940313e+01 -2.209226977218426313e+01
1.616508821074649438e+00 1.596618872819882962e-01 -2.502104856545784184e+00 -3.151936162099573480e+01 -6.779839585872881003e+01 -3.737370439528267951e+01 -3.354779795177925905e+01 -4.207257551675323271e+01 -2.910290376494550202e+01 -1.456208971809057218e+01 6.846396505730025694e+01 -1.588730772039924766e+01 -2.562744399095701198e+01 -5.360752395070027632e+01 -6.700576568337575623e+01 -6.410423202719620406e+01 -3.471008168155322693e+01 -1.273548886077389697e-01 1.202491499027200428e+00 1.851885886434563311e+00
7.682080283805667320e-02 2.385190270291833170e-01 -3.167038709429588206e+00 -3.893092602798819968e+01 1.261794690110898728e+03 -9.786347831578817136e+01 -3.367591860014363903e+01 -7.938555208868359614e+01 -9.072826921023408886e+01 4.818621768000529215e+00 1.279975159256019737e+02 -5.289149105452116828e+01 -8.036025633511181354e+01 -5.761735538889190167e+01 9.105777496651359826e+00 -2.941747462178874883e+01 -1.935484807204379365e+01 -1.499326610599613918e+00 1.608107378522755648e-01 1.291180255932611598e-01
-1.308377885649061101e+00 -1.310572793798648128e+01 -5.945043609465074752e+01 -1.114335380712332579e+02 -1.389077376908765871e+02 -3.498731931588545763e+02 -2.834969012372565089e+02 -2.110235298638631605e+02 -6.085512122059105167e+01 -4.750178077581399805e+01 -2.183922293518487834e+02 -2.259177258636696592e+02 2.478929743045402461e+02 1.906803430875926779e+03 -6.310496190001991863e+02 -5.801441051908360578e+02 -1.673227465346104736e+02 -2.271181779319104876e+01 -7.938314156108500441e+00 5.220391715194011573e-01
-2.874610131671539079e+02 -1.628963750231079928e+02 -8.587358469864513211e+01 1.987915440225188490e+02 1.369900622699059625e+02 -9.034179005190036094e+01 -6.741588256223334952e+01 -1.920095545784300839e+01 -3.484611109894453307e+01 -3.132429889122027333e+01 -3.131707225609390832e+01 -1.179812468417998339e+01 9.750244687195869631e+01 5.549293771958899413e+01 -5.155091271207118098e+01 1.122301281674841960e+02 -5.744560780809695189e+01 -5.636354562998769069e+01 -1.379186414920463051e+02 -2.381968618260098367e+02
