-3.998790878734439502e-01
-3.536216810809274524e-01
-2.841735818040060368e-01
-2.275478896956174557e-01
-1.885729163448098544e-01
-1.686451447533593995e-01
-1.651803477933487252e-01
-1.538569341139185698e-01
-1.166705755595061345e-01
-6.982303834002595577e-02
-1.991420097149845109e-02
2.971130328473740173e-02
7.164959345108377897e-02
1.122473545999725097e-01
1.527190145265799881e-01
1.824122829663454015e-01
1.957828965555575840e-01
2.317529806438288764e-01
3.198861599518708632e-01
3.636370532086596885e-01
