1.014421034800698995e-04 9.137971126345798239e-05 7.791167577806173072e-05 6.238223375265084837e-05 5.048677553523252059e-05 3.854932242781695533e-05 2.716374246382861172e-05 1.804948170347982802e-05 1.174934449139294370e-05 6.676943659103102177e-06 2.103462579822849047e-06 -2.288561306038089827e-06 -7.042316787583517944e-06 -1.215733486246066743e-05 -1.735683975606068334e-05 -2.271967342145139187e-05 -2.893871578688347643e-05 -3.388431903719946658e-05 -3.706622227277116635e-05 -4.112725871652911759e-05
5.702240581244113652e-05 5.171681481826429064e-05 4.365810443232691622e-05 3.412339957718089125e-05 2.730058173647947295e-05 2.044309838199166122e-05 1.410643853149423130e-05 9.240886435364955087e-06 5.975282389956188129e-06 3.381145388544233085e-06 1.049394566197217694e-06 -1.180505552346503800e-06 -3.591719659699168217e-06 -6.192454368033364696e-06 -8.837107745082831449e-06 -1.154272206054521776e-05 -1.467289410292542303e-05 -1.717345420356522083e-05 -1.879934275987101027e-05 -2.087626039554283709e-05
2.768551065325746571e-05 2.607229149388801809e-05 2.153353271070940537e-05 1.598533841809615211e-05 1.251844960314366009e-05 8.953406714483489912e-06 5.850184078644218070e-06 3.696346872042649238e-06 2.350775453415546112e-06 1.315733623157068764e-06 3.917839895208167854e-07 -4.825636381245919452e-07 -1.425052979743913805e-06 -2.449309140026737135e-06 -3.492518004679469609e-06 -4.535213671496910548e-06 -5.738307750437859416e-06 -6.720856738806885150e-06 -7.362173404668490347e-06 -8.203978265259087016e-06
1.720259099613344263e-05 1.737973887013378842e-05 1.424901293767580957e-05 1.021876438262274886e-05 7.953354774324016788e-06 5.488750696397049819e-06 3.405361251226475202e-06 2.084863719863520801e-06 1.308865399607639869e-06 7.256351764654819820e-07 2.074952649430366650e-07 -2.787646098503449846e-07 -8.004618437045122134e-07 -1.373009520673841222e-06 -1.958153413485052611e-06 -2.528498618416632934e-06 -3.188844379951494994e-06 -3.752121619243334997e-06 -4.097480931813698512e-06 -4.589801093569076676e-06
1.192558761778880206e-05 1.274957953040928711e-05 1.059947099499914602e-05 7.455012536527439301e-06 5.812866247670759385e-06 3.894698956569812807e-06 2.298189913647449131e-06 1.356194498457700375e-06 8.360212449594776337e-07 4.566367195704999315e-07 1.232126235466033726e-07 -1.856850943203974468e-07 -5.150499395778145762e-07 -8.812204130745660721e-07 -1.257774361290742692e-06 -1.612956944019699171e-06 -2.022583643693956283e-06 -2.391235598474981597e-06 -2.593968016114994129e-06 -2.920021670435873454e-06
8.834284071699506684e-06 9.963460685876007389e-06 8.442460768021505367e-06 5.907709769243454595e-06 4.664568426058273127e-06 3.049437749511357610e-06 1.719713662816330155e-06 9.771131623975183074e-07 5.832645464524033903e-07 3.101402599720585933e-07 7.603160076726909244e-08 -1.356998974485783532e-07 -3.602483379499171846e-07 -6.145374856078958840e-07 -8.784202319377304207e-07 -1.116298163064373886e-06 -1.387059687981027429e-06 -1.648443253505708796e-06 -1.762644554394100623e-06 -1.995062126087045137e-06
6.845122133790139056e-06 8.198997700902264894e-06 7.083247289004885813e-06 4.999323264151460757e-06 4.033810854852834291e-06 2.599845288868083023e-06 1.413300831445559057e-06 7.806298028766085775e-07 4.420226632187154035e-07 2.234698304591327473e-07 4.650860326261324688e-08 -1.075182888563766698e-07 -2.703556989394268300e-07 -4.599101024981112702e-07 -6.589821358747932388e-07 -8.281803823755856893e-07 -1.015064180620704163e-06 -1.211803216587644358e-06 -1.258918727399808221e-06 -1.428849993386942399e-06
5.530663577705827214e-06 7.056476444798895012e-06 6.247199935853624940e-06 4.490412100715698458e-06 3.717986055816359071e-06 2.399576913452959626e-06 1.276892256543433547e-06 6.976304033433638238e-07 3.682809604602148126e-07 1.719133031846055894e-07 2.661667400645317148e-08 -9.239928249514239654e-08 -2.185943528629094266e-07 -3.714740007638880161e-07 -5.350241243279006551e-07 -6.644429937227687046e-07 -7.987955281405480279e-07 -9.544754867528745858e-07 -9.414836894212028281e-07 -1.070554870952808673e-06
4.646904529657884718e-06 6.370496543010175501e-06 5.827442152406675671e-06 4.288720530825847649e-06 3.648665415148928203e-06 2.390978598289643058e-06 1.284218236138721552e-06 7.045913491982239818e-07 3.404596212549384091e-07 1.439492267383794651e-07 1.218948367504799375e-08 -8.617230061459654704e-08 -1.927795719360886036e-07 -3.294488723508006669e-07 -4.784286215105418070e-07 -5.884980587194263802e-07 -6.892156534559570224e-07 -8.131007582410812388e-07 -7.425812639614273922e-07 -8.455096152897061643e-07
4.068522579650871072e-06 6.115205839934849112e-06 5.791290537052132987e-06 4.353156346376063919e-06 3.811421105775175599e-06 2.551115802363913262e-06 1.433600861551978522e-06 7.885140971288103619e-07 3.472530866803366650e-07 1.338358073556711954e-07 1.511788937732766433e-09 -8.665706067799640427e-08 -1.873544051528810144e-07 -3.245622101454314929e-07 -4.755433748929391605e-07 -5.833920062699173279e-07 -6.576060227721512042e-07 -7.409918983607092149e-07 -6.317493371894712708e-07 -7.168895764455517773e-07
3.737207836918681800e-06 6.176646515660777748e-06 6.080714077795835945e-06 4.676083243909734024e-06 4.210794806726383683e-06 2.850953785533784772e-06 1.711235011212834257e-06 9.326248901483915428e-07 3.842689167418836778e-07 1.390532581859038306e-07 -6.271984166229739981e-09 -9.259594115616251646e-08 -1.986121293968661669e-07 -3.503629985413190016e-07 -5.191309991794314771e-07 -6.351903123847455313e-07 -6.703699311784688374e-07 -6.944587617721100159e-07 -6.009880785578915800e-07 -6.697804295815226090e-07
3.576041125485010791e-06 6.497123024418752441e-06 6.659454551475954937e-06 5.312205934848063225e-06 4.865350309832830842e-06 3.274114526287807913e-06 2.095943180703467699e-06 1.130835478114515666e-06 4.598377332285798898e-07 1.609612051384461426e-07 -1.250266560304983193e-08 -1.050589888386926083e-07 -2.251041095137500467e-07 -4.057890853340776283e-07 -6.070262661144301915e-07 -7.425664703904635716e-07 -7.181512479102035318e-07 -6.899762620911830252e-07 -6.507920933773674601e-07 -7.060772613250267621e-07
3.537055742178134154e-06 7.416816173705127808e-06 7.727074434830053646e-06 6.324720586768496595e-06 5.762281365836328920e-06 3.875682987846425859e-06 2.586858132451603998e-06 1.412914692983987154e-06 5.994464552235438426e-07 2.021203653109404082e-07 -1.815364551368025654e-08 -1.291983436466932341e-07 -2.707160943758061754e-07 -4.920908981605438021e-07 -7.466724147877005892e-07 -9.325965538585837927e-07 -8.555698870405144771e-07 -7.099271514399138603e-07 -7.982220949609876076e-07 -8.516133003380046795e-07
3.610823178250913840e-06 9.236084819391859101e-06 9.504985886174475545e-06 7.742426137381967842e-06 6.919993990872085041e-06 4.747610165197356562e-06 3.298452078370661478e-06 1.895417052707012804e-06 8.363780847166356797e-07 2.655576594073629550e-07 -2.216107302963256671e-08 -1.740654704555803250e-07 -3.529520482564723765e-07 -6.165010063953256203e-07 -9.373159080058148920e-07 -1.271775613977027720e-06 -1.156719910815337069e-06 -7.472123757101490527e-07 -1.076967274997051905e-06 -1.130567836689263138e-06
3.991378376108721691e-06 1.192768779870636042e-05 1.196039561808957359e-05 9.553189123635383876e-06 8.228722433698390569e-06 5.895802944765484042e-06 4.529598717951542532e-06 2.760272055195195801e-06 1.230577537153271946e-06 3.868407969417435829e-07 -1.820306409151058237e-08 -2.554471085647324490e-07 -5.081888813435102582e-07 -8.326735459722267985e-07 -1.262748794513134221e-06 -1.877654771238832775e-06 -1.695024768215773522e-06 -9.825412324568935732e-07 -1.584827312711006683e-06 -1.603035093449434915e-06
5.016109179716113498e-06 1.544079901918286719e-05 1.468598152308980039e-05 1.156104804194987887e-05 9.536282387076334849e-06 7.224668954759245901e-06 6.050606873030144189e-06 3.944260982243889371e-06 1.789060308499975768e-06 6.100259254405095478e-07 1.501955387227139037e-08 -3.779064876800446259e-07 -7.583874392909015852e-07 -1.181022901498116318e-06 -1.761306315612610557e-06 -2.717592082104650397e-06 -2.421626325602895522e-06 -1.582847407447536243e-06 -2.235296426122971784e-06 -2.358004084341406486e-06
7.271318794077487782e-06 1.902021922826761360e-05 1.722454619716586152e-05 1.346886086720757595e-05 1.074770809220375012e-05 8.683952484539236632e-06 7.558463009308772834e-06 5.251423629122609162e-06 2.485394141552875540e-06 9.670693801123050454e-07 6.965342952294441988e-08 -5.448294157634630201e-07 -1.080035427263252450e-06 -1.634370192425711399e-06 -2.363722938288443421e-06 -3.605367265438467428e-06 -3.071667431735748357e-06 -2.311267625017823674e-06 -2.538468664838575499e-06 -3.531560884564690373e-06
1.118477482736792941e-05 2.231610896150754584e-05 1.946185172910380609e-05 1.510344865849426342e-05 1.170197570292139661e-05 1.020910622603410127e-05 9.015311611214253364e-06 6.471606978231465003e-06 3.288671603489543080e-06 1.424634469454245854e-06 1.503450181400483213e-07 -7.432232147548652469e-07 -1.438328224893856881e-06 -2.147863302858709168e-06 -3.023728799938024531e-06 -4.425297975979724649e-06 -3.556454222826410999e-06 -2.840996025059969373e-06 -2.611244014657762460e-06 -5.210982361644134279e-06
1.541533324683229725e-05 2.498075635305379435e-05 2.101081982157542027e-05 1.634561073538863345e-05 1.222734020210875961e-05 1.129965465649948288e-05 1.007185451160672623e-05 7.509203557950289777e-06 4.139368518609390295e-06 1.959174329963045723e-06 3.012927684685971045e-07 -9.576626779577263728e-07 -1.837849892262238583e-06 -2.704172140902856264e-06 -3.661852699274418009e-06 -5.053016129498002122e-06 -4.140069252736350544e-06 -3.091192152149827905e-06 -3.401171823199813064e-06 -7.083306534717440927e-06
1.850515639036840837e-05 2.604597079854903099e-05 2.104427013518817517e-05 1.659399898241178907e-05 1.210242497196601101e-05 1.160645703066160891e-05 1.056048843587557417e-05 8.467824799376201547e-06 5.074796538949208872e-06 2.574503008855678597e-06 5.065569412202488144e-07 -1.167392383218547883e-06 -2.292197004960665788e-06 -3.345031557222724104e-06 -4.295961333493465573e-06 -5.371180756821212412e-06 -5.042751817976813054e-06 -4.090160467072783939e-06 -5.631577637037385160e-06 -9.677291592880835140e-06
2.013775022083061911e-05 2.509593792160490387e-05 1.903436737007252829e-05 1.505003030646300551e-05 1.065616023827966541e-05 1.093413320917374057e-05 1.053230862036454125e-05 9.369158975850441364e-06 6.169706420881626176e-06 3.301883809493853796e-06 7.657532055044309011e-07 -1.417085774204863192e-06 -2.829645506070896327e-06 -4.072584973855582259e-06 -5.005317177162058697e-06 -5.385824488288486779e-06 -6.407663988364287582e-06 -6.752935499884592389e-06 -9.571652270461544076e-06 -1.324925370057475559e-05
2.099771093391111893e-05 2.208282415371202139e-05 1.492864053399354515e-05 1.132616481845615619e-05 7.420362432570790326e-06 9.618500359505205636e-06 1.091784462827426376e-05 1.062816468900536709e-05 7.406928878184095953e-06 4.140005493194310716e-06 1.076862484476652842e-06 -1.783000596305171739e-06 -3.505963185151216287e-06 -4.927205531584481395e-06 -5.932656349678033692e-06 -5.556139022213414544e-06 -8.353179483451136659e-06 -1.022975263497227926e-05 -1.327257615789247923e-05 -1.662356765575331516e-05
2.332723516818798173e-05 1.714451315692376376e-05 8.491721025101139843e-06 5.268164046594667142e-06 2.259640293907024778e-06 6.785737011562427121e-06 1.102111541068778993e-05 1.261587102806457793e-05 8.970326809918816933e-06 4.969711941949014070e-06 1.381185075986661217e-06 -2.193543279151967686e-06 -4.348281370825411072e-06 -6.007480323880116742e-06 -7.051684451926797402e-06 -6.452064724498283188e-06 -1.113000373382859309e-05 -1.390995175288394084e-05 -1.488356772067898490e-05 -1.867489094458428745e-05
2.269131741930424036e-05 7.390054088272390638e-06 -2.367644090192059272e-06 -4.774616929821064497e-06 -5.951164305462756426e-06 1.060654538684530638e-06 9.261949028126858190e-06 1.411118012872514873e-05 1.044869579269270904e-05 5.590403505482941963e-06 1.714016094986347590e-06 -2.555288422819719999e-06 -5.268066200008208394e-06 -6.909373951131420048e-06 -7.890210721229228819e-06 -7.409256462157934565e-06 -1.473739383829180244e-05 -1.826503485522216525e-05 -1.513891574977520230e-05 -2.030286814280036725e-05
1.802879323176960374e-05 -4.282282344320866107e-07 -1.053254440637206419e-05 -1.281431911406755760e-05 -1.185549594470026409e-05 -3.869584886446902836e-06 6.658530191003975767e-06 1.289669109450951213e-05 9.789116925799494381e-06 5.071520729360441084e-06 1.719961661578310045e-06 -2.439941453755893102e-06 -5.176174837736839656e-06 -6.373800760824151275e-06 -7.270544094990645016e-06 -7.098989070337638851e-06 -1.531508736541444468e-05 -1.922714995580061570e-05 -1.327892398411119320e-05 -1.837641836498655288e-05
9.544876861365344479e-07 -1.167166580597241832e-05 -2.059068876131893528e-05 -2.288282680909992008e-05 -1.801375319199872166e-05 -1.082158299560675523e-05 -4.013030957796822647e-07 5.717958664464670537e-06 4.477802484962377492e-06 1.963179503707695158e-06 9.769056347702754787e-07 -1.211326281019577569e-06 -2.746091700927566955e-06 -2.687442892975546524e-06 -3.257684962797191026e-06 -3.750317789111865055e-06 -7.244126163455607119e-06 -1.061822831616276845e-05 -7.854309219682324854e-06 -9.341588858682825955e-06
-2.304135672289831283e-05 -2.623631775200942480e-05 -2.730810440210535903e-05 -2.500987764691058461e-05 -1.884824038586588248e-05 -1.138600493853135037e-05 -3.814728474921024488e-06 1.452146383282761037e-06 4.261835088263165217e-07 -9.226752408340220370e-07 -2.719013835286638419e-07 -2.632450274850422911e-07 -2.027247708150969166e-07 1.411430984408758939e-06 2.776605918464810913e-06 4.662058155256023910e-06 6.061778465563376276e-06 4.114553714924527972e-06 -9.951129253337906457e-06 -9.627568451715389584e-06
-2.700037053726124278e-05 -2.213979919749377333e-05 -1.214076707827088800e-05 -4.932773985043406615e-06 -2.239063971635147806e-06 2.202362498181667806e-06 3.498400974092585544e-06 3.208175956090718148e-06 3.044808636755243442e-08 -1.655103228193585463e-06 -1.339224642772037551e-06 -3.699235871901114711e-07 9.944856314602559324e-07 3.287067711539335650e-06 6.788435822952612867e-06 1.047213258977381671e-05 1.414891285873912097e-05 1.539947933582618133e-05 -6.052557309585937067e-06 -6.572707586234313846e-06
-1.647126846936329585e-05 -9.604275111405568400e-06 2.597283145198482955e-06 1.001174433191409698e-05 1.195128270160379649e-05 1.246031891945398220e-05 7.819149103840782852e-06 3.234547662435967863e-06 4.691367237224845892e-07 -6.780350473378579190e-07 -1.428728932350680851e-06 -7.236291432113389456e-07 1.298425614591076411e-06 3.147433260227846867e-06 5.157020820361968156e-06 5.506494849175272270e-06 1.212598858457954218e-05 1.488293135582320737e-05 1.562834431066889763e-05 1.697032880933725609e-05
8.366427493879960241e-06 5.820646240129713604e-06 6.200716625284760029e-06 9.238878905081589384e-06 1.304691378295975079e-05 1.094672041182712193e-05 4.889523912968289811e-06 6.933332627120666673e-07 3.527638217729999192e-07 1.087009931757777226e-07 -9.749373649545667318e-07 -5.229956824046134690e-07 1.039663617128984085e-06 2.043190297421848705e-06 1.023352250773482136e-06 -2.447150899860553629e-06 3.102641064031255558e-06 5.740658337196141389e-06 2.505562641825340620e-05 3.222426764826925855e-05
2.698933970203894775e-05 1.696254477899150143e-05 9.187756253611413751e-06 8.453240102608187241e-06 7.944129632681497100e-06 3.794518087687758476e-06 -1.859769681938109997e-07 -1.921444999854791141e-06 -4.072854412483946572e-07 5.179940233827070252e-08 -3.379281359632145475e-07 2.266921964287891732e-07 4.058339858802624516e-07 1.471527629645464647e-07 -1.856209440340739811e-06 -5.031596190946406191e-06 -3.305635548384361472e-06 -1.922507431347099463e-06 5.872730266744101508e-06 5.286172877315629113e-06
1.630422714317574366e-05 1.183846243239754254e-05 8.650235924495123022e-06 8.338782066646034205e-06 3.524268252694187444e-06 -1.434695957703209771e-06 -3.040990197357668233e-06 -3.245946583995729387e-06 -1.522826688786987299e-06 -4.606937335269510749e-07 1.412931110281835115e-07 8.600239763928327758e-07 1.578187396697836778e-07 -1.045917631998525975e-06 -2.543981574860758255e-06 -3.854100178492396861e-06 -4.345752270822212171e-06 -4.749417918330312137e-06 -9.186474447121563842e-06 -1.690271298068361916e-05
-6.515248039306836188e-06 -3.948719249901221708e-06 1.011076872799794668e-06 4.116231815671271466e-06 1.653915397493760500e-06 -1.792020539607820915e-06 -2.467070548751312246e-06 -2.973506793679868840e-06 -2.521863364899719698e-06 -9.489765136500613332e-07 5.843409702217007376e-07 1.136575461065731533e-06 2.262342870762714737e-08 -2.059228199921854361e-06 -3.025681379310407080e-06 -2.869653213763976952e-06 -4.816251943838823297e-06 -5.476431396178054537e-06 -1.005514453669398539e-05 -1.015893608031708240e-05
-5.999477141305293429e-06 -4.309793472891353783e-06 -1.495651281382632222e-06 6.670756626213614022e-07 5.735594735738019854e-07 -1.144685694056919991e-06 -1.597605232088305182e-06 -3.215391532945259487e-06 -3.117884228961023043e-06 -9.800863358654131683e-07 7.788316444066070237e-07 1.054078723401196520e-06 1.291792021439413510e-07 -1.986010886111994715e-06 -3.145352306100850692e-06 -2.131562689037313201e-06 -4.039566647697248796e-06 -5.819458328352084877e-06 -7.018968069884318651e-06 -3.562570129205195375e-06
-3.822999776212007796e-06 -1.903687955514149332e-06 -1.513378120562379928e-06 -1.996533330855993558e-06 -1.521801832904564335e-06 -1.844680581475634690e-06 -2.039418412573057378e-06 -3.329730416484393021e-06 -2.209825309859934330e-06 -3.141949499938732446e-07 6.199128474959502856e-07 5.681538611442655318e-07 2.202219679695566445e-07 -8.946850745281866091e-07 -1.905870610146608428e-06 -1.171653245488546004e-06 -1.840880033335282234e-06 -3.284102802400021718e-06 -2.783097180883785304e-06 -8.763806995126996836e-07
-6.380452245918046105e-06 -2.330828983911613264e-06 -2.165751003096895394e-06 -5.376080798393535833e-06 -4.873714519605422165e-06 -3.015141838244846820e-06 -2.650883296317486024e-06 -2.389023563413553191e-06 -2.163549924854814649e-07 5.711559623979008775e-07 2.086203602778753856e-07 5.414658169391971533e-08 1.536061594551777449e-07 -3.940813037967996393e-08 -7.800610543002516038e-07 -8.895143319135555432e-07 -1.511407027065520772e-07 1.985448658707735821e-07 4.929085498197028620e-07 -8.796594196441320151e-07
-8.434936652163125723e-06 -3.067735253464812882e-06 -3.960677350340724339e-06 -8.273880441822762259e-06 -7.686420903639137097e-06 -3.793315680234098607e-06 -2.383406742108995795e-06 -7.028563132505630407e-07 1.076109661832217660e-06 6.764522699059119786e-07 -2.599467783014446862e-07 -1.266019669456671481e-07 2.242940097320972362e-07 5.539470688241238417e-07 4.351321830268327700e-07 6.036056064725176858e-07 1.350333958873875587e-06 1.558376625130317708e-06 1.178140493476239009e-06 -3.152807297227963474e-06
-5.812392546775238746e-06 -2.517418496721360783e-06 -4.310053498989296486e-06 -6.487156893114087425e-06 -5.749265591486540349e-06 -2.569493304110072761e-06 -1.034290640387777108e-06 1.116005455580165876e-06 1.406904581360296713e-06 1.623735034600525176e-07 -4.913263601498996034e-07 -1.917894617278504641e-07 2.787800556192564173e-07 7.984615809366227006e-07 1.748567637838209297e-06 2.938220319954146829e-06 2.988591352836840636e-06 1.347567312048891409e-06 3.150374613891045696e-06 1.845314683349694527e-07
-2.878493602685116173e-06 -2.830833488157510433e-06 -3.330577065020525782e-06 -1.072334869899575514e-06 -2.024042275331585293e-07 -3.102604848597169304e-07 5.002994967110382852e-07 1.911642116822942414e-06 1.077053483292497372e-06 -1.938022782731590528e-07 -3.627604636480964988e-07 -1.880800991770950967e-07 1.313425112644053445e-07 4.789146440113308157e-07 1.793716702261125115e-06 2.660603534906719861e-06 2.925968690798669643e-06 1.953790604819758957e-06 5.997174254345958682e-06 5.614824079628163665e-06
-5.301091029920796088e-07 -1.884289437123270838e-06 -9.662928191171597586e-07 2.671288464658714044e-06 2.911138937143735207e-06 9.215350793552180580e-07 1.502680688794073338e-06 1.850486731059116066e-06 6.913614686446232505e-07 -7.288614699800527597e-08 -1.270424789698101815e-07 -1.658233965685362392e-07 -6.288788172821695452e-08 1.384735091053137160e-07 4.862803587536864348e-07 -7.431745533335186430e-07 9.748063723942024633e-08 2.471074996209759532e-06 6.184083827184347083e-06 6.908692703618242490e-06
4.997298533184767605e-06 1.803072535444367191e-06 1.903273694733431564e-06 3.054986283294510687e-06 2.681923760126862140e-06 1.549218833637138130e-06 1.910067894010413357e-06 1.373741343634672701e-06 5.315097435802810900e-07 1.644811940880057881e-07 2.856576324092024749e-08 -1.923582907629166207e-07 -1.623009400008108878e-07 1.820103515088714834e-07 -6.527895955771009880e-07 -3.365720521639158385e-06 -3.459036758750037062e-06 5.104068798918111291e-08 8.540504617314806919e-07 2.129257163583411970e-06
1.284915161173970843e-05 5.485743822871234148e-06 3.534392784624860513e-06 2.689577817204551623e-06 2.400045357212601451e-06 2.300926079882063386e-06 1.706393989022574050e-06 6.875349457543283751e-07 4.541635127072959826e-07 1.797261724349592727e-07 2.914024018661697408e-09 -2.114381003612268445e-07 -1.055939964098234692e-07 4.089073849907933511e-07 -3.046306956872357103e-07 -2.190338291662087650e-06 -3.979864851965953281e-06 -3.040059179354974739e-06 -5.877948377301240198e-06 -5.175907515187407855e-06
1.666672814290466066e-05 6.745313542433486712e-06 3.028402945714566816e-06 2.896050980780582528e-06 2.955372222421856647e-06 2.717166397367575431e-06 1.265091123087518679e-06 5.995449547531344264e-07 3.325476709554209392e-07 -3.399794857591645491e-09 -8.918644945353234629e-08 -1.151219451133067925e-07 -4.090682315999369440e-08 2.910596339188598117e-07 4.376708255457053198e-07 6.211457650590279957e-07 -1.383216862796237142e-06 -2.814113454861099385e-06 -6.419695015971697505e-06 -6.508223537933020284e-06
1.528715393598844533e-05 6.480059499872094694e-06 2.114526112254946012e-06 3.721194220518353928e-06 4.102197992432491424e-06 2.894554591620110617e-06 1.275253904010771044e-06 9.019318907932502237e-07 6.314118224771055805e-08 -1.897692710002618528e-07 -5.158704888569140463e-08 2.943214360654861476e-08 -7.170458802200882124e-08 -5.068845346954831285e-08 1.500212348113612323e-07 1.319999039645066698e-06 6.189843136989426595e-07 -8.007420713920889612e-07 -1.069048808128862376e-06 3.827339766731040590e-07
1.268593676295061587e-05 8.453258691032215411e-06 4.452778109076024657e-06 4.239287442064643209e-06 4.099936720591401499e-06 2.336137098221677907e-06 1.202070517118986939e-06 6.571425885754394936e-07 -4.159984858820999289e-07 -4.338947239866232453e-07 -3.003288548223544590e-08 1.281183575835149961e-07 7.501444144583813191e-08 6.546276899197063498e-08 8.731267278446123085e-08 1.080133546922112859e-06 1.389741180684414157e-06 -8.833033190148966866e-08 1.146021681861875397e-06 4.820611030946940956e-06
6.699562450813648982e-06 1.045062021653666738e-05 7.946948554018487171e-06 3.557183022542271807e-06 2.039605218101591863e-06 7.255781703559641090e-07 3.764448521327963690e-07 -1.020282562728389549e-07 -9.004490821978076553e-07 -7.234165254605398034e-07 -8.064624196994328471e-08 2.301341989676086347e-07 3.246429939278534745e-07 4.986748179014009297e-07 9.976562880600669536e-07 1.638217251682027801e-06 1.926242065333864278e-06 3.538892447667567877e-07 -3.022090251241428254e-06 -1.807693581632493030e-06
-8.024234713908812994e-07 8.035631379705357572e-06 7.513759987224152628e-06 2.344264320051226756e-06 3.972548899101988282e-09 -4.681266148624449198e-07 -2.236637081216588755e-07 -3.453190148012658988e-07 -8.220939396155858198e-07 -7.987074805420963223e-07 -1.050162580011221615e-07 2.885338788984783823e-07 4.206407747287563256e-07 5.556089204782348914e-07 1.481221612433812102e-06 2.114626682380437289e-06 1.947094715017423419e-06 2.016366726929167275e-06 -3.599510163735882457e-06 -6.113799836200825219e-06
-2.524098019791889637e-06 2.934748228076526537e-06 3.834801970228910925e-06 1.936048850743081397e-06 -2.123478667073840615e-07 -1.056930326112839605e-07 5.218085093839156483e-07 2.854508876405074615e-07 -2.202351268094706825e-07 -6.534323805599189533e-07 -1.411407576505378719e-07 2.250947046793877925e-07 4.658010276170345658e-07 3.773459388372841370e-07 1.188212541273783471e-06 2.007153496644629659e-06 1.376516072851971717e-06 2.988382325517014292e-06 3.023529643403594680e-06 6.217479333765417585e-07
2.266307476411665873e-06 2.354653416718969277e-06 4.220394780353026798e-06 4.927335578908027282e-06 2.369997840795116147e-06 2.186644448960393312e-06 2.078140694790738795e-06 7.220706466168304297e-07 -3.857603829637152734e-08 -4.636545020907646874e-07 -1.668839175193448751e-07 1.656389256680773163e-07 4.634602166116664579e-07 3.515469729074843873e-07 6.830071854632414508e-07 1.089272190472631906e-06 5.047103384369949181e-07 2.526486707865645682e-06 8.419483162084892328e-06 8.261137948185299043e-06
5.099374655357583329e-06 5.317888641792016598e-06 7.848919457621947597e-06 7.664060285699570289e-06 5.268309434673481980e-06 3.935704793382955653e-06 2.266826728653934018e-06 2.333468207983876471e-07 -3.717522908079821598e-07 -2.182440590401509310e-07 -2.935695696364243319e-08 1.520167731581032005e-07 3.253946988847986783e-07 3.230187955386694511e-07 7.021106477255308847e-08 -1.935526197400539107e-07 -4.117857301924812282e-08 1.943588999354328199e-06 7.614404418587360633e-06 7.733967927601061566e-06
4.119469377287927984e-06 5.808674652724357934e-06 7.585071912124016832e-06 5.098156692691730068e-06 4.345254702628774512e-06 2.541286282150178227e-06 6.343340382176906701e-07 -6.365788797242159327e-07 -5.651727711910464988e-07 1.155888987381120318e-07 2.327433910972487764e-07 8.856915965695581401e-08 1.568238367210231008e-07 3.731926495315915739e-07 -3.257219927922092765e-07 -1.156582966482063930e-06 1.844458744314381397e-07 3.059868360370521986e-06 7.618968158235784464e-06 7.279224009846629620e-06
6.661392101385991551e-06 5.701906310637817302e-06 4.219810034962838024e-06 1.160910548230859796e-06 1.065811944455248178e-06 7.275797874218671706e-07 -2.495012992433075187e-07 -8.239892018066982660e-07 -3.798131224659814714e-07 2.734532171527303371e-07 3.187053103459798257e-07 7.736617901595695612e-08 1.092223655073660228e-07 4.654092121062049450e-07 -1.100538379723334905e-07 -8.171254933418940707e-07 1.197754876848880320e-06 4.602616493724488661e-06 9.071160156023854522e-06 9.512400143156835735e-06
1.618852452492712893e-06 -1.380782022267205102e-07 2.650224636747336487e-07 1.613055390976033761e-06 1.965694603254373830e-06 2.294356443892227740e-06 9.346974032190810762e-07 6.922270993820423892e-08 1.706356335151165809e-08 1.070298693422274239e-07 7.487552726068874245e-08 1.483479816845245775e-07 2.807052707227102932e-07 4.674047948256155498e-07 5.992800065478139252e-07 1.849040260178448172e-06 2.808064962779280065e-06 3.123741933855149021e-06 3.410784306355798362e-06 4.699916235540046411e-06
-1.098419936357926479e-05 -9.663780727933739248e-06 -1.902756017232249053e-06 4.116610532879258513e-06 4.803658859992599165e-06 4.377240019574818371e-06 2.435545945678475008e-06 7.549064598623259097e-07 2.730803001857049431e-08 -9.579519325545435425e-08 -1.305324763559101948e-07 1.462658045899286937e-07 4.679335907206801241e-07 5.790322856965339278e-07 1.283794198474853676e-06 3.739471221359723083e-06 3.115947739685024505e-06 8.558648850822172010e-08 -2.739347226146998516e-06 -1.048168271529483653e-06
-1.536464163871163884e-05 -1.212430971665079341e-05 -2.903863766074849668e-06 1.067019224330490629e-06 1.352358162471056010e-06 1.842283877261813846e-06 1.891988513176943696e-06 5.509931174537331202e-07 -1.858735496234505730e-07 -2.289490355050001321e-07 -1.144722959578791254e-07 1.210853600214906661e-07 4.296759028289149960e-07 6.691015943174746599e-07 1.217341081800831347e-06 1.914480278765910779e-06 4.304199639559609445e-07 -1.836203415751313239e-06 -4.113210663324750837e-06 -4.100466521881087016e-06
-1.313558168133646182e-05 -1.120153449803778087e-05 -7.406283574348347016e-06 -6.253181621449082302e-06 -4.919421555215177091e-06 -2.745081987777902958e-06 -3.433534617579359029e-07 -8.140363297943831262e-09 -3.984165818338347203e-07 -5.340521400119674390e-07 -1.510086606784770799e-07 2.177766234908624097e-07 3.101364038413021056e-07 4.615886768605134311e-07 2.986233409977041762e-07 -4.045999258462941253e-07 -2.541884993896820539e-06 -4.763201728769365853e-06 -7.526108230505192714e-06 -8.830841099786226482e-06
-1.144016032730936348e-05 -1.101965827033535660e-05 -1.240980912997342185e-05 -1.108407549549393291e-05 -7.866191023383613078e-06 -4.880657412703564001e-06 -2.023327808655797302e-06 -4.608954335798270415e-07 -7.296346941341365976e-07 -8.419603479681318628e-07 -3.315196496796487985e-07 2.774857289297622780e-07 3.677924698822592437e-07 2.342343676409901309e-07 -6.762853616365978121e-07 -1.230948889729559153e-06 -3.448104856658155087e-06 -7.855256196160289884e-06 -1.169928372670552719e-05 -1.240342712092382223e-05
-8.617181964981391495e-06 -7.687748446182582904e-06 -1.158403916235724371e-05 -1.171432809793762098e-05 -8.502736155560905110e-06 -5.523101575529512483e-06 -3.115295172642824646e-06 -9.281996706692941285e-07 -8.235826477226448755e-07 -7.751506689913479762e-07 -4.803735592331919811e-07 1.584027882910073186e-07 4.486948160422986843e-07 3.579764297174711019e-07 -6.161729279305000713e-07 -1.285456524889951115e-06 -2.160298912753447836e-06 -6.286060906314073152e-06 -1.045692756072669393e-05 -1.111429972547255566e-05
-6.534278099722770802e-07 -4.001096779416891375e-07 -5.762297652512037592e-06 -8.456873800909829551e-06 -7.258291077823709216e-06 -5.416431359270119941e-06 -3.824025626196774793e-06 -1.514059503644284802e-06 -6.499289744274364173e-07 -3.884464860263359739e-07 -2.956222327710198859e-07 1.005830586888453026e-07 1.598359842017314025e-07 1.298286977779887540e-07 -3.064274103498372067e-07 -1.221731335666099239e-06 -5.648509543458053815e-07 -2.785695015467467834e-06 -5.475397336156364603e-06 -5.959733583662407126e-06
7.404527521226284208e-06 5.250520093397581914e-06 -3.190468986774499222e-07 -3.618527419827533612e-06 -4.150863793983300843e-06 -3.752593911799341935e-06 -3.304890015758968411e-06 -1.510400171175543618e-06 -1.983999206979793195e-07 2.274163901286440966e-07 1.804843126356830699e-07 6.249405036315330561e-08 -3.731036497011875066e-07 -7.262339877143489112e-07 -9.540235195202749223e-07 -1.687875014039458993e-06 -9.248551489255184508e-07 -1.332702302455362426e-06 -7.123081906308629419e-07 -3.135822518166667027e-07
6.846784146180175886e-06 4.034880693330121200e-06 1.018570766229370507e-06 -8.922191728148884627e-07 -1.651156214020235777e-06 -1.744486795373689595e-06 -1.973783797161191686e-06 -8.882100890257104038e-07 4.972381934600426856e-07 9.084816247345631790e-07 5.149876664589331296e-07 -1.534263318080352822e-07 -7.292942047235381817e-07 -1.266672771182556451e-06 -1.600086007145536246e-06 -2.188377882722625518e-06 -1.862876538117359383e-06 -7.583528306445673037e-08 4.197487540752072247e-06 5.859783601035131021e-06
-3.784308906116638063e-07 4.900598872950475648e-07 2.003876640871659115e-06 6.386000134343097463e-07 -5.712485239815371593e-08 -2.612997484427626268e-07 -7.122820234560392061e-07 -2.342200138947978860e-07 1.058258906579728940e-06 1.261610137883289716e-06 4.981585621894024765e-07 -3.578750389361271803e-07 -8.834170791788272873e-07 -1.371732438988845392e-06 -1.629490947807648571e-06 -2.049482963340043237e-06 -9.899621434769098804e-07 2.298159381921324736e-06 7.487473245895840815e-06 9.830233793276256832e-06
-4.628564438910018312e-06 -8.326963228741857372e-07 3.203995478381238999e-06 1.786814060263321110e-06 9.371455034835579706e-07 1.853546629389365771e-07 -2.366265816925065899e-07 1.610563398221986313e-08 1.153860609835602048e-06 1.199135387132780486e-06 3.199633943851302021e-07 -3.838266030274951947e-07 -8.751516091494444695e-07 -1.302697664878911702e-06 -1.238484604317974191e-06 -1.097410145323729561e-06 1.561422192724930765e-08 2.588731644423945392e-06 5.753053712485078657e-06 6.851126254768496141e-06
1.614693719249852226e-06 4.068629145443292734e-07 2.142015281011062932e-06 1.972167114533634433e-06 1.157201629519894628e-06 -1.338159222958827105e-07 -2.678778530425060533e-07 9.869864025060252617e-08 1.069255123836887846e-06 1.076176585551847516e-06 2.067805652189428637e-07 -3.638453462071777715e-07 -7.746886392810027006e-07 -1.111819619783717029e-06 -7.612080689896278249e-07 -3.689245877205628951e-07 1.645698863461682644e-07 1.712649534979581140e-06 2.322716168973044774e-06 1.108845446220419761e-06
1.184478795450358290e-05 5.147814038588195316e-06 2.355715835964230232e-06 2.934432603060768279e-06 1.988300940122755937e-06 4.376779965809170283e-07 2.708634842380020872e-07 5.068981522448916636e-07 1.278893653093436101e-06 1.215015387036812084e-06 2.274064139848305510e-07 -4.965889113471289732e-07 -8.954962443707461875e-07 -1.124363235990867956e-06 -6.506756722280591979e-07 -1.525015522128284770e-07 9.067417611865754318e-07 2.687924592517961050e-06 1.792633547974368927e-06 6.659235569738645426e-07
1.342368400302940263e-05 8.684452407211240140e-06 3.354032947056046655e-06 3.160193312205856668e-06 2.159663519515417600e-06 9.515727227581580857e-07 8.175187557981698014e-07 8.655843198380461356e-07 1.510163198444179497e-06 1.397939750763738033e-06 3.192990078893028608e-07 -6.852402983504845345e-07 -1.118920280604077507e-06 -1.266297283388668950e-06 -7.090148074446317752e-07 2.857679782537196051e-10 5.095765542602182963e-07 1.387838832743681286e-06 -1.112932281575503344e-07 2.432534983762404358e-07
6.551142125105154134e-06 5.239389443800758801e-06 8.922320523903918955e-07 2.686999044238649084e-07 -2.637928958954158676e-07 -7.740556857462567806e-07 -4.652526811001622264e-07 9.822317742302993160e-08 1.108907961616589227e-06 1.307510942808714092e-06 4.254385566127920005e-07 -6.660567778889381866e-07 -1.059002013544721531e-06 -1.209500652259466369e-06 -8.419382102287161002e-07 -7.691925226771654238e-07 -1.457449923493458687e-06 -1.991245620309499896e-06 -4.187358613346503001e-06 -4.244918028546052041e-06
-7.303859913165795925e-06 -4.438893869866089142e-06 -4.222566951833531344e-06 -3.832295728148532620e-06 -3.180869089837833221e-06 -3.377893731327943320e-06 -2.993711166773254133e-06 -1.403586869710958489e-06 3.343470806318530366e-07 1.002007095165189961e-06 4.647139640273147114e-07 -4.335721638828019792e-07 -7.239925817738403592e-07 -9.531787603234245667e-07 -1.257672928230357484e-06 -2.150743489100941874e-06 -2.966142820244850724e-06 -4.039137422481429401e-06 -6.099818137599034897e-06 -7.152611509764980082e-06
-1.622760411967228886e-05 -1.190609577582410445e-05 -8.287441550002384191e-06 -6.725723812172935560e-06 -5.034167390311307996e-06 -4.573625518047179054e-06 -3.832857491208850620e-06 -1.711947716660834512e-06 4.373974860111105826e-08 6.484277811305940452e-07 3.695875562742496190e-07 -2.608180453499670984e-07 -4.551058077150803419e-07 -8.110873941852985839e-07 -1.828591787941902664e-06 -2.770107739669523400e-06 -3.193600856167099210e-06 -4.399207718245604400e-06 -5.289882333689789887e-06 -6.040942800354013483e-06
-1.466152889790476019e-05 -1.231819584327593403e-05 -8.788012972797911405e-06 -6.518200626196752263e-06 -4.786799009994840793e-06 -3.113367298184195233e-06 -1.595267720591798208e-06 -2.692109765806814848e-07 4.076430351331413642e-07 4.592993704626752644e-07 1.934621715614703214e-07 -2.763519020882446605e-07 -4.603161413184874712e-07 -7.710183311988144207e-07 -1.740719225956799821e-06 -2.120612507745653503e-06 -2.512434037989575025e-06 -3.824895541283004960e-06 -3.972036574609439515e-06 -3.279771152456031835e-06
-9.342786699755088230e-06 -6.908842054002878334e-06 -4.451634194568784344e-06 -3.199822702214778997e-06 -2.118967304795468906e-06 -2.452185625786020583e-07 1.083796837052718660e-06 1.154328548347218619e-06 6.106241701460999852e-07 2.608418113447228252e-07 4.514015670531382930e-09 -2.632048016646929318e-07 -3.872770673851415524e-07 -1.363226193968910420e-07 2.773170473116646408e-07 8.214957951773056849e-07 1.352655629691531744e-06 6.281245138642759456e-07 9.641639364158932397e-07 1.737051878638008499e-06
4.567318573920061392e-06 3.764343771999438492e-06 2.919415544608529230e-06 1.315903685618111809e-06 1.058956806004045808e-06 1.649249918720484155e-06 1.810314275020235470e-06 1.115474489296741741e-06 -1.048922588857094577e-07 -5.220220218347076493e-07 -2.354568897503528810e-07 9.814647232663896205e-08 2.943081017350683602e-07 8.027489100746499946e-07 1.729912749972878885e-06 2.599228693426056976e-06 3.257405423950348325e-06 4.322827661983399961e-06 6.118011258043954750e-06 6.293716799667878743e-06
1.193216596053641755e-05 7.037942200806363264e-06 4.557345560505206518e-06 4.044439467466545638e-06 3.316212407684314864e-06 2.103580622675183806e-06 1.049966515277531492e-06 -4.436209522909534454e-08 -9.040128281700638817e-07 -1.059350626776869199e-06 -3.537383489766102799e-07 4.466800819873270701e-07 8.932136052233435201e-07 1.151099465627830081e-06 1.038381975026026175e-06 6.285166558037089673e-07 -3.315848909380352676e-07 3.055271786969682929e-07 1.258585834386386438e-07 -6.974393624715164994e-07
4.893604759717839291e-06 4.134278736404634528e-07 -2.321485580443504147e-08 4.788179080116655584e-06 4.905532630867695335e-06 1.836311261072916386e-06 -2.299788204621929043e-07 -1.503665538804452632e-06 -1.148901061645102683e-06 -8.013686376540194578e-07 -2.600850510445522280e-07 4.760162489664385386e-07 8.902741589433075980e-07 1.102863185472124336e-06 2.244762219492878884e-07 -1.994216104159561818e-06 -3.766258443890495869e-06 -5.699206562931667930e-06 -1.225417549811652228e-05 -1.632831273886699609e-05
