0.000000000000000000e+00 0.000000000000000000e+00 0.000000000000000000e+00 0.000000000000000000e+00 0.000000000000000000e+00 0.000000000000000000e+00 0.000000000000000000e+00 0.000000000000000000e+00 0.000000000000000000e+00 0.000000000000000000e+00 0.000000000000000000e+00 0.000000000000000000e+00 0.000000000000000000e+00 0.000000000000000000e+00 0.000000000000000000e+00 0.000000000000000000e+00 0.000000000000000000e+00 0.000000000000000000e+00 0.000000000000000000e+00 0.000000000000000000e+00
0.000000000000000000e+00 0.000000000000000000e+00 0.000000000000000000e+00 0.000000000000000000e+00 0.000000000000000000e+00 0.000000000000000000e+00 0.000000000000000000e+00 0.000000000000000000e+00 0.000000000000000000e+00 0.000000000000000000e+00 0.000000000000000000e+00 0.000000000000000000e+00 0.000000000000000000e+00 0.000000000000000000e+00 0.000000000000000000e+00 0.000000000000000000e+00 0.000000000000000000e+00 0.000000000000000000e+00 0.000000000000000000e+00 0.000000000000000000e+00
0.000000000000000000e+00 0.000000000000000000e+00 0.000000000000000000e+00 0.000000000000000000e+00 0.000000000000000000e+00 0.000000000000000000e+00 0.000000000000000000e+00 0.000000000000000000e+00 0.000000000000000000e+00 0.000000000000000000e+00 0.000000000000000000e+00 0.000000000000000000e+00 0.000000000000000000e+00 0.000000000000000000e+00 0.000000000000000000e+00 0.000000000000000000e+00 0.000000000000000000e+00 0.000000000000000000e+00 0.000000000000000000e+00 0.000000000000000000e+00
0.000000000000000000e+00 0.000000000000000000e+00 0.000000000000000000e+00 0.000000000000000000e+00 0.000000000000000000e+00 0.000000000000000000e+00 0.000000000000000000e+00 0.000000000000000000e+00 0.000000000000000000e+00 0.000000000000000000e+00 0.000000000000000000e+00 0.000000000000000000e+00 0.000000000000000000e+00 0.000000000000000000e+00 0.000000000000000000e+00 0.000000000000000000e+00 0.000000000000000000e+00 0.000000000000000000e+00 0.000000000000000000e+00 0.000000000000000000e+00
0.000000000000000000e+00 0.000000000000000000e+00 0.000000000000000000e+00 -5.381656390465338622e-15 -3.107776830491669451e-13 -2.235990125277644020e-12 -3.558006458855050522e-12 -1.969542131251239645e-11 -9.036320553316868004e-11 1.652932968005965115e-09 -3.356250371356080475e-10 -3.630044436356918157e-10 -2.643816009771033911e-10 -1.164729312642944469e-10 -3.003002941438293519e-11 -1.321585732046753842e-12 -1.592220993859807391e-14 0.000000000000000000e+00 0.000000000000000000e+00 0.000000000000000000e+00
0.000000000000000000e+00 0.000000000000000000e+00 0.000000000000000000e+00 -1.023466433928330463e-14 -9.687126377820218651e-13 -7.130254680398802384e-12 -1.760407060586658147e-11 -1.115544413785540536e-10 -4.100642307946205633e-10 3.861420125602579702e-09 -8.538399426301876019e-10 -1.170336248262144981e-09 1.993786118805583644e-10 -5.469857414037433220e-10 -1.545034271146030082e-10 -6.402759311145281397e-12 -8.839827709906919945e-14 0.000000000000000000e+00 0.000000000000000000e+00 0.000000000000000000e+00
0.000000000000000000e+00 0.000000000000000000e+00 0.000000000000000000e+00 -1.432709613012172236e-14 -2.764669228326136591e-12 -2.054350207146096979e-11 -6.372579325219633485e-11 -4.928334544469046786e-10 -1.543633600844676189e-09 9.556250326703203407e-09 -2.896435020191925055e-09 -4.008850509069681405e-09 4.050180741491964739e-09 -1.972635997021299754e-09 -5.819533926751589144e-10 -2.356116547925449249e-11 -3.386437993126571189e-13 0.000000000000000000e+00 0.000000000000000000e+00 0.000000000000000000e+00
0.000000000000000000e+00 0.000000000000000000e+00 0.000000000000000000e+00 -1.473106426030674643e-12 -1.623690070882450940e-11 -7.345239004922969192e-11 -3.749064819396827386e-10 -1.670405569538418472e-09 -3.660239997033549758e-09 1.529010151466541019e-08 -5.066541094505902871e-09 -1.101565930921857366e-08 1.589312331958823251e-08 -3.936952269620837071e-09 -1.291333453662930691e-09 -9.145791218244711437e-11 -1.585615054332733106e-11 -7.607040720103982862e-12 0.000000000000000000e+00 0.000000000000000000e+00
0.000000000000000000e+00 0.000000000000000000e+00 0.000000000000000000e+00 -4.399263314763297696e-12 -4.039968086957190660e-11 -1.401314235565107397e-10 -6.782883868855513653e-10 -2.746879669515736115e-09 -4.686019641070639269e-09 1.147279811170650957e-08 -3.234604688111040823e-09 -1.583989372756603124e-08 2.491275273107252857e-08 -3.514394025691687126e-09 -1.889293130244626964e-09 -1.588761237879151400e-10 -2.396925953589269611e-11 -1.206587924737922469e-11 0.000000000000000000e+00 0.000000000000000000e+00
0.000000000000000000e+00 0.000000000000000000e+00 -1.191284982738499417e-16 -2.116122244292485023e-09 2.449024812214010545e-08 -1.268979625416080141e-08 4.113278634555344828e-09 -1.138200157475875885e-09 -8.154971071894966998e-09 1.552654994833708107e-08 -1.360641287532016816e-09 -1.763997680887966511e-08 2.313666252802416176e-08 -2.576429698493759807e-09 -4.707978273770712808e-09 -1.918258574500740575e-09 -4.316734400207570634e-09 -7.995504612956348481e-09 -2.768835702851462459e-17 0.000000000000000000e+00
0.000000000000000000e+00 -1.100746584459620432e-16 -3.733147440403350067e-09 -8.239668204886499104e-08 -6.114714941286315105e-08 2.995135538545838201e-08 -1.019675036351188967e-07 2.620923192695830397e-07 1.212199585043085435e-07 4.654457232902863821e-08 -1.163726339834816896e-09 -2.429009609396191602e-08 9.592296530177687189e-09 -5.427903674386808381e-08 -6.496884164212959909e-08 -6.672838438850284839e-08 -1.601987428786430600e-07 -2.950870781604880925e-07 -4.805860708322879259e-14 0.000000000000000000e+00
-7.038939002574210660e-09 -3.040217538148160854e-09 -2.905088530437417545e-08 -3.271702368090899938e-07 2.861512831215043882e-07 -8.390009577654871922e-07 6.123300116351569379e-08 1.265334057675282579e-06 6.689807916777281701e-07 1.857882167952068245e-07 -2.196582223764095885e-08 -2.976807460469633735e-08 -3.896285342655309900e-08 -2.848462985722833889e-07 -3.285915591525456015e-07 -2.697309905769740797e-07 -8.508789094125568395e-07 -1.560563542471992411e-06 -1.294428747205252283e-09 -1.230677595475308291e-10
-3.621287721405951142e-08 -2.175975926378279553e-08 -1.532200883557149999e-07 -1.212372402380497233e-06 3.792453972288568042e-07 -1.853964633971499447e-06 2.941788920413875207e-07 3.897763041020694977e-06 2.913491065695972056e-06 1.579421740997079066e-06 -4.621862986329502958e-07 -4.021809127024671259e-07 6.083095658138563964e-07 -2.371998679390476561e-06 -3.059209396104608213e-06 -1.343456765132979413e-06 -2.280037320287256447e-06 -5.238223780269189146e-06 -1.043252028653414000e-07 -7.728211681656910772e-10
-1.010846039490579838e-07 -7.061527992380182657e-07 -2.324716178138846468e-06 -2.851537870550870503e-06 -3.223496489546028356e-06 1.150204452976088822e-05 2.751240949167094922e-05 2.437034878429679207e-05 1.532571045653946458e-05 4.799983729200692121e-06 -1.842408246006668461e-06 -3.588702578683848955e-06 -4.000562560945221218e-07 -6.061213875010312756e-06 -1.402312383691922229e-05 -1.225889689415180907e-05 -7.110273708331292637e-06 -7.577966823633664233e-06 -1.540802441099000993e-06 -3.626511519681658993e-09
-4.507863127369565598e-07 -7.658303470826268041e-06 -1.938391223792265293e-05 -1.712840884094259274e-05 -1.228058323529413903e-05 5.907731245647004361e-05 1.700412254775293414e-04 1.297021860349469545e-04 5.781826336230022395e-05 6.876878102974150296e-06 -3.695770665537447530e-06 -1.350802186518510476e-05 -1.648780083342038402e-05 -1.582557210820968193e-05 -2.147018411106197351e-05 -6.182987948927088739e-05 -3.759146021011888051e-05 3.911298468062001548e-05 -2.126388329860765043e-05 -1.509752524953374705e-08
-1.747269011463914347e-06 -3.469764479616096667e-05 -9.605329609724955328e-05 -1.159771177109247792e-04 -1.068655957346570135e-04 1.451459704497908736e-04 6.700170924175966524e-04 4.654726108210814639e-04 1.777304255960670632e-04 1.287386578509349674e-05 -3.232169096884439477e-06 -3.824409830114866273e-05 -6.792752399282310548e-05 -6.629088097957020961e-05 -8.269757358908715441e-05 -2.454243025027990689e-04 -1.940835981577225772e-04 2.451900810219202000e-05 -1.471331636259844004e-04 -1.278071992830767514e-07
-5.686216808218897732e-06 -1.240132325668278767e-04 -3.228634873499032737e-04 -4.117439433330955618e-04 -3.443611069831628937e-04 2.383467632244163227e-04 1.343713374996906859e-03 1.023413520743029787e-03 3.643153680030794908e-04 2.228386049951167584e-05 1.276563286897941109e-05 -7.456935093626534190e-05 -1.576508590069779995e-04 -1.737991678879564743e-04 -2.149949321798803328e-04 -5.859391058596384941e-04 -5.263302972447993959e-04 -2.050157407074434208e-04 -3.933461780579883683e-04 -9.363811455594930505e-07
-2.022061283732610586e-05 -3.242489800025531374e-04 -8.097738055783543091e-04 -9.900094575632503377e-04 -7.258623565977153020e-04 3.454022683087404843e-04 2.137168666748092555e-03 1.740566891517483783e-03 5.806535797203871314e-04 5.434735034043558310e-05 3.820453737309608300e-05 -1.259331449268365113e-04 -2.710823029799518005e-04 -3.248748377277393983e-04 -4.236488416792811695e-04 -1.082786965460671340e-03 -9.961053743857489155e-04 -6.767540253344051524e-04 -6.835466506673497974e-04 -1.047525174367478230e-05
-6.591452585025010943e-05 -6.698374257052370703e-04 -1.572986048663310753e-03 -1.840212255627194033e-03 -1.221796527594668294e-03 4.808383034684103195e-04 2.941579993463650476e-03 2.422935665704806577e-03 7.766132394280247150e-04 9.427686490190732632e-05 6.888369514364662226e-05 -1.832861178221799434e-04 -3.843654765951266556e-04 -4.676579337694755992e-04 -6.602995448946391089e-04 -1.667066246797439940e-03 -1.590714010542196907e-03 -1.360755365401520841e-03 -1.009944260465392343e-03 -4.132633854620247567e-05
-1.794469156035306454e-04 -1.141705933023840283e-03 -2.572023018568817595e-03 -2.912704997015476156e-03 -1.842218398788313420e-03 4.377115467780655030e-04 3.537363845505244776e-03 2.932624095142865803e-03 9.067388466145864107e-04 1.424825158706292635e-04 1.018141141399373000e-04 -2.377946686192227257e-04 -4.844492196513051430e-04 -5.692584480351845855e-04 -8.166797984821870049e-04 -2.116798313790750358e-03 -2.157978514457908632e-03 -2.236827528826720955e-03 -1.444060436517499279e-03 1.118004363592762205e-04
-3.027694128711776633e-04 -1.693704516288725617e-03 -3.736155545481243626e-03 -4.129914968012239965e-03 -2.567829713875053460e-03 1.439898554681708770e-04 3.767642399162590867e-03 3.190525702297239072e-03 9.560902980189219750e-04 1.859150015854877205e-04 1.322691459445154418e-04 -2.801204537821206796e-04 -5.574106663888783687e-04 -6.034406423079226789e-04 -8.434757741255606350e-04 -2.333565678680938390e-03 -2.548293884014516623e-03 -2.957302138139707333e-03 -1.784688583269111598e-03 7.190172954266538881e-05
-6.886770361454853202e-04 -2.510671281780901039e-03 -5.043182864326223661e-03 -5.373580354158442353e-03 -3.393590242096306258e-03 -5.051284984237090769e-04 3.503411930932406795e-03 3.185911649398076584e-03 9.871647677333575833e-04 1.909710742938179628e-04 1.494881070803092489e-04 -3.098579861419319733e-04 -5.736057641667086787e-04 -5.567860481093024356e-04 -7.020253275978215928e-04 -2.201654980932654052e-03 -2.629781507667505996e-03 -3.450009444815792681e-03 -2.204076088928367833e-03 -1.615985272891296703e-04
-1.321928782548977650e-03 -3.371605189212646594e-03 -6.300154904660294243e-03 -6.647250187040019270e-03 -4.262271633286256536e-03 -1.338971617136003539e-03 2.705642093979691073e-03 2.663194156893694455e-03 8.900947937101974126e-04 1.879023998180685904e-04 1.533724657846964655e-04 -3.207515118783090869e-04 -5.123184899958881534e-04 -3.758674228576272210e-04 -4.368321164043927518e-04 -1.748338485244032995e-03 -2.385298194597475392e-03 -3.726252840266946510e-03 -2.354473254489191595e-03 -3.724040022211939937e-04
-1.524394145636467175e-03 -3.911464085086554902e-03 -7.024439223913937248e-03 -7.491578851583564555e-03 -4.838744386830203144e-03 -2.030599973705357782e-03 1.765587159473306841e-03 1.947659616719389121e-03 6.847574676477674377e-04 1.569204373142027355e-04 1.386438116879866878e-04 -3.040433519908043313e-04 -3.922899315705895328e-04 -1.422883052284751890e-04 -2.146987756212976131e-04 -1.223932221068507525e-03 -1.830222877056010122e-03 -3.769822971106743126e-03 -2.222724295034395059e-03 -4.319761020197762928e-04
-2.499013086496682662e-03 -3.559465897173636536e-03 -7.283542878774724484e-03 -7.843503518764227689e-03 -5.147334604698594086e-03 -2.731495692663856844e-03 5.899391448960179720e-04 1.014995068789745908e-03 4.310723683364034876e-04 9.062265927821237278e-05 8.534324891722693115e-05 -2.668706936503594256e-04 -2.308208542454166345e-04 1.657215186316187924e-04 1.997033728607960803e-04 -6.030477786653923658e-04 -1.094377634009229775e-03 -3.685518387567914000e-03 -2.095907396531414627e-03 -3.921478273843294229e-04
-8.978783138348980439e-03 -7.748739092008195481e-03 -8.013182102020758799e-03 -6.434820329400719324e-03 -4.640930832841404056e-03 -3.164953167441256036e-03 -1.626557894144700384e-03 -1.243383924190733739e-03 -6.660036763820633950e-04 -5.402957337346006280e-04 -2.371690656457990101e-04 -5.822765453167859388e-06 5.273783159646896384e-04 1.232091214690583065e-03 1.838039326441583262e-03 2.286723484537705586e-03 1.873861847430176048e-03 -1.206917848973622202e-04 -8.344251440909848791e-04 1.909563317195053832e-03
-1.083299833124406857e-02 -8.409819597221999954e-03 -5.785258206421282565e-03 -3.184024352163012002e-03 -2.128415916509081990e-03 -1.791575858735502090e-03 -9.710578598832138916e-04 -1.503408352302596082e-03 -8.490698003675306452e-04 -5.324715703733500774e-04 -3.041027722199692810e-04 -4.926567703701001573e-05 6.918445561593711051e-04 1.204862664517688175e-03 2.568577490454600383e-03 2.905197731061239311e-03 1.526771405682410742e-03 -8.349133521999404974e-04 -3.900993262423817763e-04 4.951619792908319717e-03
-1.265628192567556064e-02 -7.952074148867853756e-03 -3.525871405110641947e-03 -1.665683590708402165e-03 -1.582770399602623397e-03 -1.993912237410672313e-03 -1.430275291300059327e-03 -2.027415057134363940e-03 -7.560733497621813584e-04 -3.308405265757872029e-04 -2.029229939090093410e-04 -2.245593788642652599e-05 6.336040312893495433e-04 9.872297910123706798e-04 1.951642107000256705e-03 1.212300252990742644e-03 -8.553623800686443633e-05 -3.524807123297480759e-03 3.740829302868035108e-03 9.684221556373396808e-03
-9.994455245952249198e-03 -7.695983566215643806e-03 -2.055316174984517935e-03 -3.648763638189712411e-04 -6.138541705551965339e-04 -1.526537080535570520e-03 -1.346973081819909579e-03 -1.909346816042599513e-03 -4.979989754561383198e-04 -1.472935842052702879e-04 -1.131298272988023099e-05 1.693439127028003154e-05 4.226834562040166529e-04 3.371581393756236181e-04 5.884267568138060352e-04 -6.986384504666823898e-05 -1.874695814516272362e-03 -7.177719287789212539e-03 1.001489736892546487e-03 1.065893137476872123e-02
-3.522986967010609694e-03 -6.204104161680053242e-03 9.900784313048754167e-04 2.545632651929407957e-03 -9.394783338348207350e-06 -1.120386488921889644e-03 -7.922285492582927836e-04 -1.035826557628249022e-03 -1.685976376618240717e-04 -8.953993964841788322e-05 9.883517324732062179e-05 5.066497202305791090e-05 1.726028406434281035e-04 -3.007429356953827222e-04 -1.993545828124289353e-04 5.192919687624137802e-04 -1.995180225607212643e-03 -9.036873581461006902e-03 -3.763029476135910847e-03 -1.631445748827922010e-03
-4.729270279935388933e-03 -1.062114066789900460e-02 1.840119052947667333e-04 3.802176018854812670e-03 5.191491876569668965e-04 -6.079588569350124474e-04 1.469176561238507426e-04 -3.338023761145057105e-04 2.091201806163549108e-04 2.951317843914581080e-05 2.047217248544142237e-04 -2.033263319729673764e-05 -7.607900237429028655e-05 -6.229054710425826384e-04 -7.833684479288074336e-04 4.561443902163852073e-04 -1.656559619611030825e-03 -7.156123273017646162e-03 -2.109155984883405010e-03 3.278384607569895508e-03
-4.307918197318439356e-03 -6.448107120702481661e-03 -6.631543838072552922e-04 -4.072207646346977022e-04 -1.049156769637838577e-03 -8.639244239995037648e-04 -5.787770529087081679e-04 -5.306424970908140467e-04 3.602530831155098035e-04 2.726483139084394532e-04 2.742890794134760011e-04 -6.711786071031687661e-05 -2.773686421721700997e-04 -5.535239981691237373e-04 -5.417030329962337163e-04 -4.989363407107358372e-04 -9.475915539150283349e-04 -3.352317754096128914e-03 3.458449490142309195e-05 4.082831851572353739e-03
-1.897486297027121960e-03 -1.200162201388092894e-03 -7.695299695473778456e-04 -1.009892459798646287e-03 -3.984495881031406691e-04 -1.832725939362848955e-04 -2.258320018638768122e-04 -3.851900677231984583e-04 2.042208812813059806e-04 3.010251194934455326e-04 1.544808786422484208e-04 -3.414046917010572844e-05 -2.362386348167026741e-04 -3.864216312749514941e-04 -4.059384742354997218e-04 -4.673030182113801796e-04 -4.432425468255349354e-04 -6.512480740791941640e-04 -3.128839801817668805e-04 -1.489015400900250605e-04
-6.864203566141982181e-04 -3.624424907955046981e-04 -2.635301804180079457e-04 -3.089106223754079059e-04 -1.888170768088169344e-04 -8.231000417335959120e-05 -7.652352875930791673e-05 -1.259061721623160979e-04 1.800357552409770638e-04 1.682936322638576123e-04 9.682103856200231925e-05 -2.814180295109991418e-05 -1.874715598927715308e-04 -2.393694439690789396e-04 -8.937198182324753587e-05 -2.342434029304225613e-04 -2.077165477905470146e-04 -1.554555626389394346e-04 -8.346540385041746428e-05 -3.365036347782665853e-05
-1.040312230461999118e-04 -5.943229715606616133e-05 -5.449707966127435925e-05 -5.693594186978587543e-05 -4.470425811701924491e-05 -1.221897474868258120e-05 -1.594320067971696396e-05 -1.725107584133756531e-05 1.839042970319845185e-04 1.308051766272413756e-04 3.640066503337079714e-05 -3.982617013298275603e-05 -1.240709538897768690e-04 -1.375481418415713439e-04 7.213122097760691097e-06 -7.840612632596763876e-05 -7.561452822795529816e-05 -3.605393566034187760e-05 -1.687746492984931054e-05 -5.659997371490598848e-06
-6.096176413091622769e-06 -3.623688699150855202e-06 -5.044303666119776906e-06 -6.347995119401379071e-06 -7.627545703914098166e-06 -1.724916411345448538e-06 -1.383944174222293062e-05 -1.765555929414871647e-06 1.195630615942995463e-04 1.231070156614894517e-04 2.660326724561015889e-05 -4.966035374765338491e-05 -8.985682503412862276e-05 -8.105571564799105163e-05 1.145628692899985370e-05 -2.601283531797402213e-05 -2.845173077191391443e-05 -1.557795007196459902e-05 -1.560270002318059325e-06 -3.377520873154199458e-07
-1.094655100260577242e-06 -6.551310595132294330e-07 -8.240655391314381365e-07 -1.120005785167436171e-06 -2.059320539541463260e-06 4.120767982871367574e-07 -7.086966253887980589e-06 -2.147677001814966502e-05 6.243593958653297505e-05 8.353285888606345252e-05 1.277170448169119550e-05 -3.240652762119249905e-05 -4.919466366227231752e-05 -4.536762043656176747e-05 -9.248001359595775625e-06 -8.952748168838262012e-06 -1.002958366305057570e-05 -6.210615013034685600e-06 -3.858827580535908323e-07 -8.108539518432551772e-08
-2.380543387460082580e-07 -1.454296846170823927e-07 -1.862488340965901009e-07 -2.789185698558347934e-07 -6.433949893945298265e-07 -2.121788756598797696e-06 -2.957933201090571680e-06 -1.622241971828264944e-05 1.848244714990166329e-05 3.532989597463287879e-05 6.177803431442240788e-06 -1.479281073720331199e-05 -1.586742178727545792e-05 -3.037958111429815597e-05 -6.898672211370597038e-06 -1.162222248805233449e-06 -3.601817958171726294e-06 -2.532959683837155385e-06 -8.685214355207868936e-08 -1.837142316886536720e-08
-4.126043715954489485e-17 -8.940171759133580561e-12 -1.294972070026422056e-09 -2.639345738824916855e-08 -1.878218586085507022e-07 -8.777922460570252444e-07 -2.379847061486290507e-06 -6.434009574937369795e-06 4.962276247533989721e-06 1.802628009915176841e-05 4.437097406075618398e-06 -9.727953434953783804e-06 -6.227464041679736728e-06 -1.967212275821379180e-05 -1.740195258853813270e-06 6.986130768422931309e-07 -1.353815245229293717e-06 -1.007132587602884177e-06 -9.459587073102885057e-15 0.000000000000000000e+00
-3.518956351435268133e-17 -4.533633183232177141e-12 -7.181611083636498694e-11 -6.288704917589397176e-09 -8.436845967305152183e-08 -4.424096835480689798e-07 -2.315802809654255286e-06 -6.065141471581074708e-06 -4.076569829914734381e-06 6.567898202908443133e-06 1.892416210247916820e-06 -3.194335930162265845e-06 -1.741244845200376965e-06 -9.962802245070857826e-06 7.803061326875050666e-07 3.815254600725612341e-07 -7.499155336195931956e-07 -5.848787987518310639e-07 -5.937791936790742891e-15 0.000000000000000000e+00
-3.399805154919320807e-17 -1.911573461571344846e-12 -2.167036836183572565e-11 -2.223587490361025829e-09 -3.529778262988725613e-08 -2.058088374144570901e-07 -1.074703692795014649e-06 -1.416926031808672756e-06 -9.349126201505060815e-08 5.136030078709802266e-06 -9.787957834541821423e-07 -2.238238067547312178e-06 1.650904782237926395e-06 -6.109966928142998899e-06 -4.796408618737328274e-07 1.188901731472322133e-08 -4.148135781166590444e-07 -3.403279746348320168e-07 -3.843669119151818882e-15 0.000000000000000000e+00
-3.504518036200861713e-17 -1.657690700195193357e-11 -8.856829530735265889e-11 -5.932466113296065893e-10 -1.124102333802504643e-08 -9.719758690295939769e-08 -5.355552179579595085e-07 -8.718400570359321950e-07 -2.648344073262126655e-08 6.752197621778608850e-06 -5.957590836178036943e-07 -3.119058551698612039e-06 1.483592981506368710e-06 -4.766563685241969898e-06 -1.522251853041679276e-07 1.185454660146026396e-07 -2.005641160605204701e-07 -1.700982361472362710e-07 -7.644580177658096041e-15 0.000000000000000000e+00
-4.582146346458478039e-13 -7.843793040462581068e-10 -4.411341448891576569e-09 -3.120553601743299119e-09 -1.026789243172716601e-08 -5.947216696038905916e-07 -1.281967485860717049e-06 -3.042484188250028365e-06 -1.939853956339584932e-06 5.084673975460899355e-06 -5.835949701306783135e-07 -3.436874408294691225e-06 1.328035085402111882e-06 -7.274569990738763046e-07 9.038298213162382686e-06 1.734272572198977368e-05 -3.886499701523968177e-07 -2.159827450818464219e-07 -7.064224336560841219e-14 -8.424276893274574813e-14
-1.415618827636313983e-12 -1.719950423917674878e-09 -1.018337375035745299e-08 -7.286603419415806979e-09 -2.065784682741397936e-08 -1.983153044590669371e-06 -4.130528404154795910e-06 -6.436661469673470413e-06 -6.203097860943613574e-06 1.478321684469538513e-06 -2.146650162852603010e-06 -4.212580113065497119e-06 9.769179912571531217e-07 7.551993476362553308e-06 3.459001090693068547e-05 7.774632868174788586e-05 -9.609848582764553676e-07 -5.302276316651886184e-07 -2.425555971175169067e-13 -2.635078198865639917e-13
-1.911235565610475527e-09 -1.727063381181655166e-08 -2.868665689942118421e-08 -1.954476979140841583e-08 -3.814187363069804012e-08 1.458026949784551440e-06 -2.350868360764642278e-06 -9.768967517871358667e-06 -1.003856198383359537e-05 -1.842856679910549032e-06 -4.810763070243426931e-06 -7.064942598977273209e-06 4.491332647098805590e-07 1.865909453991676026e-05 8.249057462545795246e-05 1.430588776722019762e-04 -1.566624920416767674e-06 -1.129712708875481501e-06 -2.061743414007249230e-09 -3.284854350445816876e-09
-1.574819443425352477e-06 -7.938231754643712286e-06 -2.668138587921077415e-06 -2.424729343151663876e-06 -4.550937239355584434e-06 3.742000696770554455e-07 -9.198153324854630794e-06 -1.406896956347455542e-05 -1.748565640478370365e-05 -8.010636139695966236e-06 -9.811619620342354437e-06 -8.580047498552638329e-06 6.769043179044403949e-06 3.333428170842632401e-05 1.118074134707176744e-04 2.131067335088042219e-04 -4.398525254358639496e-06 -2.160031227889319112e-07 -4.231192424951288175e-06 -6.538962297320305844e-06
-9.455912420695694541e-06 -8.953371827100946767e-05 -1.318065456858583074e-04 -8.852341008858942179e-05 -9.162435726786027706e-05 -9.175596307653253623e-05 -5.795211626073617627e-05 -4.962900021599493504e-05 -3.476576319575573517e-05 -2.037537720523924952e-05 -1.376445396459788622e-05 -6.690152428951986823e-06 2.341452679894299928e-05 6.552647729302112827e-05 1.958349084702225881e-04 2.868001873010570207e-04 -3.408198538955544885e-05 -2.089897777107983548e-06 -2.274330364547649837e-05 -3.431625947276035685e-05
-1.440584348624674724e-05 -2.723715770492561822e-04 -6.281383810945712467e-04 -4.006622493021677568e-04 -3.441078230331524445e-04 -3.294526580738562477e-04 -1.518998669309132505e-04 -5.281326776374945024e-05 -6.826166784258729187e-05 -4.474355507366318239e-05 -9.763991418051534357e-06 -5.994108873174002193e-07 5.163234062999797272e-05 1.300926404297284282e-04 3.818467717747419093e-04 4.686591815182794790e-04 -1.006214592453417277e-05 -7.062045074217121953e-05 -3.364017521341798958e-05 -3.877948547186332119e-05
-5.867120359629953189e-07 -4.338005218193847947e-05 -1.697035352318594821e-04 -1.808753003271946374e-04 -2.215565971791943372e-05 -4.648642227917927725e-05 -5.267572955259845416e-05 -6.184762175314208741e-05 -5.100163300613950486e-05 -9.775567300396060342e-06 6.829254434708277596e-06 -8.288846520058406449e-07 8.347131161855741237e-06 2.466930171957738621e-05 1.420246391203656337e-04 1.083952009689428302e-04 -1.628640075594902292e-04 -8.212561437700618267e-05 -2.907036640930902131e-06 -8.219417334893505213e-07
-5.892980657341730297e-10 -1.546134442453146012e-06 8.636834638197614180e-06 -1.437307950954122061e-04 1.783712689843351890e-04 1.411989977055674265e-04 -3.122824537651280955e-05 -8.897790613885016428e-05 1.238585190217961215e-05 5.031739550433705070e-05 1.502411154717589013e-05 1.989329805092225465e-05 -2.316155782339516912e-05 -2.450554598320287951e-05 -7.697144592598218057e-05 -3.150898740183088499e-04 -6.480748718728908354e-04 -4.251956470539681424e-04 -3.369404795502393888e-06 -7.333784878015373789e-09
-4.250863243667420617e-08 -1.493359516107573890e-06 -6.549114240044182100e-05 -1.315841360692650980e-03 -1.511467052345395658e-03 -8.457546080553687449e-04 -4.987446710148051021e-04 -2.560333776988852630e-04 -6.183969712378856144e-05 3.788852794065024262e-05 6.307695560830773901e-05 5.364025744575986825e-05 3.033681821646821761e-05 -5.684665626260124584e-05 -2.928069067547401966e-04 -7.288162307509673480e-04 -1.047783174182622800e-03 -6.435807559521252667e-04 -1.175094782206316981e-07 -8.649900752664484734e-09
-8.664262458888596402e-07 -5.725128561875591711e-06 -8.626022562530396675e-05 -6.207030627381962670e-04 -6.810679529103982020e-04 -4.227750000350817636e-04 -2.869377913868259382e-04 -1.949568003361088636e-04 -1.279957057904134961e-04 -1.557283188910788167e-05 7.624590854262265844e-05 2.176860919370017695e-05 -3.717001138371030423e-05 -6.100447826702738220e-05 -7.347874434772198556e-05 -1.641887420697238394e-05 3.853458277693777188e-04 -7.208505087399564779e-05 -2.701318177174524418e-07 -1.714935241610512057e-08
-7.880675120104924250e-07 -1.682762254770579294e-05 -8.121444698204513914e-05 -2.543873763905452664e-04 -3.106367773314264256e-04 -2.246138369678910430e-04 -1.522706895863082800e-04 -1.444772437299377953e-04 -1.168599347529745281e-04 -2.683330066289470935e-05 2.584788464553380735e-05 1.500863227901293044e-05 -3.692329667303120583e-05 5.165436681651517514e-05 2.903793829078733834e-05 1.431440018332492069e-04 6.692984016455337005e-04 5.063185630181513738e-04 -7.349732098575752948e-07 -1.558251026441159942e-07
-3.117861640508199348e-07 -1.336073820913090116e-05 -5.415853854167250507e-05 -1.059337246129022774e-04 -9.318662710731147184e-05 -5.137434015912551003e-05 1.051622186874861229e-05 -5.441371688833959404e-05 -7.308639062166488124e-05 -4.138558733670939647e-05 2.512305139434237468e-05 8.301901503387166192e-06 -3.659003658453502335e-05 -1.264067351606347158e-05 8.683445976710749907e-05 2.252034990843498484e-04 6.046404761833087515e-04 5.366867985265084571e-04 -1.718621780203140912e-06 -7.006789653020953090e-07
-1.849351400490940358e-08 -2.667757321400034792e-06 -1.994159545699175640e-05 -1.292869616421297081e-05 1.191386125602370722e-05 1.638865730088056699e-05 2.763259479389428002e-06 -1.916125085818408405e-05 -2.754750380260462749e-05 -1.762839446617202869e-05 1.960051606921298681e-05 2.078377700463105392e-05 -3.293727429439185340e-05 -4.175313905259020057e-05 -2.373991023361355390e-05 4.327440246573760918e-05 1.273945139717252810e-04 7.123270284790997060e-05 -3.827813717022552788e-06 -2.316057801892975874e-06
-8.644273888278237959e-10 -3.638096724463782647e-07 -6.240486683947287644e-06 -6.829363112757911756e-06 -6.250495147836432321e-06 -8.258676762369241567e-06 -9.470335758160360379e-06 -8.731644201288602872e-06 -7.571265966054126502e-06 5.866085065485787741e-08 -1.272983402003388833e-06 1.644913867832014340e-06 7.123333224946045464e-06 -5.948638506452544950e-06 -9.337664559703295113e-06 -3.608621562991687253e-06 6.966814820569243325e-06 -1.123820758482453132e-05 -1.075325471679259295e-06 -6.965203172955663545e-07
-1.095612576923499589e-11 -2.189256210722145278e-08 -2.932148766583481536e-06 -2.897538929990372386e-06 -2.037999405391616019e-06 -2.180107953401539401e-06 -2.453510514420678612e-06 -1.430041099275936205e-06 -1.053803710068469364e-06 -2.024710644704440916e-07 5.231351751888781085e-07 7.121217731119581145e-08 8.001607689748907372e-07 -8.290236911269420650e-07 -1.939802967724263047e-06 -2.269734088805441977e-06 -6.696168220287604175e-07 -5.064096269514962629e-07 -2.291125021049222640e-08 -2.053838799135264687e-08
0.000000000000000000e+00 -2.863329499795863945e-09 -7.362078185340160760e-07 -7.229435046981012012e-07 -5.023221569946416201e-07 -5.513914221581406669e-07 -7.070192399540737512e-07 -5.075165692309772846e-07 -7.264897210449530008e-08 1.445923343951861292e-07 1.329171999014991036e-07 -2.836260376952666957e-08 8.887187824047643309e-09 -2.552681775324860778e-08 -7.262990542646163699e-07 -4.686207736310306205e-07 -6.204027890648483418e-08 -3.801994213140973735e-08 -3.943043453907462585e-10 -5.051904161769423310e-10
0.000000000000000000e+00 -8.869481982974428048e-12 -1.185720168377605633e-08 -1.143037512810719776e-08 -7.079286698405842269e-09 -9.442977995224208400e-09 -1.566329769816729860e-08 -2.755290247969699974e-08 1.886143997464844674e-08 2.074903072902670165e-08 -6.926505860189131191e-10 2.778769780946871748e-09 -1.227159626827520417e-08 -1.071050861724803226e-08 -6.504732782506207238e-08 -2.138469660639387302e-08 -4.040288413783831898e-09 -3.449198778648318207e-09 -1.061709728961765155e-11 -2.016948798854904472e-12
0.000000000000000000e+00 -5.641185588971129418e-15 -3.826443037612230054e-14 -9.507189576593166582e-13 -8.023893140430300897e-12 -1.771838223180373731e-10 -5.063608599060250467e-10 2.325761174890570212e-09 -2.739460029117966041e-09 -2.025230987855582353e-09 2.952251523402700806e-11 1.127000506879733419e-09 1.764699432898208284e-09 -2.431950953215735309e-09 -2.310870271383017515e-09 -9.421103516204475174e-10 -3.442600263585141372e-11 -1.756916880977034807e-12 -2.239770796427013604e-13 0.000000000000000000e+00
0.000000000000000000e+00 0.000000000000000000e+00 -2.166977074912261309e-11 -2.493552573406286668e-11 -2.231752949114271059e-11 -1.025248435840311803e-09 -2.218076490401100845e-09 1.749358131209576107e-08 6.430757103361178457e-10 -4.882262204022153249e-10 -4.703747345104648974e-10 -3.605694790880784937e-10 -3.292328459281156896e-10 -4.598005469670542141e-10 -7.344345838735781875e-10 -2.751707891371405498e-10 -3.772097831952363958e-11 0.000000000000000000e+00 0.000000000000000000e+00 0.000000000000000000e+00
0.000000000000000000e+00 0.000000000000000000e+00 0.000000000000000000e+00 0.000000000000000000e+00 0.000000000000000000e+00 0.000000000000000000e+00 0.000000000000000000e+00 0.000000000000000000e+00 0.000000000000000000e+00 0.000000000000000000e+00 0.000000000000000000e+00 0.000000000000000000e+00 0.000000000000000000e+00 0.000000000000000000e+00 0.000000000000000000e+00 0.000000000000000000e+00 0.000000000000000000e+00 0.000000000000000000e+00 0.000000000000000000e+00 0.000000000000000000e+00
0.000000000000000000e+00 0.000000000000000000e+00 0.000000000000000000e+00 0.000000000000000000e+00 0.000000000000000000e+00 0.000000000000000000e+00 0.000000000000000000e+00 0.000000000000000000e+00 0.000000000000000000e+00 0.000000000000000000e+00 0.000000000000000000e+00 0.000000000000000000e+00 0.000000000000000000e+00 0.000000000000000000e+00 0.000000000000000000e+00 0.000000000000000000e+00 0.000000000000000000e+00 0.000000000000000000e+00 0.000000000000000000e+00 0.000000000000000000e+00
0.000000000000000000e+00 0.000000000000000000e+00 0.000000000000000000e+00 0.000000000000000000e+00 0.000000000000000000e+00 0.000000000000000000e+00 0.000000000000000000e+00 0.000000000000000000e+00 0.000000000000000000e+00 0.000000000000000000e+00 0.000000000000000000e+00 0.000000000000000000e+00 0.000000000000000000e+00 0.000000000000000000e+00 0.000000000000000000e+00 0.000000000000000000e+00 0.000000000000000000e+00 0.000000000000000000e+00 0.000000000000000000e+00 0.000000000000000000e+00
0.000000000000000000e+00 0.000000000000000000e+00 0.000000000000000000e+00 0.000000000000000000e+00 0.000000000000000000e+00 0.000000000000000000e+00 0.000000000000000000e+00 0.000000000000000000e+00 0.000000000000000000e+00 0.000000000000000000e+00 0.000000000000000000e+00 0.000000000000000000e+00 0.000000000000000000e+00 0.000000000000000000e+00 0.000000000000000000e+00 0.000000000000000000e+00 0.000000000000000000e+00 0.000000000000000000e+00 0.000000000000000000e+00 0.000000000000000000e+00
0.000000000000000000e+00 0.000000000000000000e+00 0.000000000000000000e+00 0.000000000000000000e+00 0.000000000000000000e+00 0.000000000000000000e+00 0.000000000000000000e+00 0.000000000000000000e+00 0.000000000000000000e+00 0.000000000000000000e+00 0.000000000000000000e+00 0.000000000000000000e+00 0.000000000000000000e+00 0.000000000000000000e+00 0.000000000000000000e+00 0.000000000000000000e+00 0.000000000000000000e+00 0.000000000000000000e+00 0.000000000000000000e+00 0.000000000000000000e+00
0.000000000000000000e+00 0.000000000000000000e+00 0.000000000000000000e+00 0.000000000000000000e+00 0.000000000000000000e+00 0.000000000000000000e+00 0.000000000000000000e+00 0.000000000000000000e+00 0.000000000000000000e+00 0.000000000000000000e+00 0.000000000000000000e+00 0.000000000000000000e+00 0.000000000000000000e+00 0.000000000000000000e+00 0.000000000000000000e+00 0.000000000000000000e+00 0.000000000000000000e+00 0.000000000000000000e+00 0.000000000000000000e+00 0.000000000000000000e+00
0.000000000000000000e+00 0.000000000000000000e+00 0.000000000000000000e+00 0.000000000000000000e+00 0.000000000000000000e+00 0.000000000000000000e+00 0.000000000000000000e+00 0.000000000000000000e+00 0.000000000000000000e+00 0.000000000000000000e+00 0.000000000000000000e+00 0.000000000000000000e+00 0.000000000000000000e+00 0.000000000000000000e+00 0.000000000000000000e+00 0.000000000000000000e+00 0.000000000000000000e+00 0.000000000000000000e+00 0.000000000000000000e+00 0.000000000000000000e+00
0.000000000000000000e+00 0.000000000000000000e+00 0.000000000000000000e+00 0.000000000000000000e+00 0.000000000000000000e+00 0.000000000000000000e+00 0.000000000000000000e+00 0.000000000000000000e+00 0.000000000000000000e+00 0.000000000000000000e+00 0.000000000000000000e+00 0.000000000000000000e+00 0.000000000000000000e+00 0.000000000000000000e+00 0.000000000000000000e+00 0.000000000000000000e+00 0.000000000000000000e+00 0.000000000000000000e+00 0.000000000000000000e+00 0.000000000000000000e+00
0.000000000000000000e+00 0.000000000000000000e+00 0.000000000000000000e+00 0.000000000000000000e+00 0.000000000000000000e+00 0.000000000000000000e+00 0.000000000000000000e+00 0.000000000000000000e+00 0.000000000000000000e+00 0.000000000000000000e+00 0.000000000000000000e+00 0.000000000000000000e+00 0.000000000000000000e+00 0.000000000000000000e+00 0.000000000000000000e+00 0.000000000000000000e+00 0.000000000000000000e+00 0.000000000000000000e+00 0.000000000000000000e+00 0.000000000000000000e+00
0.000000000000000000e+00 0.000000000000000000e+00 0.000000000000000000e+00 0.000000000000000000e+00 0.000000000000000000e+00 0.000000000000000000e+00 0.000000000000000000e+00 0.000000000000000000e+00 0.000000000000000000e+00 0.000000000000000000e+00 0.000000000000000000e+00 0.000000000000000000e+00 0.000000000000000000e+00 0.000000000000000000e+00 0.000000000000000000e+00 0.000000000000000000e+00 0.000000000000000000e+00 0.000000000000000000e+00 0.000000000000000000e+00 0.000000000000000000e+00
0.000000000000000000e+00 0.000000000000000000e+00 0.000000000000000000e+00 0.000000000000000000e+00 0.000000000000000000e+00 0.000000000000000000e+00 0.000000000000000000e+00 0.000000000000000000e+00 0.000000000000000000e+00 0.000000000000000000e+00 0.000000000000000000e+00 0.000000000000000000e+00 0.000000000000000000e+00 0.000000000000000000e+00 0.000000000000000000e+00 0.000000000000000000e+00 0.000000000000000000e+00 0.000000000000000000e+00 0.000000000000000000e+00 0.000000000000000000e+00
0.000000000000000000e+00 0.000000000000000000e+00 0.000000000000000000e+00 0.000000000000000000e+00 0.000000000000000000e+00 0.000000000000000000e+00 0.000000000000000000e+00 0.000000000000000000e+00 0.000000000000000000e+00 0.000000000000000000e+00 0.000000000000000000e+00 0.000000000000000000e+00 0.000000000000000000e+00 0.000000000000000000e+00 0.000000000000000000e+00 0.000000000000000000e+00 0.000000000000000000e+00 0.000000000000000000e+00 0.000000000000000000e+00 0.000000000000000000e+00
0.000000000000000000e+00 0.000000000000000000e+00 0.000000000000000000e+00 0.000000000000000000e+00 0.000000000000000000e+00 0.000000000000000000e+00 0.000000000000000000e+00 0.000000000000000000e+00 0.000000000000000000e+00 0.000000000000000000e+00 0.000000000000000000e+00 0.000000000000000000e+00 0.000000000000000000e+00 0.000000000000000000e+00 0.000000000000000000e+00 0.000000000000000000e+00 0.000000000000000000e+00 0.000000000000000000e+00 0.000000000000000000e+00 0.000000000000000000e+00
