-1.146512378652667641e+00
-1.051187668237355100e+00
-9.852292833336550038e-01
-8.907863463861013242e-01
-7.776665091541333785e-01
-6.495504361258196413e-01
-5.020314596820989461e-01
-3.599840946324990298e-01
-2.449885003509719161e-01
-1.434450948862351360e-01
-4.869824552747179652e-02
4.476609629076382102e-02
1.462724721710975673e-01
2.535341305437813220e-01
3.644786218899527808e-01
4.809568144233550280e-01
6.190047687249837782e-01
7.299987944087367175e-01
7.977475550907879853e-01
8.952717465424395726e-01
