4.600000000000000000e+01 5.410000000000000000e+02 1.864000000000000000e+03 4.079000000000000000e+03 9.158000000000000000e+03 1.934900000000000000e+04 3.623300000000000000e+04 7.854700000000000000e+04 2.083520000000000000e+05 5.284470000000000000e+05 9.486030000000000000e+05 1.013200000000000000e+06 5.820070000000000000e+05 2.209510000000000000e+05 7.583400000000000000e+04 2.435000000000000000e+04 5.927000000000000000e+03 1.262000000000000000e+03 2.360000000000000000e+02 5.100000000000000000e+01
4.600000000000000000e+01 5.410000000000000000e+02 1.864000000000000000e+03 4.079000000000000000e+03 9.158000000000000000e+03 1.934900000000000000e+04 3.623300000000000000e+04 7.854700000000000000e+04 2.083520000000000000e+05 5.284470000000000000e+05 9.486030000000000000e+05 1.013200000000000000e+06 5.820070000000000000e+05 2.209510000000000000e+05 7.583400000000000000e+04 2.435000000000000000e+04 5.927000000000000000e+03 1.262000000000000000e+03 2.360000000000000000e+02 5.100000000000000000e+01
4.600000000000000000e+01 5.410000000000000000e+02 1.864000000000000000e+03 4.079000000000000000e+03 9.158000000000000000e+03 1.934900000000000000e+04 3.623300000000000000e+04 7.854700000000000000e+04 2.083520000000000000e+05 5.284470000000000000e+05 9.486030000000000000e+05 1.013200000000000000e+06 5.820070000000000000e+05 2.209510000000000000e+05 7.583400000000000000e+04 2.435000000000000000e+04 5.927000000000000000e+03 1.262000000000000000e+03 2.360000000000000000e+02 5.100000000000000000e+01
4.600000000000000000e+01 5.410000000000000000e+02 1.864000000000000000e+03 4.079000000000000000e+03 9.158000000000000000e+03 1.934900000000000000e+04 3.623300000000000000e+04 7.854700000000000000e+04 2.083520000000000000e+05 5.284470000000000000e+05 9.486030000000000000e+05 1.013200000000000000e+06 5.820070000000000000e+05 2.209510000000000000e+05 7.583400000000000000e+04 2.435000000000000000e+04 5.927000000000000000e+03 1.262000000000000000e+03 2.360000000000000000e+02 5.100000000000000000e+01
4.600000000000000000e+01 5.410000000000000000e+02 1.864000000000000000e+03 4.079000000000000000e+03 9.158000000000000000e+03 1.934900000000000000e+04 3.623300000000000000e+04 7.854700000000000000e+04 2.083520000000000000e+05 5.284470000000000000e+05 9.486030000000000000e+05 1.013200000000000000e+06 5.820070000000000000e+05 2.209510000000000000e+05 7.583400000000000000e+04 2.435000000000000000e+04 5.927000000000000000e+03 1.262000000000000000e+03 2.360000000000000000e+02 5.100000000000000000e+01
4.600000000000000000e+01 5.410000000000000000e+02 1.864000000000000000e+03 4.079000000000000000e+03 9.158000000000000000e+03 1.934900000000000000e+04 3.623300000000000000e+04 7.854700000000000000e+04 2.083520000000000000e+05 5.284470000000000000e+05 9.486030000000000000e+05 1.013200000000000000e+06 5.820070000000000000e+05 2.209510000000000000e+05 7.583400000000000000e+04 2.435000000000000000e+04 5.927000000000000000e+03 1.262000000000000000e+03 2.360000000000000000e+02 5.100000000000000000e+01
4.600000000000000000e+01 5.410000000000000000e+02 1.864000000000000000e+03 4.079000000000000000e+03 9.158000000000000000e+03 1.934900000000000000e+04 3.623300000000000000e+04 7.854700000000000000e+04 2.083520000000000000e+05 5.284470000000000000e+05 9.486030000000000000e+05 1.013200000000000000e+06 5.820070000000000000e+05 2.209510000000000000e+05 7.583400000000000000e+04 2.435000000000000000e+04 5.927000000000000000e+03 1.262000000000000000e+03 2.360000000000000000e+02 5.100000000000000000e+01
4.600000000000000000e+01 5.410000000000000000e+02 1.864000000000000000e+03 4.079000000000000000e+03 9.158000000000000000e+03 1.934900000000000000e+04 3.623300000000000000e+04 7.854700000000000000e+04 2.083520000000000000e+05 5.284470000000000000e+05 9.486030000000000000e+05 1.013200000000000000e+06 5.820070000000000000e+05 2.209510000000000000e+05 7.583400000000000000e+04 2.435000000000000000e+04 5.927000000000000000e+03 1.262000000000000000e+03 2.360000000000000000e+02 5.100000000000000000e+01
4.600000000000000000e+01 5.410000000000000000e+02 1.864000000000000000e+03 4.079000000000000000e+03 9.158000000000000000e+03 1.934900000000000000e+04 3.623300000000000000e+04 7.854700000000000000e+04 2.083520000000000000e+05 5.284470000000000000e+05 9.486030000000000000e+05 1.013200000000000000e+06 5.820070000000000000e+05 2.209510000000000000e+05 7.583400000000000000e+04 2.435000000000000000e+04 5.927000000000000000e+03 1.262000000000000000e+03 2.360000000000000000e+02 5.100000000000000000e+01
4.600000000000000000e+01 5.410000000000000000e+02 1.864000000000000000e+03 4.079000000000000000e+03 9.158000000000000000e+03 1.934900000000000000e+04 3.623300000000000000e+04 7.854700000000000000e+04 2.083520000000000000e+05 5.284470000000000000e+05 9.486030000000000000e+05 1.013200000000000000e+06 5.820070000000000000e+05 2.209510000000000000e+05 7.583400000000000000e+04 2.435000000000000000e+04 5.927000000000000000e+03 1.262000000000000000e+03 2.360000000000000000e+02 5.100000000000000000e+01
4.600000000000000000e+01 5.410000000000000000e+02 1.864000000000000000e+03 4.079000000000000000e+03 9.158000000000000000e+03 1.934900000000000000e+04 3.623300000000000000e+04 7.854700000000000000e+04 2.083520000000000000e+05 5.284470000000000000e+05 9.486030000000000000e+05 1.013200000000000000e+06 5.820070000000000000e+05 2.209510000000000000e+05 7.583400000000000000e+04 2.435000000000000000e+04 5.927000000000000000e+03 1.262000000000000000e+03 2.360000000000000000e+02 5.100000000000000000e+01
4.600000000000000000e+01 5.410000000000000000e+02 1.864000000000000000e+03 4.079000000000000000e+03 9.158000000000000000e+03 1.934900000000000000e+04 3.623300000000000000e+04 7.854700000000000000e+04 2.083520000000000000e+05 5.284470000000000000e+05 9.486030000000000000e+05 1.013200000000000000e+06 5.820070000000000000e+05 2.209510000000000000e+05 7.583400000000000000e+04 2.435000000000000000e+04 5.927000000000000000e+03 1.262000000000000000e+03 2.360000000000000000e+02 5.100000000000000000e+01
4.600000000000000000e+01 5.410000000000000000e+02 1.864000000000000000e+03 4.079000000000000000e+03 9.158000000000000000e+03 1.934900000000000000e+04 3.623300000000000000e+04 7.854700000000000000e+04 2.083520000000000000e+05 5.284470000000000000e+05 9.486030000000000000e+05 1.013200000000000000e+06 5.820070000000000000e+05 2.209510000000000000e+05 7.583400000000000000e+04 2.435000000000000000e+04 5.927000000000000000e+03 1.262000000000000000e+03 2.360000000000000000e+02 5.100000000000000000e+01
4.600000000000000000e+01 5.410000000000000000e+02 1.864000000000000000e+03 4.079000000000000000e+03 9.158000000000000000e+03 1.934900000000000000e+04 3.623300000000000000e+04 7.854700000000000000e+04 2.083520000000000000e+05 5.284470000000000000e+05 9.486030000000000000e+05 1.013200000000000000e+06 5.820070000000000000e+05 2.209510000000000000e+05 7.583400000000000000e+04 2.435000000000000000e+04 5.927000000000000000e+03 1.262000000000000000e+03 2.360000000000000000e+02 5.100000000000000000e+01
4.600000000000000000e+01 5.410000000000000000e+02 1.864000000000000000e+03 4.079000000000000000e+03 9.158000000000000000e+03 1.934900000000000000e+04 3.623300000000000000e+04 7.854700000000000000e+04 2.083520000000000000e+05 5.284470000000000000e+05 9.486030000000000000e+05 1.013200000000000000e+06 5.820070000000000000e+05 2.209510000000000000e+05 7.583400000000000000e+04 2.435000000000000000e+04 5.927000000000000000e+03 1.262000000000000000e+03 2.360000000000000000e+02 5.100000000000000000e+01
4.600000000000000000e+01 5.410000000000000000e+02 1.864000000000000000e+03 4.079000000000000000e+03 9.158000000000000000e+03 1.934900000000000000e+04 3.623300000000000000e+04 7.854700000000000000e+04 2.083520000000000000e+05 5.284470000000000000e+05 9.486030000000000000e+05 1.013200000000000000e+06 5.820070000000000000e+05 2.209510000000000000e+05 7.583400000000000000e+04 2.435000000000000000e+04 5.927000000000000000e+03 1.262000000000000000e+03 2.360000000000000000e+02 5.100000000000000000e+01
4.600000000000000000e+01 5.410000000000000000e+02 1.864000000000000000e+03 4.079000000000000000e+03 9.158000000000000000e+03 1.934900000000000000e+04 3.623300000000000000e+04 7.854700000000000000e+04 2.083520000000000000e+05 5.284470000000000000e+05 9.486030000000000000e+05 1.013200000000000000e+06 5.820070000000000000e+05 2.209510000000000000e+05 7.583400000000000000e+04 2.435000000000000000e+04 5.927000000000000000e+03 1.262000000000000000e+03 2.360000000000000000e+02 5.100000000000000000e+01
4.600000000000000000e+01 5.410000000000000000e+02 1.864000000000000000e+03 4.079000000000000000e+03 9.158000000000000000e+03 1.934900000000000000e+04 3.623300000000000000e+04 7.854700000000000000e+04 2.083520000000000000e+05 5.284470000000000000e+05 9.486030000000000000e+05 1.013200000000000000e+06 5.820070000000000000e+05 2.209510000000000000e+05 7.583400000000000000e+04 2.435000000000000000e+04 5.927000000000000000e+03 1.262000000000000000e+03 2.360000000000000000e+02 5.100000000000000000e+01
4.600000000000000000e+01 5.410000000000000000e+02 1.864000000000000000e+03 4.079000000000000000e+03 9.158000000000000000e+03 1.934900000000000000e+04 3.623300000000000000e+04 7.854700000000000000e+04 2.083520000000000000e+05 5.284470000000000000e+05 9.486030000000000000e+05 1.013200000000000000e+06 5.820070000000000000e+05 2.209510000000000000e+05 7.583400000000000000e+04 2.435000000000000000e+04 5.927000000000000000e+03 1.262000000000000000e+03 2.360000000000000000e+02 5.100000000000000000e+01
4.600000000000000000e+01 5.410000000000000000e+02 1.864000000000000000e+03 4.079000000000000000e+03 9.158000000000000000e+03 1.934900000000000000e+04 3.623300000000000000e+04 7.854700000000000000e+04 2.083520000000000000e+05 5.284470000000000000e+05 9.486030000000000000e+05 1.013200000000000000e+06 5.820070000000000000e+05 2.209510000000000000e+05 7.583400000000000000e+04 2.435000000000000000e+04 5.927000000000000000e+03 1.262000000000000000e+03 2.360000000000000000e+02 5.100000000000000000e+01
4.600000000000000000e+01 5.410000000000000000e+02 1.864000000000000000e+03 4.079000000000000000e+03 9.158000000000000000e+03 1.934900000000000000e+04 3.623300000000000000e+04 7.854700000000000000e+04 2.083520000000000000e+05 5.284470000000000000e+05 9.486030000000000000e+05 1.013200000000000000e+06 5.820070000000000000e+05 2.209510000000000000e+05 7.583400000000000000e+04 2.435000000000000000e+04 5.927000000000000000e+03 1.262000000000000000e+03 2.360000000000000000e+02 5.100000000000000000e+01
4.600000000000000000e+01 5.410000000000000000e+02 1.864000000000000000e+03 4.079000000000000000e+03 9.158000000000000000e+03 1.934900000000000000e+04 3.623300000000000000e+04 7.854700000000000000e+04 2.083520000000000000e+05 5.284470000000000000e+05 9.486030000000000000e+05 1.013200000000000000e+06 5.820070000000000000e+05 2.209510000000000000e+05 7.583400000000000000e+04 2.435000000000000000e+04 5.927000000000000000e+03 1.262000000000000000e+03 2.360000000000000000e+02 5.100000000000000000e+01
4.600000000000000000e+01 5.410000000000000000e+02 1.864000000000000000e+03 4.079000000000000000e+03 9.158000000000000000e+03 1.934900000000000000e+04 3.623300000000000000e+04 7.854700000000000000e+04 2.083520000000000000e+05 5.284470000000000000e+05 9.486030000000000000e+05 1.013200000000000000e+06 5.820070000000000000e+05 2.209510000000000000e+05 7.583400000000000000e+04 2.435000000000000000e+04 5.927000000000000000e+03 1.262000000000000000e+03 2.360000000000000000e+02 5.100000000000000000e+01
4.600000000000000000e+01 5.410000000000000000e+02 1.864000000000000000e+03 4.079000000000000000e+03 9.158000000000000000e+03 1.934900000000000000e+04 3.623300000000000000e+04 7.854700000000000000e+04 2.083520000000000000e+05 5.284470000000000000e+05 9.486030000000000000e+05 1.013200000000000000e+06 5.820070000000000000e+05 2.209510000000000000e+05 7.583400000000000000e+04 2.435000000000000000e+04 5.927000000000000000e+03 1.262000000000000000e+03 2.360000000000000000e+02 5.100000000000000000e+01
4.600000000000000000e+01 5.410000000000000000e+02 1.864000000000000000e+03 4.079000000000000000e+03 9.158000000000000000e+03 1.934900000000000000e+04 3.623300000000000000e+04 7.854700000000000000e+04 2.083520000000000000e+05 5.284470000000000000e+05 9.486030000000000000e+05 1.013200000000000000e+06 5.820070000000000000e+05 2.209510000000000000e+05 7.583400000000000000e+04 2.435000000000000000e+04 5.927000000000000000e+03 1.262000000000000000e+03 2.360000000000000000e+02 5.100000000000000000e+01
4.600000000000000000e+01 5.410000000000000000e+02 1.864000000000000000e+03 4.079000000000000000e+03 9.158000000000000000e+03 1.934900000000000000e+04 3.623300000000000000e+04 7.854700000000000000e+04 2.083520000000000000e+05 5.284470000000000000e+05 9.486030000000000000e+05 1.013200000000000000e+06 5.820070000000000000e+05 2.209510000000000000e+05 7.583400000000000000e+04 2.435000000000000000e+04 5.927000000000000000e+03 1.262000000000000000e+03 2.360000000000000000e+02 5.100000000000000000e+01
4.600000000000000000e+01 5.410000000000000000e+02 1.864000000000000000e+03 4.079000000000000000e+03 9.158000000000000000e+03 1.934900000000000000e+04 3.623300000000000000e+04 7.854700000000000000e+04 2.083520000000000000e+05 5.284470000000000000e+05 9.486030000000000000e+05 1.013200000000000000e+06 5.820070000000000000e+05 2.209510000000000000e+05 7.583400000000000000e+04 2.435000000000000000e+04 5.927000000000000000e+03 1.262000000000000000e+03 2.360000000000000000e+02 5.100000000000000000e+01
4.600000000000000000e+01 5.410000000000000000e+02 1.864000000000000000e+03 4.079000000000000000e+03 9.158000000000000000e+03 1.934900000000000000e+04 3.623300000000000000e+04 7.854700000000000000e+04 2.083520000000000000e+05 5.284470000000000000e+05 9.486030000000000000e+05 1.013200000000000000e+06 5.820070000000000000e+05 2.209510000000000000e+05 7.583400000000000000e+04 2.435000000000000000e+04 5.927000000000000000e+03 1.262000000000000000e+03 2.360000000000000000e+02 5.100000000000000000e+01
4.600000000000000000e+01 5.410000000000000000e+02 1.864000000000000000e+03 4.079000000000000000e+03 9.158000000000000000e+03 1.934900000000000000e+04 3.623300000000000000e+04 7.854700000000000000e+04 2.083520000000000000e+05 5.284470000000000000e+05 9.486030000000000000e+05 1.013200000000000000e+06 5.820070000000000000e+05 2.209510000000000000e+05 7.583400000000000000e+04 2.435000000000000000e+04 5.927000000000000000e+03 1.262000000000000000e+03 2.360000000000000000e+02 5.100000000000000000e+01
4.600000000000000000e+01 5.410000000000000000e+02 1.864000000000000000e+03 4.079000000000000000e+03 9.158000000000000000e+03 1.934900000000000000e+04 3.623300000000000000e+04 7.854700000000000000e+04 2.083520000000000000e+05 5.284470000000000000e+05 9.486030000000000000e+05 1.013200000000000000e+06 5.820070000000000000e+05 2.209510000000000000e+05 7.583400000000000000e+04 2.435000000000000000e+04 5.927000000000000000e+03 1.262000000000000000e+03 2.360000000000000000e+02 5.100000000000000000e+01
4.600000000000000000e+01 5.410000000000000000e+02 1.864000000000000000e+03 4.079000000000000000e+03 9.158000000000000000e+03 1.934900000000000000e+04 3.623300000000000000e+04 7.854700000000000000e+04 2.083520000000000000e+05 5.284470000000000000e+05 9.486030000000000000e+05 1.013200000000000000e+06 5.820070000000000000e+05 2.209510000000000000e+05 7.583400000000000000e+04 2.435000000000000000e+04 5.927000000000000000e+03 1.262000000000000000e+03 2.360000000000000000e+02 5.100000000000000000e+01
4.600000000000000000e+01 5.410000000000000000e+02 1.864000000000000000e+03 4.079000000000000000e+03 9.158000000000000000e+03 1.934900000000000000e+04 3.623300000000000000e+04 7.854700000000000000e+04 2.083520000000000000e+05 5.284470000000000000e+05 9.486030000000000000e+05 1.013200000000000000e+06 5.820070000000000000e+05 2.209510000000000000e+05 7.583400000000000000e+04 2.435000000000000000e+04 5.927000000000000000e+03 1.262000000000000000e+03 2.360000000000000000e+02 5.100000000000000000e+01
4.600000000000000000e+01 5.410000000000000000e+02 1.864000000000000000e+03 4.079000000000000000e+03 9.158000000000000000e+03 1.934900000000000000e+04 3.623300000000000000e+04 7.854700000000000000e+04 2.083520000000000000e+05 5.284470000000000000e+05 9.486030000000000000e+05 1.013200000000000000e+06 5.820070000000000000e+05 2.209510000000000000e+05 7.583400000000000000e+04 2.435000000000000000e+04 5.927000000000000000e+03 1.262000000000000000e+03 2.360000000000000000e+02 5.100000000000000000e+01
4.600000000000000000e+01 5.410000000000000000e+02 1.864000000000000000e+03 4.079000000000000000e+03 9.158000000000000000e+03 1.934900000000000000e+04 3.623300000000000000e+04 7.854700000000000000e+04 2.083520000000000000e+05 5.284470000000000000e+05 9.486030000000000000e+05 1.013200000000000000e+06 5.820070000000000000e+05 2.209510000000000000e+05 7.583400000000000000e+04 2.435000000000000000e+04 5.927000000000000000e+03 1.262000000000000000e+03 2.360000000000000000e+02 5.100000000000000000e+01
4.600000000000000000e+01 5.410000000000000000e+02 1.864000000000000000e+03 4.079000000000000000e+03 9.158000000000000000e+03 1.934900000000000000e+04 3.623300000000000000e+04 7.854700000000000000e+04 2.083520000000000000e+05 5.284470000000000000e+05 9.486030000000000000e+05 1.013200000000000000e+06 5.820070000000000000e+05 2.209510000000000000e+05 7.583400000000000000e+04 2.435000000000000000e+04 5.927000000000000000e+03 1.262000000000000000e+03 2.360000000000000000e+02 5.100000000000000000e+01
4.600000000000000000e+01 5.410000000000000000e+02 1.864000000000000000e+03 4.079000000000000000e+03 9.158000000000000000e+03 1.934900000000000000e+04 3.623300000000000000e+04 7.854700000000000000e+04 2.083520000000000000e+05 5.284470000000000000e+05 9.486030000000000000e+05 1.013200000000000000e+06 5.820070000000000000e+05 2.209510000000000000e+05 7.583400000000000000e+04 2.435000000000000000e+04 5.927000000000000000e+03 1.262000000000000000e+03 2.360000000000000000e+02 5.100000000000000000e+01
4.600000000000000000e+01 5.410000000000000000e+02 1.864000000000000000e+03 4.079000000000000000e+03 9.158000000000000000e+03 1.934900000000000000e+04 3.623300000000000000e+04 7.854700000000000000e+04 2.083520000000000000e+05 5.284470000000000000e+05 9.486030000000000000e+05 1.013200000000000000e+06 5.820070000000000000e+05 2.209510000000000000e+05 7.583400000000000000e+04 2.435000000000000000e+04 5.927000000000000000e+03 1.262000000000000000e+03 2.360000000000000000e+02 5.100000000000000000e+01
4.600000000000000000e+01 5.410000000000000000e+02 1.864000000000000000e+03 4.079000000000000000e+03 9.158000000000000000e+03 1.934900000000000000e+04 3.623300000000000000e+04 7.854700000000000000e+04 2.083520000000000000e+05 5.284470000000000000e+05 9.486030000000000000e+05 1.013200000000000000e+06 5.820070000000000000e+05 2.209510000000000000e+05 7.583400000000000000e+04 2.435000000000000000e+04 5.927000000000000000e+03 1.262000000000000000e+03 2.360000000000000000e+02 5.100000000000000000e+01
4.600000000000000000e+01 5.410000000000000000e+02 1.864000000000000000e+03 4.079000000000000000e+03 9.158000000000000000e+03 1.934900000000000000e+04 3.623300000000000000e+04 7.854700000000000000e+04 2.083520000000000000e+05 5.284470000000000000e+05 9.486030000000000000e+05 1.013200000000000000e+06 5.820070000000000000e+05 2.209510000000000000e+05 7.583400000000000000e+04 2.435000000000000000e+04 5.927000000000000000e+03 1.262000000000000000e+03 2.360000000000000000e+02 5.100000000000000000e+01
4.600000000000000000e+01 5.410000000000000000e+02 1.864000000000000000e+03 4.079000000000000000e+03 9.158000000000000000e+03 1.934900000000000000e+04 3.623300000000000000e+04 7.854700000000000000e+04 2.083520000000000000e+05 5.284470000000000000e+05 9.486030000000000000e+05 1.013200000000000000e+06 5.820070000000000000e+05 2.209510000000000000e+05 7.583400000000000000e+04 2.435000000000000000e+04 5.927000000000000000e+03 1.262000000000000000e+03 2.360000000000000000e+02 5.100000000000000000e+01
4.600000000000000000e+01 5.410000000000000000e+02 1.864000000000000000e+03 4.079000000000000000e+03 9.158000000000000000e+03 1.934900000000000000e+04 3.623300000000000000e+04 7.854700000000000000e+04 2.083520000000000000e+05 5.284470000000000000e+05 9.486030000000000000e+05 1.013200000000000000e+06 5.820070000000000000e+05 2.209510000000000000e+05 7.583400000000000000e+04 2.435000000000000000e+04 5.927000000000000000e+03 1.262000000000000000e+03 2.360000000000000000e+02 5.100000000000000000e+01
4.600000000000000000e+01 5.410000000000000000e+02 1.864000000000000000e+03 4.079000000000000000e+03 9.158000000000000000e+03 1.934900000000000000e+04 3.623300000000000000e+04 7.854700000000000000e+04 2.083520000000000000e+05 5.284470000000000000e+05 9.486030000000000000e+05 1.013200000000000000e+06 5.820070000000000000e+05 2.209510000000000000e+05 7.583400000000000000e+04 2.435000000000000000e+04 5.927000000000000000e+03 1.262000000000000000e+03 2.360000000000000000e+02 5.100000000000000000e+01
4.600000000000000000e+01 5.410000000000000000e+02 1.864000000000000000e+03 4.079000000000000000e+03 9.158000000000000000e+03 1.934900000000000000e+04 3.623300000000000000e+04 7.854700000000000000e+04 2.083520000000000000e+05 5.284470000000000000e+05 9.486030000000000000e+05 1.013200000000000000e+06 5.820070000000000000e+05 2.209510000000000000e+05 7.583400000000000000e+04 2.435000000000000000e+04 5.927000000000000000e+03 1.262000000000000000e+03 2.360000000000000000e+02 5.100000000000000000e+01
4.600000000000000000e+01 5.410000000000000000e+02 1.864000000000000000e+03 4.079000000000000000e+03 9.158000000000000000e+03 1.934900000000000000e+04 3.623300000000000000e+04 7.854700000000000000e+04 2.083520000000000000e+05 5.284470000000000000e+05 9.486030000000000000e+05 1.013200000000000000e+06 5.820070000000000000e+05 2.209510000000000000e+05 7.583400000000000000e+04 2.435000000000000000e+04 5.927000000000000000e+03 1.262000000000000000e+03 2.360000000000000000e+02 5.100000000000000000e+01
4.600000000000000000e+01 5.410000000000000000e+02 1.864000000000000000e+03 4.079000000000000000e+03 9.158000000000000000e+03 1.934900000000000000e+04 3.623300000000000000e+04 7.854700000000000000e+04 2.083520000000000000e+05 5.284470000000000000e+05 9.486030000000000000e+05 1.013200000000000000e+06 5.820070000000000000e+05 2.209510000000000000e+05 7.583400000000000000e+04 2.435000000000000000e+04 5.927000000000000000e+03 1.262000000000000000e+03 2.360000000000000000e+02 5.100000000000000000e+01
4.600000000000000000e+01 5.410000000000000000e+02 1.864000000000000000e+03 4.079000000000000000e+03 9.158000000000000000e+03 1.934900000000000000e+04 3.623300000000000000e+04 7.854700000000000000e+04 2.083520000000000000e+05 5.284470000000000000e+05 9.486030000000000000e+05 1.013200000000000000e+06 5.820070000000000000e+05 2.209510000000000000e+05 7.583400000000000000e+04 2.435000000000000000e+04 5.927000000000000000e+03 1.262000000000000000e+03 2.360000000000000000e+02 5.100000000000000000e+01
4.600000000000000000e+01 5.410000000000000000e+02 1.864000000000000000e+03 4.079000000000000000e+03 9.158000000000000000e+03 1.934900000000000000e+04 3.623300000000000000e+04 7.854700000000000000e+04 2.083520000000000000e+05 5.284470000000000000e+05 9.486030000000000000e+05 1.013200000000000000e+06 5.820070000000000000e+05 2.209510000000000000e+05 7.583400000000000000e+04 2.435000000000000000e+04 5.927000000000000000e+03 1.262000000000000000e+03 2.360000000000000000e+02 5.100000000000000000e+01
4.600000000000000000e+01 5.410000000000000000e+02 1.864000000000000000e+03 4.079000000000000000e+03 9.158000000000000000e+03 1.934900000000000000e+04 3.623300000000000000e+04 7.854700000000000000e+04 2.083520000000000000e+05 5.284470000000000000e+05 9.486030000000000000e+05 1.013200000000000000e+06 5.820070000000000000e+05 2.209510000000000000e+05 7.583400000000000000e+04 2.435000000000000000e+04 5.927000000000000000e+03 1.262000000000000000e+03 2.360000000000000000e+02 5.100000000000000000e+01
4.600000000000000000e+01 5.410000000000000000e+02 1.864000000000000000e+03 4.079000000000000000e+03 9.158000000000000000e+03 1.934900000000000000e+04 3.623300000000000000e+04 7.854700000000000000e+04 2.083520000000000000e+05 5.284470000000000000e+05 9.486030000000000000e+05 1.013200000000000000e+06 5.820070000000000000e+05 2.209510000000000000e+05 7.583400000000000000e+04 2.435000000000000000e+04 5.927000000000000000e+03 1.262000000000000000e+03 2.360000000000000000e+02 5.100000000000000000e+01
4.600000000000000000e+01 5.410000000000000000e+02 1.864000000000000000e+03 4.079000000000000000e+03 9.158000000000000000e+03 1.934900000000000000e+04 3.623300000000000000e+04 7.854700000000000000e+04 2.083520000000000000e+05 5.284470000000000000e+05 9.486030000000000000e+05 1.013200000000000000e+06 5.820070000000000000e+05 2.209510000000000000e+05 7.583400000000000000e+04 2.435000000000000000e+04 5.927000000000000000e+03 1.262000000000000000e+03 2.360000000000000000e+02 5.100000000000000000e+01
4.600000000000000000e+01 5.410000000000000000e+02 1.864000000000000000e+03 4.079000000000000000e+03 9.158000000000000000e+03 1.934900000000000000e+04 3.623300000000000000e+04 7.854700000000000000e+04 2.083520000000000000e+05 5.284470000000000000e+05 9.486030000000000000e+05 1.013200000000000000e+06 5.820070000000000000e+05 2.209510000000000000e+05 7.583400000000000000e+04 2.435000000000000000e+04 5.927000000000000000e+03 1.262000000000000000e+03 2.360000000000000000e+02 5.100000000000000000e+01
4.600000000000000000e+01 5.410000000000000000e+02 1.864000000000000000e+03 4.079000000000000000e+03 9.158000000000000000e+03 1.934900000000000000e+04 3.623300000000000000e+04 7.854700000000000000e+04 2.083520000000000000e+05 5.284470000000000000e+05 9.486030000000000000e+05 1.013200000000000000e+06 5.820070000000000000e+05 2.209510000000000000e+05 7.583400000000000000e+04 2.435000000000000000e+04 5.927000000000000000e+03 1.262000000000000000e+03 2.360000000000000000e+02 5.100000000000000000e+01
4.600000000000000000e+01 5.410000000000000000e+02 1.864000000000000000e+03 4.079000000000000000e+03 9.158000000000000000e+03 1.934900000000000000e+04 3.623300000000000000e+04 7.854700000000000000e+04 2.083520000000000000e+05 5.284470000000000000e+05 9.486030000000000000e+05 1.013200000000000000e+06 5.820070000000000000e+05 2.209510000000000000e+05 7.583400000000000000e+04 2.435000000000000000e+04 5.927000000000000000e+03 1.262000000000000000e+03 2.360000000000000000e+02 5.100000000000000000e+01
4.600000000000000000e+01 5.410000000000000000e+02 1.864000000000000000e+03 4.079000000000000000e+03 9.158000000000000000e+03 1.934900000000000000e+04 3.623300000000000000e+04 7.854700000000000000e+04 2.083520000000000000e+05 5.284470000000000000e+05 9.486030000000000000e+05 1.013200000000000000e+06 5.820070000000000000e+05 2.209510000000000000e+05 7.583400000000000000e+04 2.435000000000000000e+04 5.927000000000000000e+03 1.262000000000000000e+03 2.360000000000000000e+02 5.100000000000000000e+01
4.600000000000000000e+01 5.410000000000000000e+02 1.864000000000000000e+03 4.079000000000000000e+03 9.158000000000000000e+03 1.934900000000000000e+04 3.623300000000000000e+04 7.854700000000000000e+04 2.083520000000000000e+05 5.284470000000000000e+05 9.486030000000000000e+05 1.013200000000000000e+06 5.820070000000000000e+05 2.209510000000000000e+05 7.583400000000000000e+04 2.435000000000000000e+04 5.927000000000000000e+03 1.262000000000000000e+03 2.360000000000000000e+02 5.100000000000000000e+01
4.600000000000000000e+01 5.410000000000000000e+02 1.864000000000000000e+03 4.079000000000000000e+03 9.158000000000000000e+03 1.934900000000000000e+04 3.623300000000000000e+04 7.854700000000000000e+04 2.083520000000000000e+05 5.284470000000000000e+05 9.486030000000000000e+05 1.013200000000000000e+06 5.820070000000000000e+05 2.209510000000000000e+05 7.583400000000000000e+04 2.435000000000000000e+04 5.927000000000000000e+03 1.262000000000000000e+03 2.360000000000000000e+02 5.100000000000000000e+01
4.600000000000000000e+01 5.410000000000000000e+02 1.864000000000000000e+03 4.079000000000000000e+03 9.158000000000000000e+03 1.934900000000000000e+04 3.623300000000000000e+04 7.854700000000000000e+04 2.083520000000000000e+05 5.284470000000000000e+05 9.486030000000000000e+05 1.013200000000000000e+06 5.820070000000000000e+05 2.209510000000000000e+05 7.583400000000000000e+04 2.435000000000000000e+04 5.927000000000000000e+03 1.262000000000000000e+03 2.360000000000000000e+02 5.100000000000000000e+01
4.600000000000000000e+01 5.410000000000000000e+02 1.864000000000000000e+03 4.079000000000000000e+03 9.158000000000000000e+03 1.934900000000000000e+04 3.623300000000000000e+04 7.854700000000000000e+04 2.083520000000000000e+05 5.284470000000000000e+05 9.486030000000000000e+05 1.013200000000000000e+06 5.820070000000000000e+05 2.209510000000000000e+05 7.583400000000000000e+04 2.435000000000000000e+04 5.927000000000000000e+03 1.262000000000000000e+03 2.360000000000000000e+02 5.100000000000000000e+01
4.600000000000000000e+01 5.410000000000000000e+02 1.864000000000000000e+03 4.079000000000000000e+03 9.158000000000000000e+03 1.934900000000000000e+04 3.623300000000000000e+04 7.854700000000000000e+04 2.083520000000000000e+05 5.284470000000000000e+05 9.486030000000000000e+05 1.013200000000000000e+06 5.820070000000000000e+05 2.209510000000000000e+05 7.583400000000000000e+04 2.435000000000000000e+04 5.927000000000000000e+03 1.262000000000000000e+03 2.360000000000000000e+02 5.100000000000000000e+01
4.600000000000000000e+01 5.410000000000000000e+02 1.864000000000000000e+03 4.079000000000000000e+03 9.158000000000000000e+03 1.934900000000000000e+04 3.623300000000000000e+04 7.854700000000000000e+04 2.083520000000000000e+05 5.284470000000000000e+05 9.486030000000000000e+05 1.013200000000000000e+06 5.820070000000000000e+05 2.209510000000000000e+05 7.583400000000000000e+04 2.435000000000000000e+04 5.927000000000000000e+03 1.262000000000000000e+03 2.360000000000000000e+02 5.100000000000000000e+01
4.600000000000000000e+01 5.410000000000000000e+02 1.864000000000000000e+03 4.079000000000000000e+03 9.158000000000000000e+03 1.934900000000000000e+04 3.623300000000000000e+04 7.854700000000000000e+04 2.083520000000000000e+05 5.284470000000000000e+05 9.486030000000000000e+05 1.013200000000000000e+06 5.820070000000000000e+05 2.209510000000000000e+05 7.583400000000000000e+04 2.435000000000000000e+04 5.927000000000000000e+03 1.262000000000000000e+03 2.360000000000000000e+02 5.100000000000000000e+01
4.600000000000000000e+01 5.410000000000000000e+02 1.864000000000000000e+03 4.079000000000000000e+03 9.158000000000000000e+03 1.934900000000000000e+04 3.623300000000000000e+04 7.854700000000000000e+04 2.083520000000000000e+05 5.284470000000000000e+05 9.486030000000000000e+05 1.013200000000000000e+06 5.820070000000000000e+05 2.209510000000000000e+05 7.583400000000000000e+04 2.435000000000000000e+04 5.927000000000000000e+03 1.262000000000000000e+03 2.360000000000000000e+02 5.100000000000000000e+01
4.600000000000000000e+01 5.410000000000000000e+02 1.864000000000000000e+03 4.079000000000000000e+03 9.158000000000000000e+03 1.934900000000000000e+04 3.623300000000000000e+04 7.854700000000000000e+04 2.083520000000000000e+05 5.284470000000000000e+05 9.486030000000000000e+05 1.013200000000000000e+06 5.820070000000000000e+05 2.209510000000000000e+05 7.583400000000000000e+04 2.435000000000000000e+04 5.927000000000000000e+03 1.262000000000000000e+03 2.360000000000000000e+02 5.100000000000000000e+01
4.600000000000000000e+01 5.410000000000000000e+02 1.864000000000000000e+03 4.079000000000000000e+03 9.158000000000000000e+03 1.934900000000000000e+04 3.623300000000000000e+04 7.854700000000000000e+04 2.083520000000000000e+05 5.284470000000000000e+05 9.486030000000000000e+05 1.013200000000000000e+06 5.820070000000000000e+05 2.209510000000000000e+05 7.583400000000000000e+04 2.435000000000000000e+04 5.927000000000000000e+03 1.262000000000000000e+03 2.360000000000000000e+02 5.100000000000000000e+01
4.600000000000000000e+01 5.410000000000000000e+02 1.864000000000000000e+03 4.079000000000000000e+03 9.158000000000000000e+03 1.934900000000000000e+04 3.623300000000000000e+04 7.854700000000000000e+04 2.083520000000000000e+05 5.284470000000000000e+05 9.486030000000000000e+05 1.013200000000000000e+06 5.820070000000000000e+05 2.209510000000000000e+05 7.583400000000000000e+04 2.435000000000000000e+04 5.927000000000000000e+03 1.262000000000000000e+03 2.360000000000000000e+02 5.100000000000000000e+01
4.600000000000000000e+01 5.410000000000000000e+02 1.864000000000000000e+03 4.079000000000000000e+03 9.158000000000000000e+03 1.934900000000000000e+04 3.623300000000000000e+04 7.854700000000000000e+04 2.083520000000000000e+05 5.284470000000000000e+05 9.486030000000000000e+05 1.013200000000000000e+06 5.820070000000000000e+05 2.209510000000000000e+05 7.583400000000000000e+04 2.435000000000000000e+04 5.927000000000000000e+03 1.262000000000000000e+03 2.360000000000000000e+02 5.100000000000000000e+01
4.600000000000000000e+01 5.410000000000000000e+02 1.864000000000000000e+03 4.079000000000000000e+03 9.158000000000000000e+03 1.934900000000000000e+04 3.623300000000000000e+04 7.854700000000000000e+04 2.083520000000000000e+05 5.284470000000000000e+05 9.486030000000000000e+05 1.013200000000000000e+06 5.820070000000000000e+05 2.209510000000000000e+05 7.583400000000000000e+04 2.435000000000000000e+04 5.927000000000000000e+03 1.262000000000000000e+03 2.360000000000000000e+02 5.100000000000000000e+01
4.600000000000000000e+01 5.410000000000000000e+02 1.864000000000000000e+03 4.079000000000000000e+03 9.158000000000000000e+03 1.934900000000000000e+04 3.623300000000000000e+04 7.854700000000000000e+04 2.083520000000000000e+05 5.284470000000000000e+05 9.486030000000000000e+05 1.013200000000000000e+06 5.820070000000000000e+05 2.209510000000000000e+05 7.583400000000000000e+04 2.435000000000000000e+04 5.927000000000000000e+03 1.262000000000000000e+03 2.360000000000000000e+02 5.100000000000000000e+01
4.600000000000000000e+01 5.410000000000000000e+02 1.864000000000000000e+03 4.079000000000000000e+03 9.158000000000000000e+03 1.934900000000000000e+04 3.623300000000000000e+04 7.854700000000000000e+04 2.083520000000000000e+05 5.284470000000000000e+05 9.486030000000000000e+05 1.013200000000000000e+06 5.820070000000000000e+05 2.209510000000000000e+05 7.583400000000000000e+04 2.435000000000000000e+04 5.927000000000000000e+03 1.262000000000000000e+03 2.360000000000000000e+02 5.100000000000000000e+01
4.600000000000000000e+01 5.410000000000000000e+02 1.864000000000000000e+03 4.079000000000000000e+03 9.158000000000000000e+03 1.934900000000000000e+04 3.623300000000000000e+04 7.854700000000000000e+04 2.083520000000000000e+05 5.284470000000000000e+05 9.486030000000000000e+05 1.013200000000000000e+06 5.820070000000000000e+05 2.209510000000000000e+05 7.583400000000000000e+04 2.435000000000000000e+04 5.927000000000000000e+03 1.262000000000000000e+03 2.360000000000000000e+02 5.100000000000000000e+01
4.600000000000000000e+01 5.410000000000000000e+02 1.864000000000000000e+03 4.079000000000000000e+03 9.158000000000000000e+03 1.934900000000000000e+04 3.623300000000000000e+04 7.854700000000000000e+04 2.083520000000000000e+05 5.284470000000000000e+05 9.486030000000000000e+05 1.013200000000000000e+06 5.820070000000000000e+05 2.209510000000000000e+05 7.583400000000000000e+04 2.435000000000000000e+04 5.927000000000000000e+03 1.262000000000000000e+03 2.360000000000000000e+02 5.100000000000000000e+01
4.600000000000000000e+01 5.410000000000000000e+02 1.864000000000000000e+03 4.079000000000000000e+03 9.158000000000000000e+03 1.934900000000000000e+04 3.623300000000000000e+04 7.854700000000000000e+04 2.083520000000000000e+05 5.284470000000000000e+05 9.486030000000000000e+05 1.013200000000000000e+06 5.820070000000000000e+05 2.209510000000000000e+05 7.583400000000000000e+04 2.435000000000000000e+04 5.927000000000000000e+03 1.262000000000000000e+03 2.360000000000000000e+02 5.100000000000000000e+01
4.600000000000000000e+01 5.410000000000000000e+02 1.864000000000000000e+03 4.079000000000000000e+03 9.158000000000000000e+03 1.934900000000000000e+04 3.623300000000000000e+04 7.854700000000000000e+04 2.083520000000000000e+05 5.284470000000000000e+05 9.486030000000000000e+05 1.013200000000000000e+06 5.820070000000000000e+05 2.209510000000000000e+05 7.583400000000000000e+04 2.435000000000000000e+04 5.927000000000000000e+03 1.262000000000000000e+03 2.360000000000000000e+02 5.100000000000000000e+01
4.600000000000000000e+01 5.410000000000000000e+02 1.864000000000000000e+03 4.079000000000000000e+03 9.158000000000000000e+03 1.934900000000000000e+04 3.623300000000000000e+04 7.854700000000000000e+04 2.083520000000000000e+05 5.284470000000000000e+05 9.486030000000000000e+05 1.013200000000000000e+06 5.820070000000000000e+05 2.209510000000000000e+05 7.583400000000000000e+04 2.435000000000000000e+04 5.927000000000000000e+03 1.262000000000000000e+03 2.360000000000000000e+02 5.100000000000000000e+01
