1.882627742465387347e-02 7.179644384027031312e-03 4.443101340132774892e-03 2.915630556273703100e-03 2.047440950515652929e-03 1.337265376629172319e-03 9.452171560799094542e-04 6.595489431131352576e-04 4.008589281745863196e-04 2.452186646289524147e-04 1.847316958795859056e-04 1.759179073350178454e-04 2.361376455205337066e-04 4.168596275304508355e-04 7.621355536994323804e-04 1.282545579738060462e-03 2.335410284408681938e-03 5.232259355086620219e-03 8.777029320660531542e-03 9.015241839055106871e-03
1.873238808362442248e-02 7.023660960481637947e-03 4.467439583403806300e-03 2.949803434046631943e-03 2.072437572048533867e-03 1.367908954540188573e-03 9.771382681067616264e-04 6.825195409899324599e-04 4.151510944044810281e-04 2.538781526135657982e-04 1.914110085829258477e-04 1.824015324741747556e-04 2.444651695359065517e-04 4.306830519849510217e-04 7.874941289470662603e-04 1.325883761026781663e-03 2.409373334807714782e-03 5.423879360220431982e-03 8.972044649769517904e-03 9.291847946995021243e-03
1.778344154599470137e-02 6.801051884000552245e-03 4.393053790350712889e-03 2.919214702888644694e-03 2.047209664141451391e-03 1.366806980641774305e-03 9.860666947385974494e-04 6.901643000059531864e-04 4.202998290596862002e-04 2.570987469672370712e-04 1.939205236499181727e-04 1.848784407695483836e-04 2.475965179049593079e-04 4.356630929482526436e-04 7.965811998954760217e-04 1.341587191221878597e-03 2.435114598483743408e-03 5.495814196953051865e-03 9.026822929461754408e-03 9.390016121592612008e-03
1.694572545227966687e-02 6.522594300456961876e-03 4.301154617525532187e-03 2.874850229760379534e-03 2.006245519246204444e-03 1.356374003987886228e-03 9.888208767906158693e-04 6.938371908309305842e-04 4.231057991167769912e-04 2.589262816097973648e-04 1.953546231019258372e-04 1.863124995066479863e-04 2.493862910176935458e-04 4.384104786978851765e-04 8.016096662629932377e-04 1.350350167901106374e-03 2.449592661853614885e-03 5.538578409158076941e-03 9.053493538657792980e-03 9.445561813615051955e-03
1.620962752818661326e-02 6.296622657056626972e-03 4.219255927492056996e-03 2.830299941687039640e-03 1.963339208393659243e-03 1.342435030164825828e-03 9.884563886454083605e-04 6.955666179366900995e-04 4.248119201529266544e-04 2.601112802166558589e-04 1.962941189219978881e-04 1.872649510252360756e-04 2.505574886062305554e-04 4.401461951801890517e-04 8.048316070005527871e-04 1.356054177056928564e-03 2.459212204339806477e-03 5.568535934414286723e-03 9.069278765028481598e-03 9.479532658153530522e-03
1.556478861085990387e-02 6.135047516893643582e-03 4.152677075098095728e-03 2.789476430188500642e-03 1.921716404281884625e-03 1.327082915981784824e-03 9.861033184826407602e-04 6.959922686196894125e-04 4.258469332940605936e-04 2.609217163711371112e-04 1.969497221799281102e-04 1.879419113968116531e-04 2.513764174820684334e-04 4.413056646844393965e-04 8.070423004803518657e-04 1.360055923169763495e-03 2.466252693589771929e-03 5.591627122206174055e-03 9.079804955042918360e-03 9.501307502339909755e-03
1.503882008208734175e-02 6.015865096443324261e-03 4.102069787755172579e-03 2.753049373620096267e-03 1.882142200313793173e-03 1.310891709310034545e-03 9.824014966841184641e-04 6.953204712548664325e-04 4.263815634093557185e-04 2.614805966222637701e-04 1.974200552893138618e-04 1.884404115465548694e-04 2.519672660219052099e-04 4.420910824681327793e-04 8.086065885551793272e-04 1.362998980643387271e-03 2.471879314931215831e-03 5.611086837071403016e-03 9.087564287346311040e-03 9.514692856074761368e-03
1.459092682799071998e-02 5.935214161759786410e-03 4.062394940958270056e-03 2.720716839617110840e-03 1.846851270110844764e-03 1.295128708785373483e-03 9.778256826335903710e-04 6.937461572654024912e-04 4.264600211702754187e-04 2.618429457507197950e-04 1.977532564928059192e-04 1.888106997625936577e-04 2.523936129721904287e-04 4.426049195035816532e-04 8.097106807811419067e-04 1.365223024262710808e-03 2.476791603584232396e-03 5.628841549474816221e-03 9.093697062747815169e-03 9.521524090815103661e-03
1.422217066336668202e-02 5.876139872215333654e-03 4.028651222204341145e-03 2.692493746787213461e-03 1.818215945247303802e-03 1.281049460247292134e-03 9.725502022401538542e-04 6.914072439831243965e-04 4.261448189614752322e-04 2.620314739022794781e-04 1.979759585771651822e-04 1.890809900913687533e-04 2.526928685652586148e-04 4.429057835895403158e-04 8.104640522296012841e-04 1.366952666506483739e-03 2.481568180896955370e-03 5.646347624779961619e-03 9.098937813363031091e-03 9.521992948792658978e-03
1.389262707323902189e-02 5.845143953991662270e-03 3.997611085554384630e-03 2.669732391893352152e-03 1.798941257333722772e-03 1.270515663597906065e-03 9.665455231350584620e-04 6.883300053618008653e-04 4.255165423814778075e-04 2.620649356072763357e-04 1.981015061349946803e-04 1.892635513592883650e-04 2.528876603203859146e-04 4.430292533449351486e-04 8.109266774762283365e-04 1.368387540540937303e-03 2.486626985435295891e-03 5.663924505964631172e-03 9.103752373208663304e-03 9.516717499504790886e-03
1.360973270604721140e-02 5.829800595633233273e-03 3.968715514493600764e-03 2.651618706660958599e-03 1.789099974159380491e-03 1.264585799316176326e-03 9.606890078423162369e-04 6.852730643966455917e-04 4.246843507876101021e-04 2.619635383796904780e-04 1.981404106234857857e-04 1.893688581720174506e-04 2.530008447744126645e-04 4.429973349167111050e-04 8.111554496809740252e-04 1.369617802765320637e-03 2.491297357334848299e-03 5.676927215984639910e-03 9.109033196637240232e-03 9.504136107472688569e-03
1.335012826933576480e-02 5.810906969113864041e-03 3.938465767753349112e-03 2.636929044856353970e-03 1.788127747760742464e-03 1.263226932082585048e-03 9.561697315402661749e-04 6.828820815179714081e-04 4.237548669704940753e-04 2.617634021839420548e-04 1.981093540036034189e-04 1.894129339025672266e-04 2.530468101767294046e-04 4.428225469116472599e-04 8.112254928311149471e-04 1.370537423364312588e-03 2.493116347005667338e-03 5.677398421299612551e-03 9.116755101708381992e-03 9.482328951810788109e-03
1.311932160854292415e-02 5.802014466481754569e-03 3.904469874156671350e-03 2.628426384724292901e-03 1.793899442182436124e-03 1.263782454156077732e-03 9.537187930156289586e-04 6.812945998990211239e-04 4.228520344146897221e-04 2.614935476248093893e-04 1.980220094979454894e-04 1.894283409846879982e-04 2.530459136786435137e-04 4.425602318673146733e-04 8.112174901297946423e-04 1.371496628610445858e-03 2.490960240004989369e-03 5.664572524419016555e-03 9.126785988488362450e-03 9.448669009200064139e-03
1.282464551490526510e-02 5.776391885242163939e-03 3.875589965700762876e-03 2.621580168926264127e-03 1.806248829295096451e-03 1.266329851359459559e-03 9.538254660644417560e-04 6.801324154028910805e-04 4.220803343118342084e-04 2.611422754056972858e-04 1.978637696314950627e-04 1.894309000215958869e-04 2.530080108696511408e-04 4.422231759360585796e-04 8.114150021538646613e-04 1.373344161421085566e-03 2.490172121390468556e-03 5.625610351928641249e-03 9.139380789943146385e-03 9.397476506522246115e-03
1.247370021784664079e-02 5.894914481106701583e-03 3.862599684997925983e-03 2.616235699902454311e-03 1.822262077603402494e-03 1.269401788047113105e-03 9.541208755650132118e-04 6.787069766799132178e-04 4.213195853161834565e-04 2.606810567398493302e-04 1.975941922401678956e-04 1.893877039689713132e-04 2.529299359324385828e-04 4.417113825545718555e-04 8.116024829431826501e-04 1.376565859700957725e-03 2.492854571708744658e-03 5.577445676456053818e-03 9.150798878168773728e-03 9.321394039660287414e-03
1.218468487740414358e-02 6.333192243447082447e-03 3.891532690363441824e-03 2.611130506280548436e-03 1.835809497215032263e-03 1.271447975226109271e-03 9.510881161237845233e-04 6.765800762523513064e-04 4.205009029002262943e-04 2.602872049530409178e-04 1.972443015399101042e-04 1.892632746465835591e-04 2.527833473587977266e-04 4.408725116219942039e-04 8.112954820247020174e-04 1.381045510062990991e-03 2.495322245061574670e-03 5.523403547428424286e-03 9.149825382102030891e-03 9.210190810231964897e-03
1.193421731905640326e-02 7.296184613449761304e-03 4.003587497618228165e-03 2.623374151843337315e-03 1.843535547682942930e-03 1.270985027480854264e-03 9.482343723500113401e-04 6.762018492668509352e-04 4.211080699916609120e-04 2.611975924623263366e-04 1.973155453092461265e-04 1.891737958039924462e-04 2.525553371630828909e-04 4.395445715661647776e-04 8.101530667069800889e-04 1.386801133030169785e-03 2.490497386957688485e-03 5.442343558589294271e-03 9.090329785341860411e-03 9.052675272963762315e-03
1.186433772978709791e-02 8.546167228919297060e-03 4.188202864968380151e-03 2.649023210422702182e-03 1.847675404790060857e-03 1.273632376690044194e-03 9.515235809302894591e-04 6.826900111351442502e-04 4.263277965768101012e-04 2.653544312484513177e-04 1.986232093108732523e-04 1.895210931506724006e-04 2.525154885376013005e-04 4.379657366857391703e-04 8.087817617764309509e-04 1.395698867012765739e-03 2.474555587241997028e-03 5.313747338378211477e-03 8.923774494018758829e-03 8.832738101322241964e-03
1.248656161000842417e-02 9.993960368001750250e-03 4.429377794041247651e-03 2.696490219133071669e-03 1.859569654881369121e-03 1.290201573464276651e-03 9.703368046470847762e-04 7.023004727275274734e-04 4.391188528032644815e-04 2.733957162370558914e-04 2.022173950404130389e-04 1.909169563577852954e-04 2.533425531802591829e-04 4.368765465883609400e-04 8.085244385575245238e-04 1.410926456742580236e-03 2.458443681541607265e-03 5.168280466294581862e-03 8.861703283395045566e-03 8.566039673482144304e-03
1.426486171335356913e-02 1.127803079075263143e-02 4.710910880096551637e-03 2.791901958273064477e-03 1.895481580419440667e-03 1.326808898706798934e-03 1.007090541190027669e-03 7.387339071696053753e-04 4.647772650645192556e-04 2.896759831098147278e-04 2.112040002691705019e-04 1.950030067346389861e-04 2.564497035768061473e-04 4.378477785473177037e-04 8.109603807480975481e-04 1.435691185089829538e-03 2.466919112649430292e-03 5.114851841498430085e-03 9.095942027282722178e-03 8.250705568697242615e-03
1.617624681956467483e-02 1.220240916905477625e-02 5.019018382990837052e-03 2.926692612548111461e-03 1.963836306357730471e-03 1.385256656228537079e-03 1.063521015292718044e-03 7.948077782770260726e-04 5.050651871279137131e-04 3.157090506617549110e-04 2.269871337710459985e-04 2.044902425475241274e-04 2.647619782398845725e-04 4.435819743214481953e-04 8.190939818603878205e-04 1.473914772336485778e-03 2.511661782238460306e-03 5.191361245871528238e-03 9.401009535497594286e-03 7.942502856814673620e-03
1.668901973751932277e-02 1.261801817325857757e-02 5.244174678266227789e-03 3.088699090446993516e-03 2.070466935674745122e-03 1.460039810942445138e-03 1.144795396880004439e-03 8.761403917239044773e-04 5.572947908385143118e-04 3.459255682148867830e-04 2.472663447612502021e-04 2.211029129754175004e-04 2.820890254306063129e-04 4.595052005694382543e-04 8.391833395108394371e-04 1.526346008252398153e-03 2.614318602158513614e-03 5.428552415592586937e-03 9.739109100424242840e-03 8.011753946104578292e-03
1.637673768230302890e-02 1.242517272187909638e-02 5.365582402719832125e-03 3.272685852805185414e-03 2.234417912109793337e-03 1.591910003307541073e-03 1.302961307543386207e-03 1.002084677046172689e-03 6.211497433485042635e-04 3.798627587554829392e-04 2.721112310297024326e-04 2.457270674111207399e-04 3.126707153899031593e-04 4.940675993824867294e-04 8.834791184489140369e-04 1.609814697789813337e-03 2.809757211388420189e-03 5.833412502035933284e-03 1.022628555126486004e-02 9.209982340401715734e-03
1.660723143915666597e-02 1.183098356751747203e-02 5.475261579612900574e-03 3.554933391290845783e-03 2.505988794780970863e-03 1.829508257221232250e-03 1.577724766181182918e-03 1.202018745145702529e-03 7.095420473115149123e-04 4.246595482278687833e-04 3.052832803289847407e-04 2.794293285602508217e-04 3.589415832189880688e-04 5.565393029556000518e-04 9.716164911878884475e-04 1.760367885962883013e-03 3.146581295083334794e-03 6.474662519286299676e-03 1.107053070492348794e-02 1.212229115448043570e-02
1.921054215975195531e-02 1.109474699226484402e-02 5.711393202472328338e-03 4.065186166418826783e-03 2.966539834895972477e-03 2.182718561196256724e-03 1.956115158462103272e-03 1.477822891319157967e-03 8.364287641586394236e-04 4.874452991754014996e-04 3.500541117679789116e-04 3.233568590498578452e-04 4.199609004780294197e-04 6.534470648035012492e-04 1.137472116552695062e-03 2.055578221766281299e-03 3.693353251419034811e-03 7.567470154546057995e-03 1.291096781023374530e-02 1.592833919324560671e-02
2.453515949534397153e-02 1.027523718665432004e-02 6.452190214092773032e-03 5.331257869203650732e-03 3.972257637614300639e-03 3.016266406343341006e-03 2.842679219690220308e-03 2.034769833735243245e-03 1.100546709872671919e-03 6.157674688316625402e-04 4.351874955757136236e-04 4.030682671668649902e-04 5.361318809205193854e-04 8.817245875501769853e-04 1.600271554392293473e-03 2.835891547402099883e-03 4.863431143105678874e-03 9.871650900484814362e-03 1.634417322833167652e-02 1.884397394670853099e-02
4.349064637328207972e-02 1.330578840032286235e-02 1.042812975575828707e-02 8.989023093565676539e-03 6.484585667443316069e-03 4.874456020358934258e-03 3.928601260318806757e-03 2.604676952926260249e-03 1.437548687484892446e-03 8.324893023935000559e-04 5.979733082281740112e-04 5.506670010301542790e-04 7.335614364771393496e-04 1.240662393863471149e-03 2.303042480044023132e-03 4.167080371891545426e-03 7.363304376695556895e-03 1.370737366647375305e-02 1.844732993872117213e-02 1.457202525657602839e-02
7.111533897166009976e-02 1.797665589896864369e-02 1.206490516517948718e-02 1.013399044518916922e-02 7.745405162113153108e-03 5.664153182539505976e-03 4.230247927303723739e-03 2.791346031391939500e-03 1.561695951810086573e-03 9.380837322226030089e-04 6.893648542455672228e-04 6.444012367482904180e-04 8.559059434029091902e-04 1.421523280683850568e-03 2.647030870830389005e-03 4.774950781046988398e-03 9.093383164560858017e-03 1.925928592055984809e-02 2.711320211069379038e-02 3.525530722888931684e-02
5.765678598065825111e-02 1.780447350629504877e-02 1.148255979784260430e-02 9.331348925332130090e-03 7.145473489228056779e-03 5.090910700550966769e-03 3.839885385208721170e-03 2.703410128519674778e-03 1.605865047877830546e-03 9.946451679082749051e-04 7.375590714665514712e-04 7.002202669550272986e-04 9.189959165672535518e-04 1.521930261322847373e-03 2.847533112567434722e-03 5.023260983969584509e-03 9.871577387308974258e-03 2.490894349280102157e-02 4.002940081031726438e-02 4.122241519336104082e-02
4.646401029754435030e-02 2.552445077956227298e-02 1.466483212222709047e-02 9.812912336213411302e-03 6.805494746881124261e-03 4.649260395619558492e-03 3.606741228464299676e-03 2.639001096378200319e-03 1.628940830806266393e-03 1.024255384513514519e-03 7.657549319232610004e-04 7.298213501701330879e-04 9.492624492766086252e-04 1.585620843256031233e-03 2.950572712949816635e-03 5.212591927732272007e-03 9.488869445518830631e-03 2.212359854206275359e-02 3.169198223252311930e-02 3.241828513300071962e-02
5.572682983585596633e-02 3.576308862834892688e-02 1.905617932404311474e-02 1.145701138855144581e-02 7.069258024896177273e-03 4.482682474863357823e-03 3.449227983166104541e-03 2.621458735832969331e-03 1.635426090340511484e-03 1.015946544071858306e-03 7.548972619839389164e-04 7.144052108224919389e-04 9.315837325683805651e-04 1.596727963622197486e-03 3.037578509077275106e-03 5.377857929009403903e-03 7.886580603753946817e-03 1.459884735659441705e-02 3.081161799602085902e-02 6.278913549205336619e-02
5.722156680008155111e-02 3.746820061093523307e-02 1.957009457678907799e-02 1.096905597565624862e-02 6.596073526437637446e-03 4.196261960068980654e-03 3.192423326570843073e-03 2.492888370871034799e-03 1.575453899135370638e-03 9.566466274175771094e-04 6.940197450868209467e-04 6.490631816346133448e-04 8.627228857450288746e-04 1.520744135251555487e-03 2.935738943323510687e-03 5.318628332993547390e-03 6.609810185735623747e-03 1.155961861909009410e-02 3.119668198597970107e-02 7.074799508711850093e-02
4.633154034272427696e-02 3.055151483513416505e-02 1.693133817462533913e-02 9.575897374839418066e-03 5.806060026481622491e-03 3.852177454876825041e-03 2.873909141573306909e-03 2.175887821423893361e-03 1.386759875233758510e-03 8.294448644221269051e-04 5.912767145262987599e-04 5.537288290561458593e-04 7.566428514765024486e-04 1.379222496025945838e-03 2.672457327003246574e-03 5.102535615376450374e-03 5.805191819877899423e-03 8.810965496128066177e-03 2.369954385092936516e-02 5.439905659181717285e-02
3.825089749166372260e-02 2.642289732116021028e-02 1.650170272071544916e-02 9.802373209766635995e-03 5.795865641934216592e-03 3.906018463626153344e-03 2.804754847833441488e-03 1.938068003662204476e-03 1.183792091160703469e-03 7.038578002290701895e-04 5.104752120436397344e-04 4.814758364816507986e-04 6.654080206257281587e-04 1.226507247593576662e-03 2.357623707464820331e-03 4.446918825714370367e-03 5.575286645316976548e-03 8.245404798472336441e-03 1.624542832520951136e-02 3.524505329333336989e-02
3.686714189263991942e-02 2.842198662333388429e-02 1.738486872360883728e-02 1.042137692554877086e-02 6.234274339128537470e-03 4.243021862611703020e-03 2.954041132797233845e-03 1.917535201817179881e-03 1.115801851529117867e-03 6.537386390531204879e-04 4.796757546303392732e-04 4.563140714998571777e-04 6.284815615455796372e-04 1.144672487668290089e-03 2.203782403977405831e-03 3.933974280400716339e-03 5.898084329140495727e-03 9.039857520461564572e-03 1.633129176051119694e-02 2.436526103703609905e-02
3.620740038074554690e-02 2.868481156295287979e-02 1.692153635146154134e-02 1.017741902982008916e-02 6.192471680103979817e-03 4.259032997930690609e-03 3.010502739235641854e-03 1.936042079239606644e-03 1.076180515977678701e-03 6.091692472396400106e-04 4.470819410067913661e-04 4.369342361576828608e-04 6.097477131934989428e-04 1.109167764560817096e-03 2.134572479691582841e-03 3.724063251894121560e-03 6.195057272085455202e-03 9.998595583961817149e-03 1.911946799934487878e-02 3.245524036724469624e-02
3.423339441057567795e-02 2.747870329981443385e-02 1.591194280544654463e-02 9.483145031888825030e-03 5.789829852156948113e-03 4.078196130664234718e-03 3.005702787856696836e-03 1.909490277220846988e-03 1.006046686264044313e-03 5.470792081196207239e-04 4.061176780210344465e-04 4.074304225391819413e-04 5.864560253223508350e-04 1.095507559097240848e-03 2.113954260098037646e-03 3.648914907872413595e-03 6.072499902786230620e-03 9.875528325040142108e-03 1.967647949784482111e-02 4.269380856325483836e-02
3.369602207610829236e-02 2.700707396038466365e-02 1.558760571494222959e-02 9.242729637768495876e-03 5.682885432080422156e-03 4.051588211554360899e-03 3.037304894537137725e-03 1.827084717554865873e-03 9.280518421430041442e-04 4.921998129053537299e-04 3.685559706399444617e-04 3.712573874291824855e-04 5.410673191193470519e-04 1.048122213560904710e-03 2.089031561631149881e-03 3.719854580160572664e-03 5.925843822177786872e-03 9.061201302242036584e-03 1.681531835839852884e-02 4.055583014831281446e-02
3.703128625494128690e-02 3.028754735111984994e-02 1.774644169881347405e-02 1.051692061996727275e-02 6.541324742098896493e-03 4.334361111839828314e-03 2.885572105310398733e-03 1.692590015655191880e-03 8.722499863142124492e-04 4.637400227213199716e-04 3.417014176328977471e-04 3.389559247378179461e-04 4.838312311322398086e-04 9.669070516631167412e-04 1.971850456441863290e-03 3.604175320177967299e-03 5.707295422468577732e-03 9.068867638453135399e-03 1.879131730266782666e-02 3.502918105510816754e-02
4.025233318566168172e-02 3.394961109947469691e-02 2.047872724659227997e-02 1.191028923089789207e-02 7.080084531460619814e-03 4.414878134806135557e-03 2.652495094081639120e-03 1.582317999415319351e-03 8.479766848932132834e-04 4.522506465934417273e-04 3.285962884565370948e-04 3.184067272398404241e-04 4.413044923366117481e-04 8.888202216565584688e-04 1.843583578924960688e-03 3.447706973473744791e-03 5.661170097447790379e-03 1.053945048380078992e-02 2.554264137175236288e-02 3.102001769868018011e-02
3.559735957348413027e-02 3.168495393647159653e-02 1.980714108971747336e-02 1.143149113280043927e-02 6.399010755404708518e-03 4.130640603767560780e-03 2.532534032873301217e-03 1.490276701224501872e-03 8.161818191667840174e-04 4.440042741321425092e-04 3.242936032690746351e-04 3.074662771222422546e-04 4.252510416415915132e-04 8.578516851599808039e-04 1.807537046432348971e-03 3.372255990347335607e-03 5.414598120491814943e-03 1.151755008431395652e-02 2.831355605223875513e-02 2.178186767828044212e-02
2.511582607182619858e-02 2.540002380709821539e-02 1.704671395214198484e-02 9.758066206625840705e-03 5.461521868959226186e-03 3.767845357245307256e-03 2.367503159425342688e-03 1.402965819717934314e-03 7.813448871560521852e-04 4.304986682248324796e-04 3.180735641160137642e-04 3.027198859777399708e-04 4.287412700203560708e-04 8.540105210588079619e-04 1.752992484197873728e-03 3.251021962454500418e-03 5.561656538514386620e-03 1.265649485939902494e-02 2.806808938757459140e-02 1.260450908498002461e-02
3.193989442447538185e-02 2.689522879870481775e-02 1.657519924734407110e-02 8.997048405866242202e-03 5.047525053996348814e-03 3.408163132911644008e-03 2.227003348929776100e-03 1.344731201604667473e-03 7.538079755973555070e-04 4.186623050622707842e-04 3.088354756370492575e-04 2.990018735815174735e-04 4.385866416082282761e-04 8.645513671585537468e-04 1.725046618061393993e-03 3.287518529203090328e-03 5.968360985803141186e-03 1.308715523828932019e-02 2.609955732972241149e-02 1.569269701130433445e-02
2.423726779239921900e-02 2.536342321817455087e-02 1.644147983356588488e-02 8.802218684900919507e-03 5.024696570021948416e-03 3.193240601721770034e-03 2.153020193631559418e-03 1.303752971314889883e-03 7.180346586852240842e-04 4.041054248367093038e-04 2.970887811553680233e-04 2.901704532481700835e-04 4.335764534675458186e-04 8.448140372541909898e-04 1.658835112334718781e-03 3.232149840862147405e-03 5.944193826431678693e-03 1.256374218689448874e-02 2.286186293830901745e-02 1.351601480970542404e-02
2.203140639139456597e-02 2.318365545351054602e-02 1.455774030271886517e-02 7.788667599090220994e-03 4.658937631588933211e-03 2.968194267302639612e-03 2.063268737476048158e-03 1.272326768495164045e-03 6.895168791575036768e-04 3.887229646672594671e-04 2.858753870844627865e-04 2.800233101284762432e-04 4.123107904477046198e-04 7.878397663098307257e-04 1.504187747139712874e-03 2.897894805266735055e-03 5.389299443879344911e-03 1.052027548170963132e-02 2.192842595282060852e-02 8.841962596747712094e-03
3.146789914367557894e-02 2.402945556982971978e-02 1.359160246908627453e-02 7.145293011508774446e-03 4.191582012165583765e-03 2.824535142949682453e-03 2.038951501489550625e-03 1.274435691758643834e-03 6.773504454931852676e-04 3.756648045095918663e-04 2.748842939242038025e-04 2.708684825561962373e-04 3.910942534241193427e-04 7.417890315439137168e-04 1.370509457858611491e-03 2.444932972541649999e-03 4.701544450762872550e-03 9.092872551489441027e-03 2.298313811756513489e-02 1.131094945952568383e-02
2.219713811697201014e-02 1.825315844194972531e-02 1.067186730395064571e-02 5.968903545521689682e-03 3.640792032234479308e-03 2.603841978525597758e-03 1.966098155184437674e-03 1.240203510629477122e-03 6.539902016952501467e-04 3.600227940736033566e-04 2.617758946714410511e-04 2.586626263717401722e-04 3.682155463528300268e-04 6.939517244143422574e-04 1.256642711216497243e-03 2.124706851320346760e-03 4.263231329309134787e-03 9.284840675589409870e-03 2.173311130598767210e-02 1.498383867354430993e-02
1.073396315253734995e-02 1.001996418268713898e-02 6.516206994795248862e-03 4.085175255996745421e-03 2.845747538490110175e-03 2.192991937938772694e-03 1.783524767102132773e-03 1.154515241468744794e-03 6.144408274174487442e-04 3.343140969009484719e-04 2.403223598822504725e-04 2.367787570556529643e-04 3.377131840403996299e-04 6.324689651756055251e-04 1.100020152571051660e-03 1.838440380596365617e-03 3.819649910848223282e-03 8.711530994915308440e-03 1.779787242829987057e-02 1.943169923702193352e-02
5.814324640853455427e-03 6.474736579271386967e-03 4.750030177846292084e-03 3.167959539130126099e-03 2.349283347806276154e-03 1.948791939253574721e-03 1.630890147583471776e-03 1.051140049913533046e-03 5.599640466479896507e-04 3.010021104466743510e-04 2.118386898446161912e-04 2.080250052636162044e-04 2.997791506521236605e-04 5.625444711122308235e-04 9.503659199504833031e-04 1.545883475394306452e-03 3.254269391210495594e-03 7.100238446234131279e-03 1.482756295359088927e-02 2.567277141223551357e-02
7.369386196817608557e-03 6.700326709959287044e-03 4.542558257609270213e-03 2.749004443365985189e-03 2.039653910920780858e-03 1.703522833625886919e-03 1.425553735370906289e-03 9.272015734470325909e-04 4.918280967621665653e-04 2.605784385672391362e-04 1.820434690996837175e-04 1.788403962045064747e-04 2.599489884149332056e-04 4.934867379747219247e-04 8.152976844195105243e-04 1.271061417298423226e-03 2.605317219178548364e-03 5.270808233871346858e-03 1.156309581019469845e-02 2.509447654620702503e-02
5.682244104672154114e-03 5.118735624191336764e-03 3.749299345016489544e-03 2.502301324260337075e-03 1.872630920853917986e-03 1.475868593984184293e-03 1.194639533635478632e-03 7.978118755593055543e-04 4.172959516455719510e-04 2.151114998743849753e-04 1.507625218633906403e-04 1.482597338680888884e-04 2.173710888545347356e-04 4.179661813749223809e-04 6.873005840535534143e-04 1.095927508465566321e-03 2.184460780680538925e-03 3.878827959118791822e-03 5.498675190898040174e-03 1.046228605632109655e-02
3.758782618295006348e-03 3.109150576939664640e-03 2.661322925897624016e-03 2.074172455748535693e-03 1.617072831635607598e-03 1.321936111900034712e-03 1.018306069062523351e-03 6.746693481771816672e-04 3.413041346642828821e-04 1.730352797596531461e-04 1.211234784361542457e-04 1.190889947604157321e-04 1.760287019352162533e-04 3.416720905527942712e-04 5.941984071087456866e-04 1.005826124215079657e-03 2.028722494718704968e-03 3.565531218259512282e-03 5.592944494135773832e-03 3.216149096089815970e-03
5.635759926009877886e-03 3.332845783564769571e-03 2.596374497730159856e-03 1.876837741982034964e-03 1.476543554851196321e-03 1.147930114865369083e-03 8.626180816626142795e-04 5.475638259273850122e-04 2.682851691386852594e-04 1.383428344477888729e-04 9.707334178832378239e-05 9.570777832025072142e-05 1.418850904616203326e-04 2.837610881168541412e-04 5.469129267840679848e-04 9.669470770541657928e-04 1.866588614412471609e-03 3.283415391247948133e-03 5.069223561933225951e-03 2.169407850848945486e-03
5.680945079332806562e-03 3.427828461290994937e-03 2.541228328348688927e-03 1.653549998944935486e-03 1.257057630299603535e-03 9.296131851094784505e-04 6.748376033130576782e-04 4.263513105727578844e-04 2.115084108958660330e-04 1.086103261360805088e-04 7.791229888568670351e-05 7.793021726517694006e-05 1.170732029313235553e-04 2.353241172303609696e-04 4.627484205418020877e-04 8.078226241881703669e-04 1.476397296201849675e-03 2.822753468618116861e-03 4.735755515518936913e-03 2.722823717510602665e-03
1.224641591660756076e-02 3.645537974075999024e-03 2.347137030359686561e-03 1.411380485856045339e-03 9.846412896228481319e-04 7.126103954821795799e-04 5.309237541947970946e-04 3.351789675985527087e-04 1.695286388620424311e-04 8.680744973913835703e-05 6.300374993019252300e-05 6.253774683836692109e-05 9.288467000860844991e-05 1.855513289812157766e-04 3.576379104803771320e-04 5.890900295999078242e-04 9.759103660513994503e-04 1.825129176351112520e-03 3.329259166169363637e-03 6.326662192026764539e-03
1.188529627285928383e-02 4.127351176513799694e-03 2.007469826814606371e-03 1.093038075081688865e-03 6.623018851339496560e-04 4.902584534558188274e-04 4.240268958283107108e-04 2.535742670663122160e-04 1.346653369085868703e-04 7.166067840124039107e-05 5.112118344157216121e-05 5.058972665666401923e-05 7.517000795955791268e-05 1.447351862364709360e-04 2.651164864815492455e-04 3.856487014884852921e-04 6.756842035891012701e-04 1.374051060658625090e-03 2.258873329971353410e-03 3.744833492649964589e-03
8.613076530580845644e-03 4.416538826457204990e-03 1.840610292669792383e-03 8.948558038416249468e-04 4.432789095355632591e-04 3.474154739590517541e-04 3.519388843782468947e-04 1.980115198565351238e-04 1.064637717045339613e-04 5.754160396477565621e-05 4.161704671078411032e-05 4.088748760642996790e-05 5.916336008316346403e-05 1.126777087326576908e-04 1.998360224282442414e-04 2.805322357799454303e-04 5.475840202293177266e-04 1.195176101288786003e-03 1.751423317667004462e-03 2.478906805913819091e-03
6.200188891620294664e-03 3.529376604497352649e-03 1.613778521088620778e-03 8.347400527413901877e-04 4.255181493071204875e-04 3.077554499303154409e-04 3.015029497500382595e-04 1.650015481136965349e-04 8.352792850301275893e-05 4.521496714572072558e-05 3.329152317341195169e-05 3.262251019384930620e-05 4.630524658497514720e-05 8.717358732794321130e-05 1.509898938202236193e-04 2.238529013197348549e-04 4.700611870901513388e-04 9.853284300575747799e-04 1.406811263257813117e-03 2.517605922627419793e-03
3.274672756800553822e-03 2.137374185487990463e-03 1.084089847733646405e-03 6.267646554564515167e-04 3.483711908782330760e-04 2.526612356549176163e-04 2.467324525775365317e-04 1.372100714581860439e-04 6.724266202567073802e-05 3.594746289218676632e-05 2.598159639205912801e-05 2.506253147539525025e-05 3.591781672920427496e-05 6.666904624691578332e-05 1.129854829639742635e-04 1.679304599120646493e-04 3.513837530032010593e-04 7.679152376525898637e-04 1.502479343689746292e-03 2.456585391545538892e-03
1.829198601333009407e-03 1.134480515805910347e-03 6.326945195633264414e-04 3.938988755758615992e-04 2.334177309186435403e-04 1.822235083602797548e-04 1.880182447969310725e-04 1.062724721824396070e-04 5.174520273065471248e-05 2.727844311621794890e-05 1.962620818236760685e-05 1.893193269298743073e-05 2.662526378871700512e-05 4.950797410091701292e-05 8.709332310470751398e-05 1.361799568955408303e-04 2.696154563701968544e-04 5.289704325362820994e-04 1.019844498464732383e-03 1.552762398523065092e-03
1.178059278015260733e-03 5.948006155610506291e-04 3.793852691368752622e-04 2.476964435848736344e-04 1.550567359783613583e-04 1.278373914239178848e-04 1.289324758407205096e-04 7.398089313415238965e-05 3.658722504920554932e-05 2.024727867931530584e-05 1.507598717535868024e-05 1.451822013624900943e-05 1.989800755528498539e-05 3.723436057722763850e-05 6.623069698894996167e-05 1.109273428212583369e-04 2.015906057355570089e-04 3.673670240387984123e-04 5.874339939712421715e-04 7.261855012862238621e-04
7.592193136928838395e-04 6.387519814809101189e-04 4.061747479254246415e-04 2.364322571625034660e-04 1.405016682338921727e-04 1.036720465445525879e-04 9.046221809486195591e-05 5.659074330184415258e-05 2.947515891357720109e-05 1.648577618765285308e-05 1.228839908363405425e-05 1.180958466501037206e-05 1.586444627635356155e-05 2.831394605051934475e-05 5.152137302594479251e-05 9.261190012098466362e-05 1.684486323518360931e-04 3.703453527945799054e-04 1.091598238934802546e-03 2.158187794718269704e-03
6.184666407046385652e-04 4.903393562504760684e-04 2.903894134537160347e-04 1.728780951958720259e-04 1.108676035124367290e-04 7.407139647526179028e-05 5.859365625749594995e-05 4.142231662359463626e-05 2.391099144661307393e-05 1.331900351368664833e-05 9.964659715672813674e-06 9.594007968258531463e-06 1.290749552980752549e-05 2.322414477106450750e-05 4.459302398461726887e-05 8.244275535219184041e-05 1.468035643371207188e-04 3.283542546664768112e-04 9.956457211408701897e-04 1.586408626640668264e-03
4.242716830866806888e-04 2.857251426121345779e-04 1.964717008519658551e-04 1.340666142398691865e-04 8.511203494372943633e-05 5.603997514792655600e-05 4.223726915481214214e-05 3.006203707908362317e-05 1.745071542512480268e-05 1.000890345544787411e-05 7.693696283100802733e-06 7.335339323925678597e-06 9.712859539982991559e-06 1.725065671062969250e-05 3.323071994395639865e-05 6.086841736249676358e-05 1.060033687698307608e-04 1.972146783170563591e-04 4.585134950360143162e-04 5.292815009474695310e-04
3.501494016467423523e-04 1.716246608852984678e-04 1.267783255260031511e-04 9.256996237846140110e-05 6.121327778578008084e-05 3.972942488218980710e-05 2.957929180089982488e-05 2.032864150890944559e-05 1.187323617287820335e-05 7.061495109806565956e-06 5.332574136963792812e-06 5.104493092909875946e-06 6.774545958656159319e-06 1.179561510480832347e-05 2.221213710507585491e-05 4.160970396322165326e-05 7.120916469340857115e-05 1.336480013815118941e-04 1.701769529127178816e-04 1.693042195135766991e-04
1.940127740755723295e-04 1.043412416494134202e-04 7.435561394729288192e-05 5.119390509873666375e-05 3.273171391863558921e-05 2.266745747839755951e-05 1.715869701838960098e-05 1.227137403771317601e-05 7.506704456036146836e-06 4.551890471415497023e-06 3.439238761760524132e-06 3.296020853258265448e-06 4.441903881391501785e-06 7.538538089535087978e-06 1.334170806515639322e-05 2.377678036402013510e-05 4.101344375214813388e-05 8.337054980034871771e-05 1.225436197457544939e-04 1.245217892836732458e-04
3.652863348477903768e-05 5.409993445156645065e-05 4.643552224937651468e-05 3.363916255564048519e-05 2.275500335478001731e-05 1.542062841130773643e-05 1.108936556833618029e-05 7.506687875882915607e-06 4.464600475680481413e-06 2.684500423181242005e-06 2.050161710106050740e-06 1.971983179388239667e-06 2.655851170557730920e-06 4.515019040041932794e-06 8.192489161438177642e-06 1.492617767892220463e-05 2.701857158217101638e-05 4.443343155032326755e-05 7.141075558301651909e-05 6.981541572086324618e-05
4.456986388837958705e-05 4.173806315576574541e-05 2.861507302671916235e-05 2.094460463904898451e-05 1.357624689984822611e-05 8.750510220875156692e-06 6.018801938996962774e-06 3.986211581369687982e-06 2.374804678920344005e-06 1.420294018354732407e-06 1.076462123736256619e-06 1.056007661922791868e-06 1.434054127702223237e-06 2.486265447422292871e-06 4.452462204850354000e-06 8.060059043572286695e-06 1.598436051128511237e-05 2.325410454907343705e-05 4.346141509046521061e-05 8.334860222407350870e-05
2.623511512885850220e-05 1.387576706107151249e-05 7.890702914765668536e-06 7.123656631347975527e-06 5.454430056348189414e-06 4.084861892406343614e-06 2.955048326628261116e-06 2.037344522901907020e-06 1.230224965453109606e-06 7.253757683946777036e-07 5.307824761943639130e-07 5.174818560004810700e-07 6.983256800527857496e-07 1.196552294698605313e-06 2.075131673661420772e-06 3.692874357075462465e-06 7.163019717318137230e-06 1.196566300376455671e-05 1.672408191576647189e-05 9.654414854711477331e-06
1.556731489596601095e-05 9.473217134079778534e-06 5.622377547774216621e-06 3.840643079663226173e-06 2.611520185255452601e-06 1.945249172629721661e-06 1.383909182792940635e-06 9.456089360654959889e-07 5.803447262292153857e-07 3.504149756403364405e-07 2.499527737366741217e-07 2.411276457763471706e-07 3.246965715671750528e-07 5.404779763587629188e-07 9.440418856282382856e-07 1.679296411650662083e-06 3.273430413512872064e-06 5.747634105413481018e-06 1.399199807963172093e-05 3.282924112635222274e-05
5.801970589171906639e-06 4.516040653249495697e-06 2.923510177514774544e-06 1.861568846772956272e-06 1.169004229388938617e-06 7.655401085512488628e-07 5.596063930005466651e-07 3.720756730653974097e-07 2.241289105795529384e-07 1.367702145939407552e-07 9.971351963604297355e-08 9.729680004514613157e-08 1.305658817959541319e-07 2.293199453828757571e-07 4.184084720930642661e-07 7.386413312177242202e-07 1.342667606563069694e-06 2.117033961773956524e-06 6.370817582165121970e-06 1.536883234725836353e-05
4.658229277828716641e-06 2.968599711532481496e-06 1.769263802413324473e-06 1.071483940547610197e-06 6.771522974440538657e-07 4.888079512854538350e-07 3.538893928433612373e-07 2.160035039591021330e-07 1.159743825121798586e-07 6.736204959168725228e-08 5.006895300744612580e-08 4.923144947444520319e-08 6.885585254208799405e-08 1.269426852751785543e-07 2.276045893495402128e-07 3.881649581608723505e-07 7.659165139595050746e-07 1.345042786344036223e-06 2.389968656076987461e-06 4.849273530973659084e-06
1.038371579586907869e-06 1.142830421513701993e-06 1.004092125002015693e-06 7.161906030545572066e-07 5.172089777577159222e-07 3.931225858406620113e-07 2.876227578099484413e-07 1.793145949733606827e-07 9.653920973319790533e-08 5.581569044599212439e-08 4.030858827727556181e-08 3.957398832662353803e-08 5.655681787993357242e-08 1.057638398096930002e-07 1.965452121300517368e-07 3.172603338911841826e-07 4.632526182016153777e-07 8.546920305818019878e-07 1.294560531775159383e-06 2.713061604386709469e-06
2.063862892796117113e-05 5.175789338903770318e-06 2.436781311202311891e-06 1.548522742300362111e-06 1.206358445063373875e-06 9.364507589745531697e-07 6.491783764332101094e-07 4.349939811664236516e-07 2.526162804852516232e-07 1.559209934873658815e-07 1.198890533377794573e-07 1.234097557741620436e-07 1.714853257669838779e-07 2.719940155972498613e-07 4.508011286843108265e-07 7.270046715177483481e-07 1.352447599920886322e-06 2.693747998255795461e-06 5.509423397447634246e-06 9.066903953971906574e-06
