1.159318035097004450e-02
3.418864734247910060e-03
2.474031311708275744e-03
1.847689863935550719e-03
1.344175632772016396e-03
9.681260771981132791e-04
7.410530436151305852e-04
4.812785633123186344e-04
2.511332015279160550e-04
1.334123615417897137e-04
9.167865921371888918e-05
8.605604445052925328e-05
1.181818505728295620e-04
2.109470810154507616e-04
3.901227897465187403e-04
6.950624964300925433e-04
1.572478559443865132e-03
3.256763752626598389e-03
5.698449406844953088e-03
1.230815126936300741e-02
