7.666034866552765004e-02 4.163295665320609906e-02 2.776895073805055875e-02 1.813194728840889641e-02 1.282425541570761038e-02 8.283569461662726452e-03 6.028490691729071656e-03 3.986400519419348865e-03 2.219662157045261628e-03 1.277820873564339830e-03 9.393468035847736758e-04 8.845161466345920686e-04 1.163958010863160291e-03 2.014701259743035058e-03 3.635807042640629757e-03 5.887322724674366910e-03 1.049247243999179569e-02 2.254446104313889351e-02 3.797880276283266410e-02 8.305700627253810586e-02
7.617045987489741432e-02 4.088209995401970165e-02 2.822483538401607955e-02 1.861251876790424170e-02 1.317081861523034143e-02 8.695962764757432517e-03 6.414979258773855983e-03 4.237561075664940391e-03 2.356321847446088327e-03 1.355575814252101430e-03 9.964560897945688635e-04 9.378838017652644556e-04 1.232594001856944553e-03 2.130543998660493210e-03 3.845032848888016268e-03 6.224040746313655968e-03 1.108449872694356082e-02 2.403590825368207354e-02 3.964041870038963883e-02 8.636313709275300621e-02
7.332473964640905117e-02 4.030949929922996583e-02 2.839138285807384088e-02 1.879372552777978933e-02 1.326017646568683310e-02 8.898117439895637804e-03 6.627395513750937092e-03 4.377929083992248942e-03 2.433504958561821894e-03 1.399826742606734200e-03 1.028902453613307882e-03 9.682859036578663533e-04 1.271603796272991176e-03 2.196033070789533970e-03 3.963119503766046429e-03 6.414023533690715352e-03 1.142227038176640320e-02 2.487704820560045910e-02 4.048995874998664868e-02 8.829315055938546930e-02
7.177036925764761210e-02 3.962748970783117053e-02 2.850562019954896997e-02 1.889100738393893752e-02 1.324582628483692882e-02 9.025131793384266743e-03 6.785006144462714037e-03 4.485587092610173951e-03 2.494138346088377919e-03 1.435039068423808869e-03 1.054801977950231822e-03 9.926360183274808915e-04 1.302881858657015156e-03 2.248637950465972365e-03 4.058078390020318678e-03 6.566964824740333974e-03 1.169775797879915764e-02 2.556003431558848821e-02 4.120785299533870349e-02 8.994036207903188807e-02
7.022155651324987757e-02 3.911179963833671253e-02 2.864035785600562573e-02 1.896432326671168220e-02 1.320663192628413612e-02 9.116551017185753336e-03 6.914644493979118199e-03 4.577600600194177589e-03 2.547255260510479947e-03 1.466306967039743541e-03 1.077872317116165043e-03 1.014386018858043532e-03 1.330848286980047075e-03 2.295797857320707076e-03 4.143590203081670351e-03 6.704621803415261420e-03 1.194620781592951528e-02 2.616770103797765035e-02 4.187692949578414314e-02 9.149696166143439502e-02
6.869232424877047549e-02 3.891132515080464316e-02 2.883493882038073997e-02 1.903828385991007330e-02 1.316341652998590656e-02 9.188034886673570809e-03 7.026624204873593328e-03 4.659456119487440096e-03 2.596007990244979333e-03 1.495443791544378816e-03 1.099466646248025911e-03 1.034796311941488202e-03 1.357113358700264222e-03 2.340184609942916848e-03 4.224313486491954733e-03 6.834661157191195512e-03 1.218250104306697716e-02 2.674911955150787932e-02 4.252909004366343254e-02 9.298320786553707085e-02
6.777974879465817337e-02 3.887977688217436611e-02 2.909382509529932423e-02 1.911362880741708861e-02 1.311588748571896300e-02 9.245461019603148922e-03 7.126384513670194418e-03 4.733202338698746722e-03 2.641581684957498323e-03 1.523257545856320080e-03 1.120208948300104165e-03 1.054458278907003917e-03 1.382443174362281250e-03 2.383019919873846041e-03 4.302552661452857183e-03 6.960403216569708770e-03 1.241536398168780267e-02 2.733568783412657771e-02 4.318807904951140614e-02 9.443926825672264991e-02
6.719599442542929790e-02 3.907664600572789693e-02 2.939923602140803380e-02 1.919265959922165227e-02 1.307709047812905499e-02 9.298165434135944804e-03 7.218319474496828932e-03 4.800298919915936546e-03 2.684182739213265920e-03 1.550104059205588197e-03 1.140391760357861240e-03 1.073670855087008238e-03 1.407202056874354377e-03 2.424927145867550576e-03 4.379289257088982666e-03 7.083948898451249664e-03 1.264778549652612397e-02 2.793659219023277712e-02 4.385424464180064097e-02 9.588860728088442753e-02
6.706623686717801125e-02 3.945878547866021879e-02 2.973064444204692736e-02 1.927879478506757879e-02 1.306122276410614028e-02 9.356352262651310495e-03 7.305054722587835114e-03 4.861914626078798346e-03 2.724191800453758337e-03 1.576081561226498878e-03 1.160187249157440363e-03 1.092608208824414479e-03 1.431613761653829399e-03 2.466237267673542215e-03 4.455272013061109190e-03 7.206461720869106538e-03 1.288292792828928460e-02 2.855407636129428731e-02 4.450175870696070762e-02 9.734108519166191631e-02
6.708720486730257448e-02 4.010323795206625908e-02 3.008272337879073707e-02 1.938529137084412518e-02 1.308829253851789831e-02 9.429469868105168698e-03 7.387736006821346221e-03 4.918213160182172486e-03 2.762128561296255547e-03 1.601262776551214823e-03 1.179641541200093357e-03 1.111314677520732624e-03 1.455802767861656601e-03 2.507157909370273836e-03 4.530628911785043386e-03 7.328637591185331417e-03 1.312634879709802943e-02 2.922687728661033449e-02 4.516118731918638413e-02 9.876848274055115284e-02
6.742497815691095298e-02 4.083971399686837922e-02 3.046702795742718337e-02 1.951683902212072649e-02 1.317311260480919649e-02 9.528957445237566659e-03 7.474573792610509325e-03 4.975680629604159293e-03 2.798695270479747890e-03 1.625776047308104700e-03 1.198831448195550146e-03 1.129840344829710153e-03 1.479909116800476798e-03 2.547792259958332750e-03 4.605669187942708007e-03 7.450458082494134868e-03 1.337134891182105607e-02 2.990761131438070958e-02 4.582944912221148526e-02 1.001523168769588024e-01
6.787666089057191321e-02 4.149040951900919566e-02 3.084620788918193690e-02 1.967878861086845219e-02 1.332616166403484056e-02 9.665629697327147649e-03 7.577225577428132151e-03 5.040531475791565005e-03 2.834886135687026288e-03 1.649934870730915357e-03 1.217914297075332712e-03 1.148304779585157444e-03 1.504052477361243713e-03 2.588085033586373217e-03 4.680764389325672847e-03 7.569965662991454819e-03 1.358973718254783553e-02 3.054218736277227245e-02 4.651702909080326909e-02 1.015257338030664119e-01
6.858189651571471035e-02 4.215158710198938646e-02 3.120714101343013969e-02 1.989957496575097545e-02 1.355768807235926098e-02 9.838805055518208900e-03 7.704647450860222652e-03 5.115116093855994438e-03 2.871959928431747164e-03 1.674026393511070200e-03 1.237048184797988901e-03 1.167042410387768335e-03 1.528452955066533694e-03 2.628714296144803002e-03 4.756372744856709328e-03 7.689616422836743730e-03 1.376357070949862232e-02 3.109662552657665308e-02 4.718867696923363664e-02 1.026786749396245702e-01
6.870262443214399106e-02 4.255078123011296620e-02 3.162802844946664693e-02 2.017216841508229219e-02 1.388164275332244048e-02 1.005848597477884340e-02 7.861805781152910941e-03 5.195966730432894504e-03 2.910413987185716568e-03 1.697614199860108565e-03 1.255908519288095838e-03 1.186179158907933783e-03 1.553083440533177670e-03 2.669081565267970250e-03 4.834014430818298763e-03 7.816589724354578578e-03 1.394491472437056623e-02 3.139569520039717926e-02 4.785093647095649272e-02 1.036776580739034309e-01
6.802716059239902191e-02 4.380356096836508090e-02 3.220511455566096859e-02 2.046962222378835225e-02 1.427546499973894427e-02 1.029384869650114796e-02 8.010451604992124136e-03 5.265281489649448719e-03 2.945204105152555377e-03 1.719120222345672236e-03 1.273281429671949735e-03 1.204784632711415138e-03 1.577359649832513287e-03 2.705188840096918110e-03 4.901277122402989544e-03 7.947724462496252862e-03 1.415883852270691592e-02 3.145635166972902269e-02 4.856215668576208122e-02 1.044369132004418360e-01
6.644005496794565258e-02 4.725793427943408842e-02 3.306371459246844335e-02 2.081329916073224387e-02 1.467788963857611685e-02 1.049689096780937608e-02 8.063455782597674787e-03 5.291716576351142287e-03 2.968730047496677318e-03 1.738485092186788485e-03 1.288482313233226114e-03 1.222084931658575391e-03 1.600684442427843931e-03 2.734263244105572359e-03 4.952209489139947247e-03 8.073033239330345764e-03 1.438837949609739035e-02 3.148512973221662126e-02 4.929036718223910735e-02 1.046605149483423453e-01
6.468700390927650812e-02 5.455981150932804474e-02 3.439597276794242875e-02 2.128837230329423680e-02 1.500788204698252741e-02 1.064235009214327919e-02 8.091321931085771260e-03 5.300659315883815732e-03 2.994580460392329887e-03 1.767452703242013319e-03 1.305895691513247331e-03 1.239320317063841463e-03 1.623372602915546577e-03 2.755903405828147648e-03 4.981152409320995476e-03 8.192793308010771700e-03 1.458846485396222969e-02 3.150143429244834509e-02 4.991962957391256339e-02 1.042636536959990895e-01
6.735241379201060974e-02 6.491394101256139915e-02 3.619620676814033072e-02 2.187849865517010536e-02 1.524129861340326429e-02 1.076589940435571102e-02 8.151466077324521359e-03 5.353411030125427954e-03 3.056501929831338324e-03 1.826011643367883705e-03 1.334954778696443873e-03 1.261293945269450307e-03 1.648835617333729246e-03 2.776082225302289007e-03 5.004496008052941765e-03 8.339713796481407204e-03 1.475637400068536588e-02 3.137565319942994813e-02 5.054923213927250275e-02 1.027371446941978961e-01
7.958841089881078801e-02 7.767658293038280648e-02 3.837256104214112340e-02 2.253704752985397769e-02 1.545071651407616681e-02 1.094971793155565670e-02 8.320951211064228636e-03 5.517244936769850200e-03 3.185906514877261120e-03 1.922179060933376605e-03 1.387513755127542034e-03 1.294087231065756344e-03 1.683705247018804250e-03 2.805309974217903152e-03 5.048995827948145505e-03 8.566247818463247621e-03 1.502107541582241995e-02 3.159530715260448763e-02 5.341561410560179135e-02 1.002003275806552657e-01
1.018571607085206748e-01 9.002391408141191542e-02 4.092122002180461487e-02 2.348926139231426180e-02 1.578350806205326348e-02 1.126929106600726808e-02 8.624821785458978637e-03 5.825285413950611994e-03 3.443884470977591050e-03 2.103577524834650703e-03 1.495355277256360960e-03 1.354046329464400882e-03 1.742196588751484089e-03 2.860777459856155003e-03 5.138874332982170355e-03 8.908756872062184931e-03 1.552669808569954492e-02 3.293717770872359868e-02 5.915771554686219402e-02 9.556005747907383996e-02
1.208273843843785944e-01 1.000709661492798636e-01 4.371999107813299978e-02 2.467677453920474537e-02 1.629676979057683578e-02 1.173675968520875024e-02 9.034965165185173536e-03 6.286873746748133929e-03 3.843781233821160891e-03 2.378012058253656334e-03 1.667729811986193300e-03 1.465932513678870359e-03 1.851564093972946166e-03 2.969080773990155631e-03 5.301820417264831685e-03 9.406887952937998537e-03 1.627454075916862433e-02 3.529719227152159494e-02 6.311952974410442452e-02 8.801419193418777431e-02
1.317384332481308651e-01 1.058553256598859377e-01 4.591864162772053837e-02 2.596963920120945457e-02 1.704361209109004141e-02 1.222393770033643537e-02 9.519742819429950417e-03 6.920864474308450684e-03 4.337504991029950650e-03 2.680879228368328749e-03 1.875637229638594475e-03 1.641613754098386483e-03 2.040803254979517856e-03 3.173399443459664314e-03 5.590029839859430964e-03 1.009254929508401205e-02 1.745738527307221996e-02 3.871691876955598438e-02 6.675236969689077315e-02 8.121902684094842173e-02
1.346568063674687399e-01 1.062521506256459691e-01 4.706952434051934336e-02 2.721085654068718801e-02 1.812429255569156586e-02 1.286063689699222003e-02 1.037098241078751766e-02 7.847905332524711397e-03 4.892989724846467069e-03 2.998150682450687315e-03 2.113174678493141660e-03 1.880705798644170855e-03 2.340375159342505344e-03 3.540218545209629537e-03 6.107401551373197249e-03 1.115671124234765554e-02 1.956042913032306207e-02 4.373796540275402128e-02 7.267452940321722510e-02 8.408272473732232577e-02
1.308181350528151432e-01 1.023590413441973906e-01 4.771858987225947868e-02 2.900294496910339401e-02 1.993097812442820582e-02 1.427549885470743955e-02 1.214873272928667855e-02 9.387237835349639820e-03 5.626967245138290823e-03 3.392618744464219460e-03 2.414710755927137759e-03 2.190432657505651456e-03 2.766810100034992632e-03 4.138442424222310047e-03 6.985642185705888407e-03 1.283652909968265379e-02 2.309162071489166690e-02 5.117165685712310452e-02 8.414680636701116212e-02 1.085895267893137173e-01
1.245042000780176988e-01 9.535709463718387846e-02 4.906420291999927935e-02 3.277326689057050851e-02 2.341635039922730643e-02 1.670966171557419083e-02 1.498022331600861248e-02 1.161806959407312573e-02 6.690396147124645296e-03 3.925138556539128909e-03 2.802351932233900118e-03 2.577333839572149444e-03 3.307191145814901076e-03 5.021941549637491155e-03 8.510998431392038932e-03 1.558634972845942407e-02 2.842231885645232770e-02 6.274976978870547284e-02 1.069606958021246806e-01 1.486892578402584930e-01
1.441753428458488473e-01 8.796500011236821348e-02 5.675474349681372543e-02 4.445260066410196276e-02 3.189598995993787184e-02 2.368568096603084969e-02 2.272381541770809171e-02 1.639831745748543401e-02 9.021989501930198149e-03 5.065095662337851593e-03 3.569559344599698963e-03 3.304436173871502271e-03 4.363730131438433614e-03 7.138914842201091529e-03 1.285901558308036145e-02 2.278881018218048907e-02 3.884653157659342243e-02 8.428879024245863882e-02 1.468388934380234212e-01 1.870879393861880347e-01
3.315497898643706698e-01 1.204997474752088488e-01 9.351601987396228333e-02 7.726366416029781248e-02 5.422959198512492668e-02 4.040488222725515527e-02 3.233049206881086907e-02 2.150268063525144491e-02 1.203666997552773829e-02 6.934742162017639572e-03 4.968418402885113778e-03 4.563763591260986546e-03 6.052644127959870383e-03 1.015951881786239172e-02 1.867237581656484152e-02 3.362569665231929239e-02 5.937101836749528183e-02 1.120912170858983925e-01 1.533041782320996860e-01 1.100970503468395867e-01
6.458808030421574475e-01 1.661292011103243926e-01 1.054787630433921264e-01 8.612368601378707356e-02 6.535390731405354980e-02 4.777229359327771208e-02 3.540541857601429282e-02 2.343373075891692220e-02 1.328364027914600426e-02 7.941324211788657397e-03 5.794394823665791408e-03 5.400942554536044410e-03 7.146818443269253862e-03 1.173972268349485724e-02 2.162484855282598845e-02 3.875076691497393588e-02 7.427760713357722810e-02 1.560367399341594796e-01 2.353148804777949465e-01 3.569953292277422419e-01
5.525131844318814656e-01 1.571691833008504458e-01 9.900596811418482801e-02 7.940332405949360184e-02 6.109169517683162021e-02 4.397861268681443198e-02 3.302562067063245788e-02 2.319652941372281341e-02 1.390629112273305754e-02 8.592228281605433782e-03 6.323144124018625391e-03 5.997038605974588758e-03 7.819944647909533864e-03 1.272604175923807389e-02 2.343854395958657605e-02 4.135927841379792580e-02 8.249233278805161163e-02 2.057290505636408529e-01 3.337866463530820282e-01 4.338523622225631260e-01
4.222685105146150586e-01 2.048296355891466303e-01 1.187687679714759387e-01 8.058988036936878818e-02 5.653744257039507864e-02 3.872438781793310913e-02 3.030653581284063064e-02 2.260297490023307695e-02 1.423128855339909904e-02 8.976833981438140861e-03 6.663664358886966718e-03 6.344805999833437633e-03 8.167576199238045509e-03 1.330972398555354576e-02 2.429604260223137621e-02 4.305062226348475157e-02 7.899429523457504598e-02 1.793009131215131391e-01 2.471364962716617597e-01 2.801080716200964327e-01
4.479900669293780391e-01 2.717692921173052167e-01 1.464455291964146533e-01 9.061027612735680914e-02 5.605484636577745539e-02 3.519200647016777067e-02 2.770093283768112341e-02 2.188806249084623845e-02 1.412025104946664118e-02 8.849656397797566604e-03 6.543347165722628901e-03 6.177483578781116889e-03 7.938973958667175368e-03 1.315910364836259290e-02 2.440230513710559684e-02 4.319672264627007902e-02 6.366201563958737153e-02 1.143910693768531717e-01 2.305040485897493774e-01 4.920791467009146825e-01
4.119544192684678752e-01 2.827925147868186606e-01 1.483077477846432846e-01 8.376928872191478914e-02 5.019753411812858529e-02 3.141094188596153108e-02 2.431428412445196113e-02 2.004373166452543681e-02 1.322823848667288582e-02 8.146331690924804927e-03 5.878940409677083957e-03 5.474937356387723185e-03 7.144845828687257198e-03 1.209487443633205754e-02 2.263761008062108518e-02 4.086369532157361345e-02 5.110465893740111926e-02 8.830021091823080093e-02 2.346686792360585805e-01 5.562644385253739943e-01
3.564772092205031329e-01 2.416184796407022661e-01 1.346532738247413763e-01 7.599475328426788523e-02 4.569511333346081006e-02 2.961874234410671533e-02 2.221722040425607239e-02 1.767143670251815346e-02 1.179908048817368028e-02 7.173191044534687338e-03 5.062946706767997018e-03 4.720763733655485538e-03 6.326472021582719638e-03 1.099691390131369954e-02 2.073017153051465861e-02 3.908434311091466690e-02 4.460339720332858610e-02 6.644104448067719715e-02 1.895212376346613325e-01 4.480678931622940619e-01
3.248683544535643231e-01 2.303209081851065321e-01 1.428530667871590887e-01 8.431699543991347245e-02 4.885126332126778909e-02 3.213592615369792460e-02 2.293581619437144031e-02 1.621955120062951866e-02 1.029961009312958808e-02 6.210066672440429057e-03 4.443059801528707192e-03 4.165251402908788821e-03 5.671290105026116114e-03 1.006190238448525717e-02 1.896915537394882473e-02 3.515715571279266760e-02 4.517604563224522640e-02 6.831085062482103454e-02 1.458363119849334089e-01 3.191031088422555118e-01
3.283522652965390476e-01 2.506059716290807704e-01 1.517192773613326162e-01 9.222647142156656375e-02 5.457688825553964895e-02 3.665678623280336362e-02 2.524673110464175155e-02 1.671798702823977176e-02 1.006773909435849067e-02 5.942529295149124972e-03 4.294855469156083107e-03 4.052066861177937990e-03 5.521125015215634299e-03 9.767361462020755433e-03 1.850463674136368364e-02 3.254801516086865826e-02 4.997985553144149162e-02 7.918324799570539141e-02 1.524852145428341188e-01 2.309229622890899003e-01
3.373894404777870171e-01 2.579342858813084560e-01 1.498699345135615646e-01 9.187602895793485491e-02 5.609787391596818273e-02 3.852729057737891427e-02 2.709603413871375724e-02 1.782584010040444422e-02 1.012780205896420503e-02 5.751843844918347499e-03 4.167629940691252276e-03 4.039186486951601603e-03 5.582753411606120042e-03 9.937333816509340625e-03 1.892820859863119168e-02 3.281212753866733639e-02 5.538119699305282112e-02 9.151909484644063508e-02 1.782921205607826132e-01 2.881996771550332515e-01
3.331387763453763640e-01 2.573051360235864560e-01 1.464669971434443552e-01 8.832273243986375755e-02 5.460637112990601727e-02 3.868586935150757772e-02 2.853306088195621884e-02 1.851038052761197830e-02 9.870225491724046729e-03 5.376601846099873273e-03 3.955381286080689521e-03 3.942418045954425646e-03 5.628149472037858279e-03 1.033619472640780537e-02 1.974320405933499556e-02 3.408746627188813383e-02 5.742739054239041907e-02 9.448929337875730528e-02 1.900658622791001617e-01 4.073739662721604926e-01
3.484564522822061750e-01 2.698350499784032408e-01 1.529900917718851894e-01 9.123702134039152201e-02 5.631002003490682278e-02 3.995730930211117277e-02 3.003552857452205030e-02 1.834217403214224648e-02 9.396845290836257011e-03 5.020985234345915448e-03 3.752773235218163569e-03 3.761832080525369902e-03 5.446114158402067668e-03 1.042999063432115993e-02 2.061287715590740671e-02 3.641153102775647465e-02 5.851093233571783014e-02 9.040765629406255499e-02 1.667706473213039220e-01 4.046457928988100861e-01
4.032826288868876508e-01 3.204394629167521269e-01 1.849257175863816272e-01 1.087097756345312694e-01 6.667212472479369656e-02 4.369828267557752249e-02 2.949209059620702678e-02 1.741063484750517837e-02 9.050599990792156102e-03 4.890725029490934281e-03 3.632714405439033036e-03 3.597783082135633161e-03 5.097844945505215601e-03 1.008112917979299070e-02 2.042055807923633115e-02 3.693598166742608629e-02 5.840828350183602941e-02 9.475163189487588455e-02 1.862718614794406924e-01 3.544991077393073731e-01
4.524457674361666015e-01 3.740675322361617927e-01 2.227514717130134048e-01 1.271778175729463833e-01 7.494834972726539812e-02 4.633953839789151791e-02 2.808183331700605384e-02 1.680387992360844393e-02 9.148533369796525358e-03 4.986626227021216141e-03 3.662184078729831867e-03 3.553005929047063378e-03 4.879860626445317248e-03 9.681841094655870006e-03 1.987409541549775213e-02 3.682239207233189288e-02 6.035625371568187347e-02 1.138933273326462187e-01 2.595916071957298232e-01 3.288548237925142392e-01
4.075772316623454961e-01 3.616020374995693176e-01 2.253113254719972536e-01 1.279401947561934483e-01 7.170580653473364319e-02 4.589255025525285775e-02 2.815701911420694092e-02 1.669570626134838157e-02 9.358390262883507782e-03 5.206812167306808063e-03 3.816094576503521046e-03 3.616489111259037648e-03 4.956825378926457693e-03 9.838260318386572029e-03 2.051588685910920792e-02 3.816798306714709599e-02 6.192364107561579289e-02 1.298541714191853713e-01 3.027886817684317666e-01 2.458625381095398965e-01
2.907680359187345132e-01 3.044892335088558166e-01 2.059088447819360790e-01 1.170340729180057854e-01 6.545188750131784861e-02 4.475558337100266071e-02 2.811819783166501219e-02 1.690047463416630494e-02 9.656181690409566115e-03 5.436845081130297838e-03 3.998011610525416780e-03 3.785523124132681404e-03 5.307215244737645624e-03 1.040222225871131195e-02 2.126484710107474224e-02 3.979665625738552232e-02 6.944690959561149179e-02 1.570115916632446595e-01 3.391410838721273802e-01 1.495804309341480232e-01
4.191315604307088161e-01 3.503269263663289501e-01 2.150385816864140154e-01 1.164314095930263637e-01 6.491521072542481841e-02 4.376865126150495527e-02 2.860637444372632690e-02 1.757192176277716511e-02 1.008933440690177284e-02 5.712827810135336602e-03 4.193754624300988568e-03 4.027569111099135908e-03 5.824095282527309327e-03 1.130718510756184916e-02 2.258814160867979662e-02 4.355889907851807213e-02 8.039990638803515277e-02 1.768402556854946905e-01 3.539114949800296062e-01 2.086529680395989295e-01
3.584754669342714029e-01 3.593406809291188608e-01 2.305542959120848168e-01 1.233725214342528409e-01 6.987605450085898617e-02 4.444680357817217681e-02 2.982289141954136066e-02 1.843193235009456948e-02 1.043208051333538271e-02 5.991282089701577447e-03 4.394014037798465652e-03 4.252466461277073714e-03 6.251946484936742217e-03 1.197346173290243093e-02 2.345431054518438627e-02 4.586745732172769346e-02 8.478291355518936812e-02 1.770714485761591683e-01 3.255261052699148228e-01 2.077129953824240205e-01
3.494824056684986413e-01 3.602988245094405073e-01 2.243769685309484896e-01 1.196899061997789698e-01 7.074994399096312669e-02 4.444817966130133746e-02 3.075192460414373843e-02 1.950358854093310612e-02 1.092190582791780981e-02 6.318720077306879540e-03 4.634872765792842284e-03 4.494196442325328056e-03 6.510408506460516401e-03 1.221197747674496528e-02 2.316860979631641879e-02 4.468556489633226242e-02 8.269162919172405590e-02 1.566446228559027209e-01 3.279056390790351383e-01 1.229325001037018805e-01
5.442092237619853279e-01 4.152245690030514913e-01 2.333524931777122835e-01 1.220486546411927581e-01 7.048604124132826221e-02 4.601073563768090513e-02 3.308540701416223806e-02 2.138147854342076909e-02 1.180257961018473488e-02 6.747516443970724177e-03 4.931359760884716087e-03 4.806686167503354187e-03 6.797460094688238981e-03 1.264772838118817348e-02 2.321345311463323194e-02 4.154215503997046172e-02 7.974509653609632154e-02 1.481167673526817830e-01 3.747804182833844311e-01 1.755904276417945831e-01
4.078390192283752880e-01 3.422639297111613743e-01 1.996735872840607606e-01 1.118074714597405567e-01 6.741747935511317735e-02 4.669023226700425716e-02 3.508118290783299176e-02 2.298866667772397898e-02 1.264742770359225665e-02 7.170538073392926023e-03 5.213328007028477339e-03 5.083502470694065481e-03 7.056966201685917553e-03 1.302996815438712055e-02 2.348978509706182646e-02 3.971677452637695921e-02 7.889379913819113965e-02 1.635606405726226231e-01 3.822168865931498960e-01 2.634048491165804085e-01
2.090244482234243084e-01 2.048383960294871131e-01 1.321423491275611206e-01 8.333476092773037247e-02 5.717653838954506185e-02 4.270439808976445734e-02 3.482656471724316499e-02 2.361942464159468708e-02 1.316309163472755873e-02 7.367234342487017328e-03 5.299923803112587505e-03 5.143023663600958077e-03 7.139593789666776914e-03 1.306978559250416422e-02 2.266319626264198459e-02 3.796154751957985657e-02 7.707933109649031667e-02 1.651259216231243943e-01 3.307815171872343085e-01 3.650965167510011877e-01
1.209065574044499158e-01 1.412496418677006149e-01 1.035086855593471550e-01 7.028201321976949856e-02 5.079474010651412186e-02 4.120247445901013134e-02 3.515697134322384038e-02 2.379843336694658501e-02 1.331890452830871742e-02 7.367962929372032059e-03 5.178930461177786923e-03 5.002838977988499115e-03 7.016421953356537060e-03 1.287130613342644947e-02 2.168198494940918111e-02 3.511414328504752769e-02 7.290070827179413737e-02 1.487767855526617722e-01 2.931041191071410146e-01 4.967648596257763782e-01
1.610309907467478985e-01 1.501818750818300352e-01 1.030728264622235296e-01 6.612517000424458780e-02 4.869699891525804819e-02 4.015819736887292490e-02 3.469910559075367606e-02 2.346382935535605216e-02 1.305385592747409888e-02 7.120121309538571946e-03 4.956725778381693669e-03 4.776549069712198413e-03 6.749719644796734613e-03 1.252931173562609260e-02 2.062421686057749545e-02 3.227162876824563043e-02 6.541284224666887859e-02 1.234659583748450168e-01 2.434273032190294728e-01 5.126553404096396704e-01
1.283764368673887268e-01 1.275081658038584309e-01 9.886306646624441752e-02 7.432374696318935769e-02 5.440119896458498611e-02 4.106432511759650766e-02 3.359816280341204608e-02 2.307753274118262699e-02 1.260505634283933842e-02 6.657438943827355578e-03 4.631130722249856072e-03 4.437779039640481205e-03 6.315878935562917532e-03 1.189147785487838956e-02 1.937395533443723658e-02 3.163006648636295520e-02 6.165113948144991529e-02 1.018791712350742840e-01 1.203805627604362938e-01 2.138286061849502540e-01
9.976897327697925588e-02 9.191641343465321856e-02 8.706815474985508951e-02 7.136883105170818697e-02 5.369959824508960256e-02 4.275333788664773677e-02 3.311960750248781060e-02 2.262085525756248744e-02 1.195639813400941644e-02 6.198588038340596858e-03 4.276987281539123935e-03 4.052877304716092505e-03 5.839520384328646119e-03 1.111394400241164614e-02 1.881601826466445387e-02 3.240058570910334113e-02 6.456220466546334913e-02 1.074500265478262606e-01 1.402182123743797026e-01 5.547180439886816028e-02
1.621764715067178508e-01 1.063872262665696566e-01 8.958419589393326610e-02 6.808249120527835874e-02 5.421907355578294008e-02 4.210711863539432637e-02 3.259165183914614072e-02 2.117154689056047548e-02 1.082841977777119179e-02 5.738796459002011748e-03 3.957433159977818971e-03 3.734556177242631149e-03 5.393902047519667786e-03 1.065717369914548004e-02 2.018181140778968485e-02 3.582051049589785041e-02 7.014941938267615917e-02 1.193718098464479072e-01 1.584093610827344012e-01 6.992899174104295901e-02
1.733168333590727750e-01 1.312956044448500004e-01 9.972296792448485936e-02 6.570477085471299050e-02 5.055014607843520691e-02 3.812001452299178250e-02 2.875490095790428011e-02 1.861760898769100961e-02 9.759062385706909759e-03 5.166298345911890001e-03 3.659740170017880285e-03 3.501781038516627639e-03 5.125073574568378074e-03 1.018387021111381505e-02 1.986532129858957496e-02 3.462174505347831444e-02 6.376627048458237412e-02 1.119532844138860506e-01 1.796397439175831112e-01 1.192525866919475347e-01
4.265611244051710216e-01 1.525602553946739381e-01 1.048400355848562726e-01 6.328888139125245227e-02 4.510924646345040173e-02 3.345173548022984528e-02 2.579019920927197451e-02 1.684651029461246494e-02 8.941569565485063195e-03 4.709360504922322811e-03 3.397034013780440495e-03 3.264579384266522340e-03 4.715360326383860948e-03 9.278085630766312597e-03 1.757903736425139515e-02 2.856251829707229933e-02 4.821294907143962999e-02 8.366364025969411089e-02 1.477980965290724980e-01 2.633761826301353470e-01
5.160598875358293203e-01 1.951885977602412503e-01 1.001588789521364181e-01 5.499904753200750285e-02 3.465936103539262597e-02 2.692853596361410168e-02 2.465380792294589660e-02 1.518577570430565057e-02 8.390192010424409041e-03 4.564632079381404986e-03 3.229202231158561937e-03 3.091428725556571652e-03 4.536692951729317906e-03 8.543554114467888372e-03 1.526152619178654246e-02 2.216311715378271527e-02 3.905164981386553824e-02 7.797155135415873017e-02 1.199480302808361987e-01 2.030995756997142909e-01
4.863340595403102262e-01 2.508880864691355184e-01 1.055255285927190617e-01 5.142993878817596343e-02 2.606978695147980571e-02 2.275513157421572494e-02 2.484645924542282225e-02 1.445434653751746616e-02 7.992345085307090910e-03 4.354735194728832220e-03 3.116343651732248615e-03 2.969194895068369769e-03 4.203128020356216264e-03 7.876055826349190325e-03 1.372239257852191432e-02 1.918588666841638049e-02 3.683124984935536722e-02 7.900566493348548658e-02 1.043631326201249210e-01 1.565640158860656106e-01
4.344407037287137952e-01 2.508608082307218212e-01 1.158383928327038070e-01 5.986656172924444130e-02 3.049815651527913035e-02 2.411085449006958314e-02 2.574916217790877357e-02 1.472342974103968416e-02 7.662550689496024255e-03 4.166055234742543217e-03 3.005126717344602880e-03 2.879598768387673507e-03 3.999939885554172625e-03 7.312318200019494834e-03 1.250566514691727436e-02 1.777778633226336294e-02 3.704240026081947329e-02 7.919205470486265219e-02 1.058386911189381219e-01 1.887179326738252783e-01
2.784777194910003639e-01 1.892200862759082503e-01 9.949244632418427492e-02 5.753632295449381817e-02 3.164496825534587193e-02 2.428874110803086808e-02 2.601721655592062477e-02 1.521751618601676313e-02 7.757053051272436682e-03 4.166870552113283513e-03 2.928107370032589311e-03 2.729265954753931980e-03 3.809103378955527430e-03 6.882497865639557004e-03 1.143460906588370483e-02 1.571725893399585072e-02 3.351526878011516775e-02 7.665444260335498028e-02 1.492830648387950543e-01 2.533161865463443574e-01
1.796049372508521647e-01 1.227515361029257457e-01 7.367880497587593613e-02 4.640886952494431561e-02 2.716582191364946830e-02 2.231876934410549976e-02 2.490310953541518060e-02 1.457649033096624150e-02 7.403279700527963351e-03 3.979505008839110368e-03 2.794246912590041959e-03 2.580589247021185077e-03 3.474520940012497134e-03 6.319960464371238845e-03 1.100236602572027614e-02 1.595933028011016150e-02 3.332307066648795835e-02 6.933786810491467112e-02 1.469727910393238413e-01 2.340569766714311328e-01
1.497799466107446187e-01 9.186400778264830480e-02 5.861112836556861549e-02 3.677858537699927460e-02 2.285377575736948288e-02 1.994597577331100324e-02 2.167287454437873129e-02 1.277387196899919773e-02 6.665698826535967556e-03 3.752674153726330390e-03 2.693555219307386308e-03 2.484307300794556632e-03 3.275507512106069774e-03 6.061365864338959762e-03 1.049095777307128448e-02 1.664442330957429175e-02 3.154822621969782803e-02 5.889283856681180179e-02 8.129580939903556513e-02 7.849923151160637103e-02
1.464940599944895006e-01 1.336358071955114635e-01 8.397420180480856533e-02 4.714777721611921463e-02 2.779943084791271571e-02 2.097820865655829203e-02 1.961325246435396269e-02 1.261621765363384572e-02 6.914875155994069239e-03 3.898265803543378254e-03 2.799742743682999326e-03 2.566673666709764438e-03 3.345083076152703498e-03 5.865449336768449075e-03 1.039835397676772480e-02 1.795045386987813296e-02 3.371156950115514889e-02 7.693295863484246599e-02 2.211303472209757703e-01 4.463631278350529974e-01
1.586682588922526116e-01 1.355211278399054420e-01 7.828201673743177824e-02 4.657194902716846330e-02 3.009238465184410974e-02 2.014258338358173792e-02 1.668745367726105766e-02 1.241875492819459643e-02 7.393231336574076877e-03 4.083439487853444613e-03 2.939795927588568711e-03 2.715565610147177653e-03 3.602176774397213357e-03 6.449335285795241256e-03 1.221759276355530166e-02 2.156470585517959726e-02 3.905653040035682311e-02 9.046038443243759053e-02 2.847340771982173058e-01 4.620715872765587262e-01
1.824891429370404661e-01 1.164016122770777512e-01 7.638457626753721030e-02 5.118073176563789350e-02 3.285373923063714813e-02 2.155418372335852345e-02 1.638084144240276041e-02 1.213109232291934188e-02 7.136067472011673081e-03 4.083550713625907526e-03 3.097943450018128368e-03 2.889669723684517785e-03 3.816268780118691265e-03 6.753276524489912336e-03 1.266702405670313766e-02 2.189530926172861269e-02 3.860592229874198339e-02 7.297500488838229438e-02 1.766529505524528643e-01 2.165195684351275962e-01
1.795457100995193067e-01 9.185992549212067260e-02 6.765454188505605482e-02 5.118705096563763712e-02 3.509236717439024461e-02 2.288439879454839607e-02 1.687577122624618620e-02 1.184305461001979205e-02 6.994554936633009048e-03 4.204150117642331021e-03 3.186000862803466289e-03 3.020104020535859923e-03 3.991786306037106886e-03 6.900423883735535419e-03 1.259877841733533788e-02 2.224754409613956957e-02 3.848580354431860306e-02 7.419214598909092129e-02 9.051098314910023535e-02 7.457649910160504825e-02
1.422241494563243058e-01 8.641958127344848140e-02 6.271714730996583165e-02 4.438227562759068656e-02 2.927096554986369573e-02 2.066316723464058439e-02 1.572237923368213428e-02 1.137660149267526524e-02 6.970744043944467061e-03 4.269358276451519670e-03 3.224137037454756927e-03 3.071503993325587316e-03 4.111615786617625959e-03 6.925731832981635132e-03 1.197334520541470416e-02 2.020388592917584519e-02 3.604993403183351375e-02 7.528845818735012407e-02 1.068019307928003980e-01 6.671192811225877539e-02
6.808253982159806483e-02 7.728220437559843448e-02 6.737043949259999276e-02 4.934170834890364010e-02 3.372026548576040339e-02 2.316923300002718400e-02 1.695112429986125879e-02 1.155932178581022679e-02 6.845455943656079782e-03 4.108364500617503814e-03 3.146397570542881598e-03 3.029367038291834371e-03 4.054338283056910588e-03 6.792868088549563164e-03 1.192174229453059689e-02 2.066093611813777514e-02 3.736748343854320864e-02 6.614878081718467140e-02 1.166270711196565335e-01 1.005357996518266434e-01
1.019353317712867746e-01 1.044428019662636681e-01 7.201282557946450669e-02 5.116344056172682925e-02 3.258565585104492013e-02 2.163369382819727016e-02 1.564299335459120102e-02 1.060891407411565339e-02 6.250685649091061898e-03 3.745531579603153093e-03 2.862795192176957951e-03 2.806352970294916267e-03 3.752502734385316889e-03 6.413078887495901430e-03 1.132050557657103031e-02 2.033698010905550177e-02 4.069480604415241093e-02 6.584974606657614804e-02 1.359725109128261666e-01 2.593768501473882049e-01
1.423090008277234642e-01 7.125408188065851522e-02 4.146260169527662964e-02 3.508423393534173401e-02 2.731726532641924957e-02 2.136830081563278333e-02 1.564041345793943869e-02 1.053794032480474298e-02 6.089935254753968234e-03 3.538868891005124417e-03 2.580365047310363355e-03 2.518109031634536282e-03 3.378293833431915590e-03 5.757465815552839476e-03 1.032391511269019693e-02 1.918553964499499984e-02 3.683865158325676237e-02 5.934051330703907223e-02 8.208994215668520555e-02 5.695436603344922882e-02
1.421902784618278015e-01 7.869930641499946200e-02 4.570838246901568619e-02 3.291256413829996008e-02 2.464187597188427503e-02 1.909824694765899916e-02 1.365701416579397781e-02 9.160454105966105848e-03 5.356101575604212128e-03 3.175738653160516557e-03 2.278184821407657542e-03 2.237533004813572167e-03 2.990395825619108095e-03 4.984093788062608429e-03 8.949767483883760283e-03 1.610366243306866896e-02 3.279879405281864446e-02 5.873990250826433696e-02 1.225589359697643876e-01 2.725850064873858170e-01
8.785423275623253925e-02 5.997673077194173169e-02 4.448706367330180350e-02 3.055465080203155145e-02 2.004000752618970496e-02 1.299115750429548875e-02 9.347379776466501616e-03 6.502060004088652638e-03 3.954267919935263408e-03 2.419629746158313052e-03 1.770502952941576747e-03 1.721768902740080645e-03 2.269279353898094338e-03 3.920664177658630782e-03 7.351773527666417320e-03 1.348588155981171426e-02 2.285130288025657638e-02 4.072737780386168072e-02 1.081605906010467272e-01 1.721775394319896291e-01
9.010334567615733981e-02 4.953390286327732928e-02 3.014004229688478642e-02 1.951290950595081439e-02 1.413691261602394167e-02 1.156393667104118131e-02 9.021811560811283937e-03 5.431471052106971731e-03 2.972364115874518223e-03 1.758711802079083964e-03 1.345199643134963085e-03 1.347109003927876667e-03 1.779193269960760654e-03 3.083004845100459530e-03 5.173845771703042447e-03 8.909231945156895552e-03 1.686093588805294072e-02 3.181286066690820757e-02 6.160060817260960830e-02 7.752561126819582094e-02
2.269210601998259552e-02 1.354920961646329663e-02 2.173796416201918130e-02 1.512605197036004726e-02 9.740215005841814863e-03 6.840587211713287062e-03 4.970313907014133580e-03 3.033483250814737915e-03 1.711851516872599536e-03 1.069968518925757317e-03 8.195146331966254773e-04 8.289233051601628370e-04 1.102035062497676646e-03 1.851496345804464492e-03 2.854131450831922344e-03 4.200497853027494212e-03 6.146990631561707191e-03 1.353057952877722604e-02 2.587966252403441775e-02 2.958419505683274400e-02
6.216556671970532161e-02 2.129805742912574754e-02 1.292880586697325862e-02 8.096080332662328530e-03 5.885848592144487038e-03 5.411480002054539461e-03 3.958415826544944317e-03 2.170815544512004480e-03 1.066947277345123811e-03 6.609512121266120739e-04 5.164149562378924502e-04 5.396646136356517609e-04 7.197211715452574805e-04 1.105517131706142391e-03 1.644940749947145300e-03 2.488414039274273928e-03 4.369683820650176360e-03 8.545022707646803342e-03 1.135646163667280474e-02 1.319621867366640826e-02
