0.000000000000000000e+00 0.000000000000000000e+00 0.000000000000000000e+00 0.000000000000000000e+00 0.000000000000000000e+00 0.000000000000000000e+00 0.000000000000000000e+00 0.000000000000000000e+00 0.000000000000000000e+00 0.000000000000000000e+00 0.000000000000000000e+00 0.000000000000000000e+00 0.000000000000000000e+00 0.000000000000000000e+00 0.000000000000000000e+00 0.000000000000000000e+00 0.000000000000000000e+00 0.000000000000000000e+00 0.000000000000000000e+00 0.000000000000000000e+00
0.000000000000000000e+00 0.000000000000000000e+00 0.000000000000000000e+00 0.000000000000000000e+00 0.000000000000000000e+00 0.000000000000000000e+00 0.000000000000000000e+00 0.000000000000000000e+00 0.000000000000000000e+00 0.000000000000000000e+00 0.000000000000000000e+00 0.000000000000000000e+00 0.000000000000000000e+00 0.000000000000000000e+00 0.000000000000000000e+00 0.000000000000000000e+00 0.000000000000000000e+00 0.000000000000000000e+00 0.000000000000000000e+00 0.000000000000000000e+00
0.000000000000000000e+00 0.000000000000000000e+00 0.000000000000000000e+00 0.000000000000000000e+00 0.000000000000000000e+00 0.000000000000000000e+00 0.000000000000000000e+00 0.000000000000000000e+00 0.000000000000000000e+00 0.000000000000000000e+00 0.000000000000000000e+00 0.000000000000000000e+00 0.000000000000000000e+00 0.000000000000000000e+00 0.000000000000000000e+00 0.000000000000000000e+00 0.000000000000000000e+00 0.000000000000000000e+00 0.000000000000000000e+00 0.000000000000000000e+00
0.000000000000000000e+00 0.000000000000000000e+00 0.000000000000000000e+00 0.000000000000000000e+00 0.000000000000000000e+00 0.000000000000000000e+00 0.000000000000000000e+00 0.000000000000000000e+00 0.000000000000000000e+00 0.000000000000000000e+00 0.000000000000000000e+00 0.000000000000000000e+00 0.000000000000000000e+00 0.000000000000000000e+00 0.000000000000000000e+00 0.000000000000000000e+00 0.000000000000000000e+00 0.000000000000000000e+00 0.000000000000000000e+00 0.000000000000000000e+00
0.000000000000000000e+00 0.000000000000000000e+00 0.000000000000000000e+00 2.693618996959929612e-15 7.909802898725073943e-14 1.741825329581912688e-13 1.784160186203259186e-13 2.063981443477764361e-12 3.805118203327659169e-12 1.903440310322430175e-09 3.672948554364237614e-12 3.271784611951236604e-12 2.980120953132296065e-12 2.375722212475371145e-12 1.583820338221098539e-12 4.020893567336788061e-13 8.064108334544327421e-15 0.000000000000000000e+00 0.000000000000000000e+00 0.000000000000000000e+00
0.000000000000000000e+00 0.000000000000000000e+00 0.000000000000000000e+00 5.122669925340379367e-15 2.430083491353432167e-13 5.352072962584963452e-13 8.909766160433839263e-13 9.226188962570507551e-12 1.462339270173223969e-11 3.549622548370105100e-09 5.635733678470235741e-10 3.255969841911884871e-10 1.348575089418091215e-09 1.035652928695841045e-11 8.190913328079440932e-12 1.984581977731303066e-12 4.483259057475396192e-14 0.000000000000000000e+00 0.000000000000000000e+00 0.000000000000000000e+00
0.000000000000000000e+00 0.000000000000000000e+00 0.000000000000000000e+00 7.171098023018701360e-15 6.710012785948022363e-13 1.485656156507466585e-12 3.111111317475009544e-12 4.106556275897005575e-11 5.015045786943703866e-11 6.679061340038820894e-09 2.013165366400693385e-09 1.328414751511117150e-09 5.040800570824172219e-09 3.698221098005742624e-11 3.154689695734450825e-11 7.363597618568555312e-12 1.718245543501806514e-13 0.000000000000000000e+00 0.000000000000000000e+00 0.000000000000000000e+00
0.000000000000000000e+00 0.000000000000000000e+00 0.000000000000000000e+00 1.025687501115704497e-12 2.281282094095326849e-12 7.606954239233722134e-12 1.955110082639226557e-11 9.583400733380646124e-11 9.855292475983614845e-11 9.988682082495634561e-09 3.352491638865794487e-09 1.435692772004242046e-09 9.875693870342197090e-09 7.083850658966151713e-11 6.054815722083915750e-11 1.469277035554239243e-11 5.069879100099932634e-12 7.433490887418569331e-12 0.000000000000000000e+00 0.000000000000000000e+00
0.000000000000000000e+00 0.000000000000000000e+00 0.000000000000000000e+00 2.973730612993871701e-12 5.861295267360717416e-12 1.423004482819429342e-11 3.722412508098025655e-11 1.345679728131266582e-10 8.380234972264158910e-10 8.755873589915636206e-09 4.922214208362533569e-09 1.065238968097311604e-09 1.504250026184726267e-08 1.819983276722926397e-09 7.424312874633596330e-11 1.955911873701620965e-11 7.636121316158778511e-12 1.117361401621074877e-11 0.000000000000000000e+00 0.000000000000000000e+00
0.000000000000000000e+00 0.000000000000000000e+00 3.965256623137314004e-17 4.235634430798273099e-10 3.887033886026751134e-08 4.468113696260902023e-10 1.351528708821898712e-08 4.925692435434345475e-09 2.377643032603673944e-09 1.030430941058079330e-08 6.903104294755370515e-09 2.921204732351625659e-09 1.542254167508534611e-08 6.957903843484152854e-09 1.138493028097700479e-10 1.098103935161076535e-10 4.045120827879278752e-10 1.348641413535125592e-09 1.226746541100447161e-17 0.000000000000000000e+00
0.000000000000000000e+00 8.365888633479481003e-17 7.908047186723555065e-10 1.561116567785297844e-08 3.030947708287243182e-07 1.554282107251361459e-07 8.326321254415323261e-08 8.141634599529224750e-08 3.639784067474393913e-08 2.000487560396191010e-08 1.179191589872832757e-08 8.641535290554841145e-09 2.065131073321710397e-08 5.095665267145356139e-09 2.212720287737754119e-09 3.886034920145075969e-09 1.499108594323033250e-08 4.994334652755919521e-08 1.993226595718431157e-14 0.000000000000000000e+00
8.380121707780214065e-10 2.091621287879972918e-10 5.673207739304587562e-09 1.199711145450992646e-07 8.503666575519908381e-07 3.432150825761546425e-07 2.807048982563528789e-07 2.974465202377928887e-07 1.147997987118952370e-07 4.720164634174356985e-08 2.443995608197742194e-08 2.269073027594798286e-08 3.462017079985118342e-08 1.211970900176298018e-08 1.879895716434425864e-08 6.690433966703699040e-08 7.905172333015475495e-08 2.638775053317109730e-07 4.680098728117089731e-10 3.291092921339766277e-11
4.280036796390218808e-09 1.808590635215871488e-09 2.229562010515870157e-08 2.536991011084201345e-07 1.643822028169835092e-06 7.277026072795627662e-07 5.742123681701464911e-07 6.039494702650508381e-07 3.338812139465762878e-07 2.092891295794285381e-07 7.731386053217441103e-08 6.902820248188628758e-08 1.510955056223201319e-07 6.380756223326043025e-08 9.440493623374191494e-08 2.278317908021660396e-07 4.759583647266381487e-07 8.680355230832929798e-07 4.309295817704676773e-08 2.066189149500530060e-10
1.100514046869401968e-08 1.357712322294427757e-07 1.697439860655287882e-07 1.043787766010394736e-06 2.828895244135983767e-06 2.517882320256999421e-06 2.645906742782838485e-06 1.532407659135305123e-06 1.073199247368433150e-06 6.236742317818128605e-07 2.926544259614799373e-07 2.155544600578743468e-07 4.897105264122091244e-07 5.688947843472587297e-07 6.795043912986305281e-07 7.029641804643044570e-07 1.979910671256729067e-06 3.150750097748312211e-06 3.616141937271921682e-07 9.693256689488239924e-10
8.123947694024848297e-08 1.859423421241045544e-06 2.027088703903743744e-06 4.592802027206809169e-06 7.336641329281533932e-06 8.380954968398657761e-06 9.485483054191271693e-06 5.556172018456427287e-06 2.991481499058150064e-06 1.521848697093523578e-06 9.458997040968606574e-07 7.330519409202824103e-07 1.171598817850106809e-06 2.092399417226062901e-06 3.917307900872630311e-06 4.437917256520843335e-06 5.389715804889990630e-06 1.229046687436135464e-05 3.971976338658305298e-06 4.029733895959243287e-09
3.966274731724371845e-07 9.328164775718454744e-06 7.779047470084577947e-06 1.223200893919829833e-05 1.581469764624721049e-05 2.164519299903104333e-05 2.753449531356006222e-05 1.512898409254744820e-05 7.038939491408921101e-06 3.185450583345048007e-06 2.191302770751024917e-06 1.838178368841015965e-06 2.599213061355309019e-06 5.259441684133748202e-06 1.058583022435261377e-05 1.398923256181581437e-05 1.582186894506131458e-05 2.885652478440898890e-05 2.597867266331871014e-05 1.277888482655224073e-08
1.425657828983475851e-06 2.635931240513421849e-05 2.196726706437103992e-05 2.652963493450959784e-05 2.930634439141664691e-05 3.951406707731927966e-05 5.105679033042140135e-05 2.884257242780772620e-05 1.274535536335754611e-05 5.456729381013075175e-06 3.967579796794283875e-06 3.419804057482890158e-06 4.694938043970724931e-06 1.003841825414816283e-05 2.053331292948158755e-05 2.928036482482049746e-05 3.538272492079588469e-05 4.928188706191939357e-05 6.715774693807430654e-05 4.429278273057792929e-08
4.005917270955921802e-06 5.694185147813507275e-05 4.616534395015513021e-05 4.662887323160193131e-05 4.871234411846864178e-05 5.901244978944659075e-05 7.532654592658558470e-05 4.378931016565873127e-05 1.902822371563634953e-05 8.106875980459627128e-06 5.989890681290977416e-06 5.201894310667556849e-06 7.160988845335078406e-06 1.570221459518154276e-05 3.235552690894069811e-05 4.749206198435976185e-05 5.863806826745131311e-05 7.385884352567730982e-05 1.102273139921857678e-04 1.598761358530549363e-07
1.213085707111377939e-05 1.041750829497409866e-04 8.192410552232965424e-05 7.242571858908339094e-05 7.130599940290302757e-05 8.000899827385065147e-05 9.768447039555179696e-05 5.797251843142167313e-05 2.509273266528934531e-05 1.081236894236224064e-05 8.027954847253972927e-06 7.009762961299206763e-06 9.635630170095440793e-06 2.139288901003295247e-05 4.449502027207553575e-05 6.597048185880329950e-05 8.259023623117095730e-05 1.067110656305866472e-04 1.673985239972242177e-04 4.166897101506651825e-05
3.240343225876020654e-05 1.619679175534126468e-04 1.238356965900658311e-04 1.018394579640254381e-04 9.414903366412041028e-05 1.002188830995699736e-04 1.166333963101485229e-04 7.008128053427984284e-05 3.045382287735193583e-05 1.335211540018166103e-05 9.880776104966252035e-06 8.636664429259793759e-06 1.184234941083154112e-05 2.655501847328818545e-05 5.559038696269302338e-05 8.265208647187934716e-05 1.041609456865849007e-04 1.407097474987222192e-04 2.377434755381021181e-04 1.512714860772107581e-04
9.247846161803891028e-05 2.217848866065700783e-04 1.650113514152707803e-04 1.311897304979155827e-04 1.154704313744764810e-04 1.179557493204887327e-04 1.311407348529332730e-04 7.943985861748659497e-05 3.490728211303177744e-05 1.566377090734648591e-05 1.149498721850055334e-05 1.007741299607790881e-05 1.368511273478493557e-05 3.089418004400966189e-05 6.479784584534600453e-05 9.642508639728246172e-05 1.228829641370825557e-04 1.743495140015074746e-04 2.972552238033013164e-04 3.063243438095529471e-04
1.906810527744159402e-04 2.765917573880477542e-04 2.010892450046173686e-04 1.569899543054414568e-04 1.355403963625959767e-04 1.289167659253568536e-04 1.360335453575138717e-04 8.414823040033336875e-05 3.789359855588714417e-05 1.748611284520319142e-05 1.264573249919973561e-05 1.115975434305370225e-05 1.528072155932021068e-05 3.388965910833872892e-05 7.140499558166190698e-05 1.071982240745474090e-04 1.404699166865091165e-04 2.113922538011829219e-04 3.741321282706808627e-04 4.464223009980093702e-04
2.890198778361988650e-04 3.205240631722068145e-04 2.308631507016201167e-04 1.761127966529554877e-04 1.525610384269135119e-04 1.340634889269556916e-04 1.280408449628907264e-04 7.914692400765862635e-05 3.693394302209242159e-05 1.826830467210414024e-05 1.321443341828160029e-05 1.166690411485583907e-05 1.632213074292784063e-05 3.544181536642955423e-05 7.246329102670620679e-05 1.121265382927389049e-04 1.563931603671375975e-04 2.516435614073157258e-04 4.669410486814785130e-04 5.653164279945669312e-04
5.386788512533562242e-04 3.695014368487650595e-04 2.562406620952524571e-04 1.882751214226212886e-04 1.642487837166947619e-04 1.424961003251578077e-04 1.213697342951110264e-04 7.445381855470234575e-05 3.597088110829718688e-05 1.900266307254534868e-05 1.381247209304220404e-05 1.245366481287108754e-05 1.739126193824199439e-05 3.566583550945931876e-05 6.956247480264496396e-05 1.115560479856436574e-04 1.768838162980383537e-04 3.020744763239700619e-04 5.655727780114999225e-04 7.212641766142994636e-04
8.712091857597512902e-04 4.581066441993772811e-04 2.961279344161927836e-04 2.111005268018792001e-04 1.836324095421906126e-04 1.532434290236691396e-04 1.212349896402366604e-04 7.501912186969184992e-05 3.845193130922720749e-05 2.147872429443608316e-05 1.552499534627702071e-05 1.446196355525840330e-05 2.004644161280534601e-05 3.809250972258488075e-05 7.197575281706878908e-05 1.170526522452057928e-04 2.096269878639438601e-04 3.656957772050993516e-04 7.253038832337101866e-04 1.007783103002291968e-03
1.487187856044292584e-03 4.875292444436578614e-04 3.590574586920695986e-04 2.602450544596666341e-04 2.008596932744486274e-04 1.486632689709585931e-04 1.144571374365524599e-04 7.190384389023119242e-05 4.003570805963819606e-05 2.337155297993688598e-05 1.701391533428865167e-05 1.649930875392620642e-05 2.321453185606858741e-05 4.194691011739513155e-05 7.766731782319385622e-05 1.363962819063612374e-04 2.669070152308497144e-04 5.477101488310023988e-04 1.139372481860988435e-03 1.672657752271216594e-03
2.464085116413232759e-03 7.851137116962335653e-04 6.074086047179548921e-04 3.995710376905448990e-04 2.797342420703048975e-04 1.934176647313378804e-04 1.380647756081756106e-04 8.950208036896995412e-05 5.182231826534758828e-05 3.110235261318185934e-05 2.282900825122886391e-05 2.230379007210828491e-05 3.105079842349496453e-05 5.470386478184564876e-05 1.025093124068690548e-04 1.833125137068595579e-04 3.648477878211664428e-04 7.998919711234971043e-04 1.699214821139116011e-03 3.117355768236355212e-03
2.483298948437715620e-03 1.026178236862902325e-03 7.039611003821689581e-04 4.539877019369641629e-04 3.151289513461528113e-04 2.111003882727844022e-04 1.502241067150091882e-04 9.903623013864576224e-05 5.941140984152275029e-05 3.639616788500935638e-05 2.686522088752205006e-05 2.642255698970531991e-05 3.645957123152939497e-05 6.281414421983193047e-05 1.159962110996105351e-04 2.085734670466010839e-04 4.251745687888894743e-04 9.250864257538534904e-04 2.112943284377124219e-03 4.918854798709781755e-03
2.320802360767055834e-03 1.091167587316627281e-03 7.502813262970999030e-04 4.602890891804344237e-04 3.195541903694109329e-04 2.085530327366708439e-04 1.515659634306510566e-04 1.029539729678421875e-04 6.439193161124329547e-05 3.977237807171085833e-05 2.963039679428500298e-05 2.899965860706284966e-05 3.943556812877324478e-05 6.535475944469084817e-05 1.161096120511378896e-04 2.131861834622643707e-04 4.183460849950907680e-04 9.254167759882478113e-04 2.388847284647302623e-03 5.159397627014786041e-03
2.642338847683148653e-03 1.172110026731941826e-03 7.466098358059402662e-04 4.547886994965248545e-04 2.781780671879265196e-04 1.802805478446183323e-04 1.375248095892764571e-04 9.843422679695141750e-05 6.480875253284295917e-05 4.045652091035991819e-05 3.056019415576591275e-05 2.974753319189514105e-05 3.950930796376937173e-05 6.192302397238340101e-05 1.052771482331434674e-04 2.075901252355215072e-04 3.639017588083231667e-04 7.618259417721729874e-04 1.582554213891282846e-03 2.722396310839819353e-03
1.856434439926314683e-03 1.093961394284581612e-03 7.114893954242776765e-04 4.609382458793928388e-04 2.376167051215452011e-04 1.459506015642766876e-04 1.181719685718207470e-04 8.929661927613770118e-05 6.127134753242226360e-05 3.850995847328384772e-05 2.929329547078347949e-05 2.804513370070536336e-05 3.645843595577069227e-05 5.455668204071292631e-05 8.665297909341278682e-05 1.814079245746373571e-04 3.003274114271512721e-04 6.125808788525105618e-04 1.198097435799148685e-03 2.768820623639700173e-03
1.059274100047943043e-03 5.211954473200976429e-04 5.148865115496124465e-04 3.375682005145746751e-04 1.657303592717505067e-04 1.065886907978936090e-04 8.951774764370949201e-05 7.552305199432928114e-05 5.556604398237163496e-05 3.527017864002903830e-05 2.670354469677756580e-05 2.527599585942898601e-05 3.235816789390017574e-05 4.664018972865351077e-05 6.866272158868991075e-05 1.156704345808489770e-04 2.002093639218015145e-04 3.256773905939752060e-04 9.026436774978260262e-04 2.617494180223512053e-03
1.768400726330490377e-04 4.583369117154665207e-05 1.037358507170731028e-04 4.417826157354170596e-05 5.331734061982997404e-05 4.607809507469999978e-05 4.036457380419688096e-05 3.946568358644983817e-05 3.435730040302965079e-05 2.320254469795151702e-05 1.722423405525765446e-05 1.599252497850673700e-05 1.977176862585537046e-05 2.666120176984922228e-05 3.527222770262367367e-05 4.691054643349755417e-05 7.739549120650778783e-05 7.549716798780990018e-05 3.059191760681313706e-05 2.168331533256684347e-05
6.693981909711084781e-05 1.773396892157838817e-05 3.409191254449014350e-05 1.289995076238535008e-05 1.193799180375742608e-05 2.216986809358247862e-05 2.272479964554686901e-05 2.509372140784713737e-05 2.271983178624469981e-05 1.520198139462805158e-05 1.117251935219900369e-05 1.025206926776503599e-05 1.225503634125018472e-05 1.560883488491772745e-05 2.091896669018093220e-05 2.242441920779339785e-05 3.458799383019778360e-05 6.409315309863103339e-05 9.047440842535954704e-06 8.875603119964735983e-06
1.028771135246862043e-05 2.708534621043009900e-06 2.175813397339981860e-06 1.827137555196109316e-06 1.354919170905410477e-06 1.114810097554001980e-05 1.381200248172981043e-05 1.870953550943155750e-05 1.715325528978586242e-05 1.090718047777227102e-05 7.601990502808604626e-06 7.076538257562121663e-06 8.583423672593678782e-06 9.985911225422884513e-06 1.395113236022199950e-05 9.953948056609091593e-06 1.446401695778881333e-05 2.684625669462188796e-05 1.940029514836204239e-06 1.508823829516423706e-06
6.960717424864434824e-07 1.959114291873442666e-07 2.878794733986660110e-07 2.862249405930003593e-07 3.327271631716693531e-07 6.759525499918953347e-06 8.683285161841995011e-06 1.374568659016610593e-05 1.307251499903128736e-05 8.442409476126123963e-06 5.543265755087888469e-06 5.133235271414481151e-06 6.309443645749677446e-06 6.878847249047475222e-06 9.206848382290727171e-06 3.733472599146704985e-06 1.688500147726807012e-06 2.775797154698821888e-06 1.966416266473712820e-07 9.027267314559057275e-08
1.333917612504636332e-07 4.206678113890952727e-08 3.910816228538341317e-08 7.218677244293040583e-08 1.257900401589209068e-07 4.228028663237145835e-06 6.347208100385552596e-06 9.433611247729356794e-06 9.790808922843540944e-06 6.530998962041309866e-06 4.254500483228763950e-06 3.984753962318554714e-06 4.880988447937851461e-06 5.163185167166322593e-06 5.515025407464471444e-06 2.116683208326873047e-06 7.578409236676515671e-07 1.348211256205618125e-06 4.767571956040437898e-08 2.169978379941734356e-08
2.860609615481236300e-08 9.095958471772598110e-09 8.775683036100084465e-09 2.685057701093851153e-08 5.159651485556562562e-08 1.505614944529336493e-07 4.176352823056060891e-06 7.011092068655085237e-06 6.982746845397669758e-06 4.805412206997948169e-06 3.202350852612073259e-06 3.109292818212373205e-06 3.832257087174929675e-06 3.795226511512491594e-06 4.360691687761617766e-06 2.295977825866788768e-06 3.531032520783702375e-07 6.313638073261238870e-07 1.071826109867590811e-08 4.916416060731502380e-09
8.421498577217049767e-18 8.931888545487013844e-12 2.031720001793594582e-10 9.426632847570261408e-09 2.427998174798063011e-08 6.600617782131710217e-08 1.907117529249277644e-06 4.956132011419153453e-06 4.625572600743990485e-06 3.397638715421982311e-06 2.376550564409652732e-06 2.325905132915528290e-06 2.888342356442706281e-06 2.843533718305106866e-06 3.823421277163576138e-06 2.048739746089347516e-06 1.570721138414779776e-07 2.804079025978224279e-07 1.788145042109783427e-15 0.000000000000000000e+00
7.187230916760426554e-18 4.529427116829471774e-12 1.472944448291213811e-11 3.239822806167324384e-09 1.257658351271170333e-08 3.010344249337287252e-08 1.700311623777324645e-07 2.978881338592703933e-06 2.825681804956125670e-06 2.234659510261760123e-06 1.684757877276943492e-06 1.731305336962210507e-06 2.179104120686828670e-06 2.214608202199149561e-06 3.091762568318293320e-06 1.500814746610312029e-06 8.758018932948795968e-08 1.630489422027374892e-07 1.122805461944752388e-15 0.000000000000000000e+00
6.944764102531532931e-18 1.909792616205672590e-12 3.853273773623159038e-12 1.071728181953246126e-09 5.870465457026738099e-09 1.506415589995614966e-08 7.828282073839470749e-08 2.475119361900294017e-06 2.062508412699287287e-06 1.589047263827294938e-06 1.139796197515989123e-06 1.160445927151833184e-06 1.595369516015007057e-06 1.435006577277207262e-06 2.204960610067374809e-06 6.108288960092090909e-07 5.059937260139702036e-08 9.703817497422919264e-08 7.268255252858636050e-16 0.000000000000000000e+00
7.159033454263824589e-18 3.765034915416493206e-12 9.389221707261525393e-12 2.484502861487131955e-10 2.081848707358522837e-09 8.553057343580355300e-09 4.111507580240157886e-08 1.545004540775401259e-06 1.419143489772880922e-06 1.212630387520783650e-06 7.939812643749932904e-07 7.636532725423215230e-07 1.126223258446440780e-06 8.500298450099154362e-07 1.415298855671888348e-06 1.608038899508937279e-07 2.772426236684318470e-08 5.411073651527861915e-08 1.457181002328710649e-15 0.000000000000000000e+00
4.531712974782510654e-13 1.847260575071932470e-10 4.752770779304885677e-10 3.217978797813529324e-10 1.204753722334047292e-09 1.180480463013259830e-07 1.166765967731079053e-07 3.493324356533219756e-07 8.259742843688873017e-07 9.366385184661463967e-07 6.010234932542480924e-07 4.995931815959544753e-07 8.151702615056100137e-07 7.026455450225899399e-07 1.337548053381572501e-06 2.795026421345281489e-06 4.513973979948256774e-08 7.146054750435057973e-08 1.692560279573959560e-14 5.177867155044063465e-14
1.400147119072232690e-12 4.156997947064154941e-10 1.115387342108244690e-09 7.685911614169445981e-10 2.447018419842629391e-09 4.185281147263260048e-07 4.445570318784347697e-07 3.187973863138060298e-07 5.494089552062859427e-07 8.181382226011600365e-07 5.002323471559673698e-07 4.357277320708772584e-07 7.401965476121356680e-07 1.328057976895748418e-06 3.831077125040410643e-06 1.106422871919726760e-05 1.126186126652772721e-07 1.756695412599280608e-07 5.695469439969831449e-14 1.618319139546269920e-13
1.890347118034650074e-09 1.878732389404804963e-09 1.654986052882177329e-09 1.090580224432670775e-09 4.697931249078346794e-09 6.699635149847156517e-07 5.052459223589316721e-07 5.736863579254692213e-07 5.075738734602419216e-07 7.562017817492478213e-07 5.067950520100539729e-07 5.113614017816962611e-07 1.012849131976111760e-06 2.496779720985713083e-06 7.540365891938182042e-06 1.959233793298336922e-05 2.217688291206701075e-07 3.736100333331611752e-07 1.636336838524299854e-10 3.649347676733676369e-10
1.557607785178047908e-06 1.914815778288756629e-06 2.506263688170112626e-06 1.682146400581154098e-06 7.503803788922935387e-07 2.075698617467322315e-06 1.236188542444451805e-06 8.209927305035545739e-07 6.080969496778694522e-07 7.802111232171099700e-07 5.993919471026058037e-07 6.687427943434311648e-07 1.527046988473327025e-06 3.727472738857826573e-06 9.469660743057758061e-06 2.642226532886802313e-05 1.198006826942989914e-06 9.694513770286382975e-07 3.037459781937068250e-07 5.923897859763942942e-07
9.352564645962389947e-06 8.272990546172454679e-06 5.387813617467672361e-06 3.393644878285004517e-06 2.312780916312176880e-06 2.620711334156057338e-06 2.390969101626804907e-06 1.786437122507386649e-06 1.313183552024362816e-06 1.181472397024128333e-06 1.094180120711597812e-06 1.134901346943580876e-06 2.336924055984390917e-06 5.003423278058313326e-06 1.163451562516795688e-05 2.654224379881287848e-05 5.610007533701895312e-06 3.989487397430146630e-06 1.574161862122991553e-06 3.226642948658384833e-06
1.424839637610994510e-05 3.563111197503822830e-05 3.306739103412264429e-05 1.842877884110036098e-05 1.259809402061054181e-05 1.149199586159643778e-05 9.318435106380471619e-06 6.326071980825103142e-06 3.784495293283823071e-06 2.677440824141327709e-06 2.583849525991200618e-06 2.354948940051925416e-06 4.009291827552362030e-06 8.222305207923226919e-06 1.905746975563718450e-05 4.145714115168811577e-05 4.030961561269631418e-05 6.589221415062610792e-06 3.948631571616293598e-06 4.141262655925521782e-06
5.802973337984605196e-07 7.215740082535695537e-06 1.227996075638155499e-05 2.008820111972022421e-05 2.148101559424757953e-05 1.181888529809343395e-05 8.971819843138758712e-06 5.595920640201128380e-06 3.288930092433531652e-06 2.413914113295762873e-06 2.180793385884917745e-06 2.172680128494255039e-06 3.057065712402823936e-06 5.876346675385551587e-06 1.363919829973407822e-05 2.971745196255763365e-05 2.252976679314578452e-05 2.469659024957289380e-05 9.631864113177215176e-07 1.091719442939100980e-07
5.168844183008498610e-10 2.914076342518629510e-07 2.316868195248088385e-05 8.155594844717175336e-05 7.132760623797574392e-05 3.830992971831780357e-05 2.161214712249524299e-05 1.172872749303741994e-05 8.184412614135433113e-06 5.198786191166506859e-06 3.551155106485366368e-06 3.235213784971954622e-06 4.110950545734379015e-06 8.223625550936827821e-06 1.535734341566547478e-05 2.303967228095870669e-05 4.332129037830235031e-05 6.156644957384353886e-05 1.910176076270665543e-06 3.639946689549550493e-09
7.586719235621787161e-09 2.997042075975268241e-07 6.813812820593721700e-05 1.213119900955887177e-04 8.531981660535752673e-05 4.641306524228863353e-05 2.164257714499288630e-05 1.045085001598272235e-05 7.099520205206664906e-06 5.144826145499423898e-06 3.990934037693155750e-06 3.642177702305696145e-06 5.165598161448248709e-06 9.404352427762400403e-06 1.470659644058808369e-05 2.916806828078463416e-05 7.628247306230081116e-05 1.051203406607294802e-04 4.571863386195377617e-08 4.098574631753820171e-09
1.544527324519313261e-07 1.101215484174561830e-06 1.934887460629717383e-05 3.914843671236812353e-05 3.568036841665532776e-05 2.298380094726653523e-05 1.422756732778006537e-05 8.859255781877565557e-06 5.846754280307997943e-06 4.766170264916151597e-06 4.302239068545470501e-06 3.374562297752093449e-06 4.545461420769495719e-06 8.298764382073586655e-06 1.630101494001707688e-05 3.531175232065007351e-05 1.066496660772568554e-04 8.392834442434745474e-05 5.545675007744469677e-08 6.706802135810781901e-09
1.333070196070881075e-07 3.237671226131000799e-06 5.868064874310916191e-06 1.134983292042220626e-05 1.192006475669756559e-05 9.943460245441268865e-06 9.233559937794108457e-06 6.551415140811438018e-06 3.984440643505863818e-06 3.111717531168848353e-06 3.018660466775645384e-06 2.931799476292099563e-06 3.957810597633718542e-06 8.716098750423419264e-06 1.582814293490670664e-05 3.029369583400236585e-05 7.967116521165955550e-05 1.437140888789787752e-04 1.321826567301341248e-07 7.310100516389360159e-08
5.656114239956993732e-08 2.317042359286544928e-06 3.247692817437003714e-06 7.474885996477160573e-06 1.024307508776614402e-05 1.010815793635195652e-05 9.376392112830306481e-06 6.032899874190810738e-06 3.117288264164855467e-06 2.353983887585600388e-06 2.294431653010975376e-06 2.157367660898928416e-06 2.910762890811696428e-06 5.335443228810023841e-06 1.125116994689681391e-05 2.365536807446513601e-05 6.763287005307536787e-05 1.457447042060905547e-04 4.980596719357985843e-07 3.177964660095013724e-07
1.339839155087237959e-08 4.937453867690050422e-07 2.296971025377870311e-06 6.965720566777147994e-06 7.126657468538649611e-06 4.984058039269767496e-06 3.829828682584959067e-06 2.490527922667501330e-06 1.544449445193161299e-06 1.182563281736503207e-06 1.312408238963080430e-06 1.347882538319151021e-06 1.189637281874962840e-06 2.112991126218823476e-06 5.271502467997949658e-06 1.338439412635853740e-05 3.307820977288403115e-05 4.798200853981275313e-05 9.955207211582485499e-07 7.029237523886810281e-07
8.300370605419882727e-10 6.918678205319867128e-08 1.012052327906109456e-06 6.654803498403435007e-07 3.652803984369669469e-07 3.096765745489649821e-07 2.926275720949886842e-07 3.440197855029223122e-07 4.446962716835949531e-07 4.406860569473069286e-07 3.273032889284689069e-07 3.463560416862838000e-07 6.395080535179716241e-07 6.945177252437682545e-07 1.474920778595762362e-06 2.357370526980716869e-06 7.981061044052864439e-06 1.290486835941861638e-06 2.667787248544985245e-07 2.030600951863787147e-07
1.047452137141221119e-11 1.626062796954827189e-08 5.634047118891650199e-07 3.636948728062555511e-07 1.790092629530409032e-07 1.080607648606162272e-07 8.406107134900546705e-08 1.441919294426421655e-07 1.104221863288758884e-07 9.901016204828977502e-08 1.140375659784609505e-07 8.792973892786165826e-08 1.454496494726170605e-07 2.217287369612777154e-07 4.446210705143210895e-07 2.044926229178155289e-07 5.740620652288765012e-08 1.134739695844678686e-07 4.897313109021695471e-09 7.486076849478607061e-09
0.000000000000000000e+00 2.739061024515192096e-09 1.447615668958396972e-07 9.364958514408423332e-08 4.625692534395135468e-08 2.813859128463491345e-08 2.033027744404363189e-08 1.718496209892973832e-08 5.442443655563628712e-08 4.577367940129431648e-08 3.250424658391983416e-08 2.857075332298472936e-08 3.405532795411845024e-08 8.468251583420981365e-08 1.266749169409171270e-07 2.769554460547115362e-08 6.452382855222241102e-09 1.205905798697886453e-08 8.152161031663506316e-11 2.243983738261099110e-10
0.000000000000000000e+00 2.015814147927779727e-12 2.400676605221725866e-09 1.523443425368533902e-09 7.152023590484655406e-10 6.071594914361365070e-10 5.239596931756945222e-10 6.341744470920356636e-10 1.350388435958392142e-08 7.858438084814180551e-09 4.870375820320419453e-09 5.846507457926638050e-09 5.547311353193611957e-09 1.002972578035112502e-08 4.623325317995883067e-09 2.687897108424661760e-09 5.640791836484343064e-10 1.109300307310161284e-09 3.938766701874228398e-12 1.398681055302990944e-12
0.000000000000000000e+00 5.635969512415160811e-15 7.720547651806837018e-15 3.446527997924244692e-13 3.176460799394218676e-12 3.536592518897299399e-11 4.390459136490756613e-11 2.678807604296398266e-09 9.630996115547509293e-10 7.297643431355586707e-10 1.038433415579118157e-09 1.121974899763753200e-09 1.798233716289782413e-09 8.370230586025544081e-10 3.639117415898869260e-10 7.476524412811343448e-11 1.841605283803642591e-11 1.682911455526065531e-13 9.045556804148239889e-14 0.000000000000000000e+00
0.000000000000000000e+00 0.000000000000000000e+00 4.404324861152296537e-12 3.320669302610924746e-12 2.026270879468705640e-12 1.021607935009365318e-10 9.616718416190751235e-10 4.902262890436999762e-09 9.980464684563981281e-10 1.313987725292227843e-10 6.883177083417439277e-12 5.309084319789630019e-12 5.774161270111577084e-12 9.644959927048379994e-12 1.846758604799418982e-11 1.722501949223226570e-11 1.063247828130467992e-11 0.000000000000000000e+00 0.000000000000000000e+00 0.000000000000000000e+00
0.000000000000000000e+00 0.000000000000000000e+00 0.000000000000000000e+00 0.000000000000000000e+00 0.000000000000000000e+00 0.000000000000000000e+00 0.000000000000000000e+00 0.000000000000000000e+00 0.000000000000000000e+00 0.000000000000000000e+00 0.000000000000000000e+00 0.000000000000000000e+00 0.000000000000000000e+00 0.000000000000000000e+00 0.000000000000000000e+00 0.000000000000000000e+00 0.000000000000000000e+00 0.000000000000000000e+00 0.000000000000000000e+00 0.000000000000000000e+00
0.000000000000000000e+00 0.000000000000000000e+00 0.000000000000000000e+00 0.000000000000000000e+00 0.000000000000000000e+00 0.000000000000000000e+00 0.000000000000000000e+00 0.000000000000000000e+00 0.000000000000000000e+00 0.000000000000000000e+00 0.000000000000000000e+00 0.000000000000000000e+00 0.000000000000000000e+00 0.000000000000000000e+00 0.000000000000000000e+00 0.000000000000000000e+00 0.000000000000000000e+00 0.000000000000000000e+00 0.000000000000000000e+00 0.000000000000000000e+00
0.000000000000000000e+00 0.000000000000000000e+00 0.000000000000000000e+00 0.000000000000000000e+00 0.000000000000000000e+00 0.000000000000000000e+00 0.000000000000000000e+00 0.000000000000000000e+00 0.000000000000000000e+00 0.000000000000000000e+00 0.000000000000000000e+00 0.000000000000000000e+00 0.000000000000000000e+00 0.000000000000000000e+00 0.000000000000000000e+00 0.000000000000000000e+00 0.000000000000000000e+00 0.000000000000000000e+00 0.000000000000000000e+00 0.000000000000000000e+00
0.000000000000000000e+00 0.000000000000000000e+00 0.000000000000000000e+00 0.000000000000000000e+00 0.000000000000000000e+00 0.000000000000000000e+00 0.000000000000000000e+00 0.000000000000000000e+00 0.000000000000000000e+00 0.000000000000000000e+00 0.000000000000000000e+00 0.000000000000000000e+00 0.000000000000000000e+00 0.000000000000000000e+00 0.000000000000000000e+00 0.000000000000000000e+00 0.000000000000000000e+00 0.000000000000000000e+00 0.000000000000000000e+00 0.000000000000000000e+00
0.000000000000000000e+00 0.000000000000000000e+00 0.000000000000000000e+00 0.000000000000000000e+00 0.000000000000000000e+00 0.000000000000000000e+00 0.000000000000000000e+00 0.000000000000000000e+00 0.000000000000000000e+00 0.000000000000000000e+00 0.000000000000000000e+00 0.000000000000000000e+00 0.000000000000000000e+00 0.000000000000000000e+00 0.000000000000000000e+00 0.000000000000000000e+00 0.000000000000000000e+00 0.000000000000000000e+00 0.000000000000000000e+00 0.000000000000000000e+00
0.000000000000000000e+00 0.000000000000000000e+00 0.000000000000000000e+00 0.000000000000000000e+00 0.000000000000000000e+00 0.000000000000000000e+00 0.000000000000000000e+00 0.000000000000000000e+00 0.000000000000000000e+00 0.000000000000000000e+00 0.000000000000000000e+00 0.000000000000000000e+00 0.000000000000000000e+00 0.000000000000000000e+00 0.000000000000000000e+00 0.000000000000000000e+00 0.000000000000000000e+00 0.000000000000000000e+00 0.000000000000000000e+00 0.000000000000000000e+00
0.000000000000000000e+00 0.000000000000000000e+00 0.000000000000000000e+00 0.000000000000000000e+00 0.000000000000000000e+00 0.000000000000000000e+00 0.000000000000000000e+00 0.000000000000000000e+00 0.000000000000000000e+00 0.000000000000000000e+00 0.000000000000000000e+00 0.000000000000000000e+00 0.000000000000000000e+00 0.000000000000000000e+00 0.000000000000000000e+00 0.000000000000000000e+00 0.000000000000000000e+00 0.000000000000000000e+00 0.000000000000000000e+00 0.000000000000000000e+00
0.000000000000000000e+00 0.000000000000000000e+00 0.000000000000000000e+00 0.000000000000000000e+00 0.000000000000000000e+00 0.000000000000000000e+00 0.000000000000000000e+00 0.000000000000000000e+00 0.000000000000000000e+00 0.000000000000000000e+00 0.000000000000000000e+00 0.000000000000000000e+00 0.000000000000000000e+00 0.000000000000000000e+00 0.000000000000000000e+00 0.000000000000000000e+00 0.000000000000000000e+00 0.000000000000000000e+00 0.000000000000000000e+00 0.000000000000000000e+00
0.000000000000000000e+00 0.000000000000000000e+00 0.000000000000000000e+00 0.000000000000000000e+00 0.000000000000000000e+00 0.000000000000000000e+00 0.000000000000000000e+00 0.000000000000000000e+00 0.000000000000000000e+00 0.000000000000000000e+00 0.000000000000000000e+00 0.000000000000000000e+00 0.000000000000000000e+00 0.000000000000000000e+00 0.000000000000000000e+00 0.000000000000000000e+00 0.000000000000000000e+00 0.000000000000000000e+00 0.000000000000000000e+00 0.000000000000000000e+00
0.000000000000000000e+00 0.000000000000000000e+00 0.000000000000000000e+00 0.000000000000000000e+00 0.000000000000000000e+00 0.000000000000000000e+00 0.000000000000000000e+00 0.000000000000000000e+00 0.000000000000000000e+00 0.000000000000000000e+00 0.000000000000000000e+00 0.000000000000000000e+00 0.000000000000000000e+00 0.000000000000000000e+00 0.000000000000000000e+00 0.000000000000000000e+00 0.000000000000000000e+00 0.000000000000000000e+00 0.000000000000000000e+00 0.000000000000000000e+00
0.000000000000000000e+00 0.000000000000000000e+00 0.000000000000000000e+00 0.000000000000000000e+00 0.000000000000000000e+00 0.000000000000000000e+00 0.000000000000000000e+00 0.000000000000000000e+00 0.000000000000000000e+00 0.000000000000000000e+00 0.000000000000000000e+00 0.000000000000000000e+00 0.000000000000000000e+00 0.000000000000000000e+00 0.000000000000000000e+00 0.000000000000000000e+00 0.000000000000000000e+00 0.000000000000000000e+00 0.000000000000000000e+00 0.000000000000000000e+00
0.000000000000000000e+00 0.000000000000000000e+00 0.000000000000000000e+00 0.000000000000000000e+00 0.000000000000000000e+00 0.000000000000000000e+00 0.000000000000000000e+00 0.000000000000000000e+00 0.000000000000000000e+00 0.000000000000000000e+00 0.000000000000000000e+00 0.000000000000000000e+00 0.000000000000000000e+00 0.000000000000000000e+00 0.000000000000000000e+00 0.000000000000000000e+00 0.000000000000000000e+00 0.000000000000000000e+00 0.000000000000000000e+00 0.000000000000000000e+00
0.000000000000000000e+00 0.000000000000000000e+00 0.000000000000000000e+00 0.000000000000000000e+00 0.000000000000000000e+00 0.000000000000000000e+00 0.000000000000000000e+00 0.000000000000000000e+00 0.000000000000000000e+00 0.000000000000000000e+00 0.000000000000000000e+00 0.000000000000000000e+00 0.000000000000000000e+00 0.000000000000000000e+00 0.000000000000000000e+00 0.000000000000000000e+00 0.000000000000000000e+00 0.000000000000000000e+00 0.000000000000000000e+00 0.000000000000000000e+00
