2.651568429964346746e-02 1.370548160384770127e-02 7.460163460090847923e-03 4.494242004774840100e-03 2.974345997296936207e-03 1.835703676813853387e-03 1.230462768782302234e-03 8.749973055182554138e-04 5.786295473461863792e-04 3.656251692676890683e-04 2.599194327357541340e-04 2.369113677201487326e-04 2.941816782156714163e-04 4.544672423244106030e-04 7.812019460947753615e-04 1.331069548482311481e-03 2.267226772251105301e-03 4.968943913876125787e-03 9.484609679085513265e-03 1.288399225013748227e-02
2.625560736814359919e-02 1.421526036560579430e-02 7.761392315013809946e-03 4.763400719078879873e-03 3.137375273728702438e-03 1.966333906613958616e-03 1.324143867688552583e-03 9.448386455979281267e-04 6.258699473237073607e-04 3.958973884570800143e-04 2.818194898679102808e-04 2.569561780663068957e-04 3.189490499774735063e-04 4.922052100632170460e-04 8.473425493808583574e-04 1.441585468523159507e-03 2.462512903999231409e-03 5.368081047442412219e-03 1.008156091564730954e-02 1.404747642567427332e-02
2.512228875141549189e-02 1.424779081645557825e-02 7.747427545035849225e-03 4.791186690541815799e-03 3.140065276554763075e-03 1.992440136012890023e-03 1.354146048912278823e-03 9.699465745765872230e-04 6.435425255060728874e-04 4.072375868593819089e-04 2.899727912393921430e-04 2.643399614278482950e-04 3.279564791898891192e-04 5.056250235310173020e-04 8.708518082863199970e-04 1.479940668498512957e-03 2.531634096225494207e-03 5.491655696517746058e-03 1.019202952416462145e-02 1.449039528504537412e-02
2.399153570948550640e-02 1.407873409405032729e-02 7.651703968084892782e-03 4.754266808403261046e-03 3.097428016880407389e-03 1.986672681699047129e-03 1.364400541500808374e-03 9.811497980678196822e-04 6.520787349236549730e-04 4.127986604470229993e-04 2.939630006863526717e-04 2.678858424055822357e-04 3.321677738674433996e-04 5.116245424533215390e-04 8.814090446457900933e-04 1.496682896849245090e-03 2.562773320791739487e-03 5.531721016319654689e-03 1.016906283565472378e-02 1.471451035158335453e-02
2.279976433605375094e-02 1.383373405854128324e-02 7.530653988781920057e-03 4.693599235625262912e-03 3.040690761733067220e-03 1.966136229112821869e-03 1.364674497619683272e-03 9.857027387060279637e-04 6.563871142341811717e-04 4.157207903389374811e-04 2.960641158319723401e-04 2.696975988788155739e-04 3.342184879782528076e-04 5.143125329426930740e-04 8.862814157310441475e-04 1.503977114426466441e-03 2.580777992488022567e-03 5.568256125660488685e-03 1.008616721111734588e-02 1.484783794604559691e-02
2.158561390242962758e-02 1.357431210594273359e-02 7.408972228178913044e-03 4.626787923645644604e-03 2.981069638616389190e-03 1.938159180183493839e-03 1.358863317324020444e-03 9.862573290268768569e-04 6.582864240023993856e-04 4.171567776754603937e-04 2.971130376579997107e-04 2.705448012503607145e-04 3.350727769870352648e-04 5.151268238955593890e-04 8.879264032728645742e-04 1.505953773828400859e-03 2.589723218754723909e-03 5.586420531617928426e-03 9.970587237998694910e-03 1.494062299682355835e-02
2.055942500726998245e-02 1.326776254034416243e-02 7.292810098235447819e-03 4.560621628452892103e-03 2.925531404236032113e-03 1.906963255944069341e-03 1.349552942788850851e-03 9.840767180458059350e-04 6.586251471451565502e-04 4.176687237174310356e-04 2.975043917447317901e-04 2.707908871677377387e-04 3.351894150840286236e-04 5.148483588110326853e-04 8.876803288413211016e-04 1.504663750376458936e-03 2.591681825207166681e-03 5.575535647754295034e-03 9.835425201019844937e-03 1.500641413717825924e-02
1.970392564811556183e-02 1.295363961388606121e-02 7.186340073528012934e-03 4.500682309785925851e-03 2.883318676661402423e-03 1.877443911771307017e-03 1.338884173784943288e-03 9.801696204724693294e-04 6.578418242793134712e-04 4.175417006089590373e-04 2.974566595760443142e-04 2.706379324338833645e-04 3.348245849315823418e-04 5.138229638797941643e-04 8.862325671121036239e-04 1.501204905200222411e-03 2.590624085187238912e-03 5.555770917011475241e-03 9.687561110804035133e-03 1.506709237593602604e-02
1.905745763383323924e-02 1.269565029228647383e-02 7.086277930200828891e-03 4.452206790306894799e-03 2.860492528738356553e-03 1.854682131698259795e-03 1.328869068695028282e-03 9.755408371433730696e-04 6.563444167543560715e-04 4.169716806843722329e-04 2.971025442446037458e-04 2.702143163831595917e-04 3.341372670440287927e-04 5.123297377584273274e-04 8.839900913751682536e-04 1.496596591327033123e-03 2.592297517173675330e-03 5.556939184910098840e-03 9.530354398782487496e-03 1.512398000001052498e-02
1.861219973366604746e-02 1.246907088522859232e-02 6.998365261018872630e-03 4.417702623344647514e-03 2.856982026095730709e-03 1.840600999208673880e-03 1.320784311611008458e-03 9.709479884650778006e-04 6.544941680935824953e-04 4.160872431570303070e-04 2.965348811614940757e-04 2.695917447523890598e-04 3.332300610986276826e-04 5.105434985860222074e-04 8.813892402969335021e-04 1.490917282116925547e-03 2.589920891578396944e-03 5.528181800033422390e-03 9.368256883739756874e-03 1.518458686726724925e-02
1.839803680364448732e-02 1.225774321618819558e-02 6.931045592076193022e-03 4.400203998959474269e-03 2.870700400019902086e-03 1.835232247071784048e-03 1.315661103438233977e-03 9.671610877846128227e-04 6.525488396906202861e-04 4.150002883932054254e-04 2.958164504984505164e-04 2.688416423740742044e-04 3.321765183022110449e-04 5.085455017589614237e-04 8.786064031550898075e-04 1.484776535515708535e-03 2.586702347491514915e-03 5.518490228447177001e-03 9.203168662836800490e-03 1.524988198232328160e-02
1.844672450333155814e-02 1.209452971147536443e-02 6.897883808854411020e-03 4.403041259926677303e-03 2.899638741941591887e-03 1.839385770018754510e-03 1.313655106473230567e-03 9.644582618279430759e-04 6.507190726267710404e-04 4.138184752625569444e-04 2.950138227898063421e-04 2.680077193570892065e-04 3.310407720014239439e-04 5.064935716480018337e-04 8.758794393181495476e-04 1.478516332795969199e-03 2.584956774671116550e-03 5.507127356834286627e-03 9.035008791871976599e-03 1.532220096932971135e-02
1.879068838023062113e-02 1.197192676558573102e-02 6.910096283337144665e-03 4.423291748477010607e-03 2.933870471119326591e-03 1.847699131282794054e-03 1.313881841176680644e-03 9.628027866380682847e-04 6.491115356328395819e-04 4.126105806486675431e-04 2.941674368684884513e-04 2.671344045439821152e-04 3.298668578780771183e-04 5.044959912584500925e-04 8.733132551418020190e-04 1.472494999141614469e-03 2.582285160309990245e-03 5.493152332275403650e-03 8.859708145759117442e-03 1.540096523743196902e-02
1.947067943401610546e-02 1.188613755659624106e-02 6.969390263636243699e-03 4.445965915870418207e-03 2.960455723630576325e-03 1.855889521450629744e-03 1.316491567685425940e-03 9.615992403448166874e-04 6.477571981024340866e-04 4.114262458711625148e-04 2.933177577457017670e-04 2.662644017970721734e-04 3.287298818604181207e-04 5.026914367580044259e-04 8.711501485012558945e-04 1.467148001148748781e-03 2.580067771609806555e-03 5.454026684348615810e-03 8.682787483375215692e-03 1.548361459654268475e-02
2.051908948960851770e-02 1.183819146880379751e-02 7.055655968999354800e-03 4.463668883610237559e-03 2.969984840811353433e-03 1.858738239904256370e-03 1.321318869226023986e-03 9.606148288006325503e-04 6.467309933910924584e-04 4.102864463075362790e-04 2.925028421530643922e-04 2.654183103692131984e-04 3.276560969369009518e-04 5.011850347339318968e-04 8.695422179719330957e-04 1.463804060635529123e-03 2.584287869889229441e-03 5.429441231406894643e-03 8.509673536450412454e-03 1.556688860455705294e-02
2.202724435287452612e-02 1.187776340600794553e-02 7.168016447275394817e-03 4.491527372482114963e-03 2.963018930339132110e-03 1.855381211165503617e-03 1.328730210408648809e-03 9.603498509086571102e-04 6.461638529155054210e-04 4.092006660042597972e-04 2.917773950001689210e-04 2.646267473461505785e-04 3.267591178024463255e-04 5.001940807291258874e-04 8.686882300570266530e-04 1.464106029513963713e-03 2.599457373118403258e-03 5.407623795395216995e-03 8.321732645229928602e-03 1.565002257120636647e-02
2.387196969574014588e-02 1.197360792582171166e-02 7.265719192749335933e-03 4.524845742645081277e-03 2.948921895951324163e-03 1.849942266838136475e-03 1.340998558881946511e-03 9.624023109823085951e-04 6.462966282892515513e-04 4.081985818419562044e-04 2.912398149968094003e-04 2.639870034542534630e-04 3.261601467031928687e-04 4.998748817604182397e-04 8.693985323586301195e-04 1.468313828142928535e-03 2.620417734434721691e-03 5.387768857710687441e-03 8.140844364212564133e-03 1.574319268117170198e-02
2.605539007481122438e-02 1.207300441285135556e-02 7.327892850490508661e-03 4.556114331824952929e-03 2.936722725909311944e-03 1.852208879873706382e-03 1.361537623466633042e-03 9.686687593670322569e-04 6.477330054573390622e-04 4.077441886862582187e-04 2.910577466480327368e-04 2.636955800076026986e-04 3.261885306615693080e-04 5.008438954841357930e-04 8.734645483633575545e-04 1.479692777308317438e-03 2.658732562813067440e-03 5.442071076698124996e-03 7.964952774067196595e-03 1.586421851598453225e-02
2.874206190033337660e-02 1.209452447078888417e-02 7.365152434147943968e-03 4.585246507179677015e-03 2.933714179887407514e-03 1.870342742955788786e-03 1.391566866819230223e-03 9.802411261629596050e-04 6.509966134237322056e-04 4.085364213477044818e-04 2.915505401240572544e-04 2.640683413093441838e-04 3.272032645540795212e-04 5.039064772981849535e-04 8.817805557482660686e-04 1.500522139643493177e-03 2.711859601791936220e-03 5.552414170697960415e-03 7.793112994897114822e-03 1.606885144246880323e-02
3.067307486170196829e-02 1.210297905329001805e-02 7.365007354819362931e-03 4.621482974940255804e-03 2.943810731757585779e-03 1.902690720405158121e-03 1.430441706433508223e-03 9.974756626108870032e-04 6.569661697117875222e-04 4.110667602287307407e-04 2.931673505191336230e-04 2.654822461308923502e-04 3.298087893246635298e-04 5.104029519001722619e-04 8.957656006330173620e-04 1.531615614682075915e-03 2.777914872799929803e-03 5.706438160653921898e-03 7.605852524749355699e-03 1.643321936389673804e-02
3.171346321201432700e-02 1.213657018170214742e-02 7.305936439135575847e-03 4.670647409554493611e-03 2.969988850091912456e-03 1.946432306019129418e-03 1.477340532834077154e-03 1.021303195051506728e-03 6.671021289871846864e-04 4.163520491588398008e-04 2.966906112184653334e-04 2.685733714819090682e-04 3.349885124493922586e-04 5.221852636747811079e-04 9.180204586923014498e-04 1.574199704597332820e-03 2.859174886749282427e-03 5.834522173314040175e-03 7.549386563192543760e-03 1.679515266593933909e-02
3.182134101348719352e-02 1.217837272471042863e-02 7.231684245720141659e-03 4.745010895593533388e-03 3.020881461941492437e-03 2.009212233899807746e-03 1.543566999935932788e-03 1.058498861750732569e-03 6.833402616144841450e-04 4.254030996635822163e-04 3.031708026188770265e-04 2.742924758979693430e-04 3.440308944133151103e-04 5.416957119173028022e-04 9.525444470585741263e-04 1.634834975425097188e-03 2.961913044889003151e-03 5.988297694654774739e-03 7.662878853189256795e-03 1.699523609899768195e-02
3.109396150153922317e-02 1.233613426263472160e-02 7.218833024523105789e-03 4.875180313981248778e-03 3.119291961826815840e-03 2.119206623163209617e-03 1.657532649396667923e-03 1.120488310373323393e-03 7.088817634986897993e-04 4.394417657646620175e-04 3.138238294828013140e-04 2.837972513999174515e-04 3.582620630759528603e-04 5.714959897969732134e-04 1.006886672737624527e-03 1.729137119200457613e-03 3.106442532520906769e-03 6.269678085002013991e-03 8.052380246187396465e-03 1.690567170112108192e-02
2.987180403883131150e-02 1.264526544482006028e-02 7.317546667149767148e-03 5.071492773253767801e-03 3.281537658824754036e-03 2.268949231504635913e-03 1.820561851887578979e-03 1.210191241973310530e-03 7.467666126501639433e-04 4.596068168469168657e-04 3.293564705448574141e-04 2.981189466487965635e-04 3.786546421930786326e-04 6.132255171435699488e-04 1.092422006350829162e-03 1.868219229463282749e-03 3.310081815274780286e-03 6.739449789061309135e-03 8.756383168175776652e-03 1.672277945479639510e-02
2.792701631345758870e-02 1.318234979994694321e-02 7.551916876663493199e-03 5.325704803060259465e-03 3.508111517868403063e-03 2.451089147745512484e-03 2.018262873634383420e-03 1.327061515546688712e-03 7.973275136799744429e-04 4.857322392105080139e-04 3.495752462590879638e-04 3.171635613351440289e-04 4.048041595703331117e-04 6.662973824582491466e-04 1.209142724838649461e-03 2.053886189371152866e-03 3.567067810428811020e-03 7.400604580740400076e-03 9.818952329398326906e-03 1.650350832104468049e-02
2.956934698424779420e-02 1.468061493223110463e-02 8.335320515488842813e-03 5.997997413967477189e-03 4.095868200224227727e-03 2.939786511000445305e-03 2.536578852437218305e-03 1.645358974746156814e-03 9.449412260273723062e-04 5.615010353694602392e-04 4.082630128373018231e-04 3.721556759094235816e-04 4.793955352840882948e-04 8.211483172736916457e-04 1.566326510688540547e-03 2.653988361679208204e-03 4.246641601521546766e-03 8.938338911563026984e-03 1.273835246286389791e-02 1.701938881090507560e-02
3.171214308480003324e-02 1.712748319399977695e-02 1.012475348905617599e-02 7.522450428485810171e-03 5.104771454138856863e-03 3.566750760378348001e-03 2.845686521416224048e-03 1.929696562968478534e-03 1.159769368357243960e-03 6.993150230458753704e-04 5.167202947249863046e-04 4.823536370319076740e-04 6.299348626243116795e-04 1.058790149038632772e-03 1.978810640793441430e-03 3.454184845620723952e-03 5.374823687315282740e-03 1.168361602860431940e-02 2.176493006984364653e-02 4.175977981215367452e-02
3.144755033308074127e-02 1.811061201297580955e-02 1.110972694063917625e-02 8.214777426876708824e-03 5.570588122131184955e-03 3.690102137132228542e-03 2.864933252536796225e-03 2.025249214114559649e-03 1.295358445528780244e-03 7.992647107309267451e-04 5.937576521668789728e-04 5.640518240120186502e-04 7.443375608886739110e-04 1.236403175352408877e-03 2.212793466841502747e-03 3.914619774088083821e-03 6.465491603850060526e-03 1.385963270015084722e-02 2.711358083556938622e-02 6.059818728727836556e-02
4.147940557904077064e-02 2.086131884754897567e-02 1.306794754673746076e-02 9.261166990858193601e-03 6.078451922715145082e-03 3.968057379781340585e-03 3.047561403419396259e-03 2.190004291740893332e-03 1.434584279219059365e-03 8.836798654067236662e-04 6.559345557291673809e-04 6.263725735402902789e-04 8.245235790551567632e-04 1.369369186022216783e-03 2.410861248202143554e-03 4.281281514707034434e-03 7.524169229840442508e-03 1.621330541429155669e-02 3.091511400509455373e-02 6.220950260519631653e-02
5.300417150947515921e-02 2.676078234992343430e-02 1.658304184820941565e-02 1.100375479693400417e-02 7.095089963230659900e-03 4.772871176923989926e-03 3.461926470857995975e-03 2.412607411052627038e-03 1.548334524886213655e-03 9.437317127677887548e-04 6.951404372793706064e-04 6.667311026539679509e-04 8.741790424312749583e-04 1.437134069269692914e-03 2.454333694560078671e-03 4.176040476830498484e-03 7.928388316485759230e-03 1.642517693072214832e-02 2.799409031943266360e-02 4.941991667697264584e-02
6.581187174348397673e-02 3.188545950051634159e-02 1.752976299032059024e-02 1.108385330569870014e-02 7.414150895945929853e-03 5.179988534184020756e-03 3.696439628710035570e-03 2.466691572094972112e-03 1.563063897477351286e-03 9.673817932996953703e-04 7.077238100218563935e-04 6.832026535640485249e-04 8.917724727845529210e-04 1.455211021391539456e-03 2.469883312216527779e-03 4.080823841615461266e-03 8.309141166725136224e-03 1.713995195035815378e-02 2.415638686418385139e-02 3.243982181217302391e-02
7.357142811172774632e-02 3.572440544436376181e-02 1.889587276343506969e-02 1.096159333215487863e-02 7.367346748419386672e-03 5.162957075000392318e-03 3.671228456456402962e-03 2.414863575261204289e-03 1.569067150062579278e-03 9.861238453820872409e-04 7.145771581369791915e-04 6.906185148398043001e-04 8.983990245103549294e-04 1.467471905332675937e-03 2.533479045207604526e-03 4.344815908564128581e-03 8.848343022560520993e-03 1.835643946208365476e-02 2.741051498656567678e-02 2.867879208593290125e-02
5.599007123569403610e-02 3.323070442956441856e-02 1.920890692475487119e-02 1.070886592956636109e-02 6.946673287923164908e-03 4.842178515229725137e-03 3.513624647327373476e-03 2.440473714945977715e-03 1.596805246681378852e-03 1.003425316882390617e-03 7.228789753797300408e-04 6.831539793095895135e-04 8.768565490028281924e-04 1.416882176048577359e-03 2.451135376572270881e-03 4.326457634139261633e-03 8.548295246635662439e-03 1.878367351420672307e-02 3.382905106505168513e-02 4.854851935306948169e-02
3.641969529114092580e-02 3.040653437372757215e-02 1.759955686884742687e-02 1.032499588634864032e-02 6.826483594312672369e-03 4.843759833021809950e-03 3.668068513160972072e-03 2.670082541512118404e-03 1.693541883612906165e-03 1.054289974775895773e-03 7.522990443515903273e-04 7.011826267791163025e-04 9.091483489132514036e-04 1.470814874322781251e-03 2.470394633967268327e-03 4.090889775616418644e-03 8.054400674842492405e-03 1.854114811278846989e-02 3.930017646169796375e-02 6.865866977867467191e-02
4.088146742647329884e-02 3.052788972866293110e-02 1.765198922850441665e-02 1.122144890181323539e-02 7.242962699935104158e-03 5.025789875794772765e-03 3.815981445326400295e-03 2.764187659739759766e-03 1.745335821094144051e-03 1.072785706506737156e-03 7.585389199651446524e-04 7.086100631334704908e-04 9.390316947235022521e-04 1.549266880515685202e-03 2.596868387751417352e-03 4.154797794948796898e-03 7.805287310749693501e-03 1.786175873221991159e-02 4.173948573297441705e-02 7.789257271897385981e-02
5.190856967708530612e-02 3.191382098657617045e-02 1.844884801643597097e-02 1.211491426354811829e-02 7.489459481628281054e-03 4.912518653955188011e-03 3.770938505879485592e-03 2.783913109459541530e-03 1.760968759689575044e-03 1.072291052067048112e-03 7.603846084863131105e-04 7.147044016595071204e-04 9.655624948438124066e-04 1.618280166317804082e-03 2.747531657370749520e-03 4.543994662755452066e-03 8.080592793219024475e-03 1.661185038590719948e-02 3.982799564840584089e-02 7.313899594488391942e-02
5.542880174398030074e-02 3.260121087290211717e-02 1.923074762279794805e-02 1.264396729715044909e-02 7.719475338639334404e-03 4.929610764729355429e-03 3.846963154006172083e-03 2.864393936509313475e-03 1.796623974583077448e-03 1.081734884649199592e-03 7.773306414021421322e-04 7.369865050797437837e-04 1.008109902880336773e-03 1.674941347689319930e-03 2.814938627262762033e-03 4.800796533637704741e-03 8.242056040954485671e-03 1.655832807434967982e-02 3.750628865489385316e-02 6.077724032881057226e-02
5.232579877335884894e-02 3.221047303576570625e-02 2.011137489751143453e-02 1.315917548621240059e-02 7.888694354698772004e-03 5.079193808480006976e-03 4.058214416445563889e-03 2.983722136997670870e-03 1.840540768946289990e-03 1.093488236174983965e-03 8.026323087071019369e-04 7.680851177925926854e-04 1.038605159283155195e-03 1.684124010490424669e-03 2.849884065256718443e-03 5.101004253221939205e-03 8.556459393855173068e-03 1.661558185077117653e-02 3.951485980878832738e-02 5.653794488185354822e-02
4.734653848977877361e-02 3.110663633144065271e-02 2.046895721376162935e-02 1.339697495741937541e-02 7.914604847872194759e-03 5.318265035224222816e-03 4.431802458053846899e-03 3.141540226464035850e-03 1.903968471574138052e-03 1.121565014403537322e-03 8.251200785916749849e-04 7.915499694413121725e-04 1.064273723172066630e-03 1.713989329959732027e-03 2.931462113344951177e-03 5.363036832654928358e-03 9.493550363431652733e-03 1.702815647243495142e-02 3.671631281289952642e-02 5.253513900740574422e-02
4.559129446369440675e-02 2.735305199430883294e-02 1.875110923260302556e-02 1.304165878319561711e-02 8.534621881062087051e-03 5.895785219545697335e-03 4.873006245805238182e-03 3.289932424829370653e-03 1.992308084155084737e-03 1.172771122987392809e-03 8.582627865094768398e-04 8.128220722875218254e-04 1.083347612604721637e-03 1.797343293576937357e-03 3.163177921844521814e-03 5.819526720280825648e-03 1.115751124639023650e-02 2.309931928939459173e-02 4.258014666620948269e-02 4.534629719835440997e-02
5.719014611578681490e-02 2.380657288641934918e-02 1.733299776579142609e-02 1.372361688099227491e-02 9.620627998383366949e-03 6.364335047797390656e-03 4.835976981096239483e-03 3.296668545327325391e-03 2.055252928108367537e-03 1.229368985141534318e-03 9.007234968566378390e-04 8.457780437512457282e-04 1.129149933201206496e-03 1.918313040571533378e-03 3.401093616945093535e-03 5.981763493860607107e-03 1.119931642145027134e-02 2.286044780293757309e-02 4.024591201706343574e-02 2.521508231748662357e-02
6.927139186587424891e-02 2.982229964306802247e-02 2.041805448919429417e-02 1.507184741905614848e-02 1.035576870501631573e-02 6.582001868603976590e-03 4.744230962051320007e-03 3.298356942760419762e-03 2.080310830222426542e-03 1.284433484627030752e-03 9.475094731565630000e-04 8.885792945922739872e-04 1.185249970239930914e-03 1.997201258191787926e-03 3.437580139138357496e-03 5.740057189954518059e-03 1.035023966597001938e-02 2.159530526753204380e-02 3.581142599225976830e-02 6.211493754114211403e-03
7.970644626787466713e-02 4.025366924558184539e-02 2.579235394104249790e-02 1.667641758647625538e-02 1.112421222921911208e-02 7.172491657724074446e-03 4.987923681160149995e-03 3.326072381171600156e-03 2.125220291356249604e-03 1.349007125282277982e-03 1.000923484773944211e-03 9.621966320969455467e-04 1.296549586500650919e-03 2.148926922330402379e-03 3.627862097886860003e-03 5.819278765684978739e-03 1.070510138664853943e-02 2.268914039607745556e-02 3.563317797930622144e-02 2.020086809882054926e-02
8.104434247519506918e-02 4.775795232116150646e-02 2.862513880709264755e-02 1.729620498475111304e-02 1.116073659824076691e-02 7.359016628452157843e-03 5.214704283498215916e-03 3.498829207508981094e-03 2.278122673888009677e-03 1.444318027712673293e-03 1.074473947889467273e-03 1.050764495763339057e-03 1.424033202110674013e-03 2.360300742535005776e-03 3.829356483594717996e-03 6.004485786357720636e-03 1.191796985786164678e-02 2.410845953506441167e-02 3.631569598432163315e-02 2.199047082566304642e-02
7.170986509521426466e-02 4.591465349455128159e-02 2.628779508249163080e-02 1.680680121979856792e-02 1.064594607183733110e-02 7.208906224627793964e-03 5.242825973145491709e-03 3.676046573610189383e-03 2.451649973945908920e-03 1.550677628768294680e-03 1.152333442565981218e-03 1.124259297065111724e-03 1.508341747279524567e-03 2.500031864112108905e-03 3.985562443365738006e-03 6.423334581185397713e-03 1.309655143804687970e-02 2.371212269305477197e-02 3.164657940212606269e-02 1.234884212534062553e-02
4.822732119464103601e-02 3.459964260883519049e-02 2.073441819954249810e-02 1.547874697145255191e-02 1.015837522404810546e-02 6.932012926663838961e-03 5.146207737351651823e-03 3.806589853292919375e-03 2.577389469676587361e-03 1.612071890992184623e-03 1.174162495278422520e-03 1.145298398368292886e-03 1.552565914200858569e-03 2.582113010496351647e-03 4.148632098647984934e-03 6.672337450004900070e-03 1.366642383474788586e-02 2.257993577177444186e-02 3.188719242651825991e-02 2.729697582657563890e-02
3.202724321327075907e-02 2.210594973416131828e-02 1.625511296033141026e-02 1.306421158144287394e-02 9.360130964615230934e-03 7.204604254464423360e-03 5.430857586293807646e-03 3.968945410803192443e-03 2.603974295372048220e-03 1.619147466951820994e-03 1.160843837452494882e-03 1.133880581862535672e-03 1.567315145384059289e-03 2.617918773014648714e-03 4.227946218820051276e-03 6.696593359734233537e-03 1.310967420151766712e-02 2.372434830003235934e-02 4.875030019113973934e-02 3.443864140376161342e-02
2.383649858138533681e-02 1.087054933434036114e-02 1.265085118129638357e-02 1.138335434340014864e-02 8.867033517523294911e-03 7.725907527158911749e-03 5.845644655754976896e-03 4.123084300706302691e-03 2.611196647407516142e-03 1.611123317702690873e-03 1.136440823082428882e-03 1.093358520280206508e-03 1.521188447523175126e-03 2.562540222618785255e-03 4.086814237287311573e-03 6.253220622468531019e-03 1.126625784039844182e-02 2.643170516269320938e-02 6.173524504407990054e-02 1.317645380585923121e-02
2.403357403537837236e-02 1.233957736024263868e-02 1.272259754392759956e-02 1.096552539980465493e-02 8.746789532290391925e-03 7.698677324790113331e-03 5.985630217583718868e-03 4.197064468619624358e-03 2.565793108901197762e-03 1.576884009596446652e-03 1.102892885279418847e-03 1.035319188646569325e-03 1.409583097367278362e-03 2.430232293361253310e-03 3.990948192212891675e-03 6.057417339958682569e-03 1.063619381942200633e-02 2.627651580848307938e-02 6.204785273789938799e-02 8.812362222867912293e-03
3.061346467434261642e-02 1.369327262190858825e-02 1.261440184655183462e-02 9.953187365726487781e-03 8.248627641222831472e-03 7.077171624555202850e-03 5.699132986325567210e-03 4.094611219683716268e-03 2.457265342603486957e-03 1.503590776183611052e-03 1.045928219571127995e-03 9.624534867810559434e-04 1.286006018913984873e-03 2.268408257722154785e-03 3.865781180959897232e-03 5.761406434518025893e-03 9.976262375253288142e-03 2.246620134124952678e-02 4.901818300950049057e-02 1.779334306529994220e-02
3.342187740613578040e-02 1.227619892553419474e-02 1.242502478891473888e-02 9.441546444281898043e-03 7.794228653656990781e-03 6.505129383639051202e-03 5.326339355894441768e-03 3.916232422099987301e-03 2.374718444986913257e-03 1.432794212098394224e-03 9.809027508728045477e-04 8.982058398839177409e-04 1.190738302082250703e-03 2.100334606581154371e-03 3.580966172698567349e-03 5.313467877656780254e-03 9.312826389340576883e-03 1.766130899097948653e-02 2.749302308338404457e-02 3.728568422575000152e-02
2.646299838780300645e-02 1.665548136798465292e-02 1.446759240036513822e-02 1.032423692118014831e-02 7.827234887199658112e-03 6.319921642947985696e-03 5.315714993822012562e-03 3.825462888171853731e-03 2.364705156146558723e-03 1.403348594897330407e-03 9.259769772064916282e-04 8.426929720696499544e-04 1.109923299049749880e-03 1.930513952917860309e-03 3.255618314846253723e-03 4.939953543951875262e-03 8.640311441361401765e-03 1.281338049650974746e-02 1.270408205002055389e-02 2.211715448037143358e-02
1.701117151790141127e-02 1.684954717409995265e-02 1.410803356160020630e-02 1.019141354114817127e-02 7.809475681550787779e-03 6.336586114841206811e-03 5.445063885889948191e-03 3.784731660939078153e-03 2.361652021473093811e-03 1.374427423031986941e-03 8.848855371067296119e-04 7.933794574612209032e-04 1.040422419359139693e-03 1.787578683701761826e-03 2.956932967645728525e-03 4.687356393603846726e-03 8.252951378801273025e-03 1.309846229975695012e-02 2.187951614063500874e-02 3.001475490353457121e-02
2.639535677425746546e-02 2.153602887147912023e-02 1.641262342918990702e-02 1.107102984335948254e-02 8.045273677690908953e-03 6.337108430705010870e-03 5.323162959019456068e-03 3.607889518706729453e-03 2.275458565365347588e-03 1.323431211823707142e-03 8.671086031194350429e-04 7.722511911429026698e-04 9.982300690013982524e-04 1.671422451080405765e-03 2.750517928897481135e-03 4.534629704771381102e-03 7.355426997165202818e-03 1.174058327272265237e-02 1.764948209376305741e-02 1.707419701761512393e-02
2.484654230925900306e-02 2.424331117993025128e-02 1.746533228399001561e-02 1.183859316059347917e-02 8.226764073694636456e-03 6.086973402088941866e-03 4.979939805769088672e-03 3.434331029244866180e-03 2.189474932985301710e-03 1.297932731320412770e-03 8.702835571584357230e-04 7.763787209657845630e-04 9.986762135421325352e-04 1.643439169642493640e-03 2.623965711304019829e-03 4.047694367103463198e-03 6.811957310077315815e-03 1.057338982153611245e-02 1.844126130179093298e-02 2.690377401591946202e-02
4.352241823039519619e-02 2.699755378005251616e-02 1.657528522803985993e-02 1.125391302174079920e-02 7.652944728382342354e-03 5.599514507291628723e-03 4.519661257400733878e-03 3.296164207085466261e-03 2.175955105219130967e-03 1.339223115845133245e-03 9.076641956210496076e-04 8.192163017429219879e-04 1.052679804055191293e-03 1.709729672562370056e-03 2.713062299867080845e-03 4.086098302656572361e-03 6.788060633049813365e-03 1.081651485024599964e-02 1.924385145366596869e-02 1.730082934443780140e-02
5.943534694666026408e-02 3.723171294735606873e-02 1.889860042182602354e-02 1.152230898857105161e-02 7.740692289738114983e-03 5.793123513473005283e-03 4.506497330890741823e-03 3.407130637789787964e-03 2.314252730256048055e-03 1.459659718923952574e-03 9.992050927424016207e-04 9.100788913391705866e-04 1.143206820185291772e-03 1.793071595807839728e-03 2.846779252940231930e-03 4.476055374522129940e-03 7.305074158020247871e-03 1.319727356544684628e-02 2.447491376268370183e-02 6.560234464151100224e-03
6.960722464154507627e-02 4.485606516671794552e-02 2.212215773046430009e-02 1.370486760629768125e-02 8.903610430456706040e-03 6.590411211845116982e-03 5.169761219100876479e-03 3.926092602799766650e-03 2.592969399723557729e-03 1.625349723566779300e-03 1.117709380804726444e-03 1.020589632704032093e-03 1.259371930408337845e-03 1.931396989956076686e-03 3.029760647095319434e-03 4.676373067089382822e-03 7.574099676573864577e-03 1.358313170406544139e-02 2.387820932391733486e-02 9.817064839630604972e-03
7.640354163121629294e-02 3.980706770504590514e-02 2.475842981435054033e-02 1.700041492160623766e-02 1.059603707317851966e-02 7.594023114080777903e-03 6.133619768047476190e-03 4.620627321541255841e-03 2.915933770972914309e-03 1.796464164472534337e-03 1.236235448568541060e-03 1.128280586881258820e-03 1.421033018168866733e-03 2.249616666029940690e-03 3.599651196091814380e-03 5.847679853754693402e-03 9.215143576490355745e-03 1.608834091020513307e-02 2.242758269455562281e-02 1.795989590156142623e-02
6.410564827363789131e-02 3.160599347842350110e-02 2.593078280977043765e-02 1.861095082788601779e-02 1.168043934546428818e-02 8.518142690728916153e-03 7.010980603410482161e-03 5.187785067687106233e-03 3.218607082188153917e-03 1.960854688661451805e-03 1.348046859797052228e-03 1.240803142453572551e-03 1.604713447989656238e-03 2.625356944361203950e-03 4.575177849298931246e-03 8.549225565022012391e-03 1.345861516860021902e-02 2.224838794849263654e-02 2.706844314382531036e-02 2.712459676793562563e-02
3.109608868394978312e-02 3.054517734011001281e-02 2.753865819266937062e-02 1.907370586103305718e-02 1.181470822634663083e-02 8.980315771478699499e-03 7.473790619131093736e-03 5.468456025003132388e-03 3.413574470392768956e-03 2.079041950521654664e-03 1.443887591751285377e-03 1.337767069051365876e-03 1.735610887526984475e-03 2.878720346577298087e-03 5.323031132983787814e-03 1.073877469435514757e-02 1.654150414676145223e-02 2.394862642649798687e-02 2.643318917627778333e-02 2.971398596498326522e-02
4.023934245826975287e-02 3.035976260485172967e-02 2.685673672675732357e-02 1.819637173085208656e-02 1.166377449264043194e-02 9.142405995470885560e-03 7.753289380706069982e-03 5.674070251785759585e-03 3.538820053078922580e-03 2.148376164460093565e-03 1.519219479080932082e-03 1.402234498264602787e-03 1.775181965297289608e-03 2.936831677762365752e-03 5.383821102541093244e-03 1.108239014455074910e-02 1.720369226828848477e-02 2.316215907779667349e-02 2.697615173634812513e-02 1.188857049192852504e-02
5.152136465172425794e-02 2.872449973099928250e-02 2.458017224835027173e-02 1.635933190852206093e-02 1.080002032352491564e-02 8.622628634695752789e-03 7.541488881287665945e-03 5.716272111852301399e-03 3.656739769768331105e-03 2.206889745664430014e-03 1.566717499994372100e-03 1.433158742256971947e-03 1.766077378534054157e-03 2.826450911203269838e-03 4.894308999320489198e-03 9.785703138850684185e-03 1.563315542250041587e-02 2.295352019802044882e-02 2.760534104005903447e-02 1.268390738590964746e-02
3.166683105224545047e-02 2.342087568100901379e-02 2.162665107178133803e-02 1.486096387925683535e-02 1.026137001321152098e-02 8.004050612768751072e-03 7.040842908788515209e-03 5.482026103045660632e-03 3.653688622146592912e-03 2.239204800161537570e-03 1.582778666258430333e-03 1.425593218725538722e-03 1.743250816395537986e-03 2.684739871290247638e-03 4.385057466210289488e-03 8.476472507457944242e-03 1.320643111192381335e-02 2.174772364579211775e-02 2.353065588331176156e-02 1.449069794980889503e-02
3.564050487794290928e-02 2.666779103884220348e-02 2.137019321472058073e-02 1.531734511999538993e-02 1.071358076600509648e-02 7.967124822974321410e-03 6.768559121139878891e-03 5.244947096025682869e-03 3.582590934336474155e-03 2.237736306540643282e-03 1.573591180264052652e-03 1.396626261654021353e-03 1.711487071650010829e-03 2.574803240806087384e-03 4.051193717032662220e-03 7.326093336381225493e-03 1.159937900586746444e-02 2.264804022452138188e-02 2.289452771156290020e-02 2.144504581342432034e-02
4.327841317253033199e-02 2.581612814185962543e-02 2.193849990305780581e-02 1.730281920630387729e-02 1.181735500462230068e-02 8.278442451436787697e-03 6.654286429494236758e-03 5.063982714243992801e-03 3.512283216579099431e-03 2.195812668187314617e-03 1.537206133757411343e-03 1.360061171784345295e-03 1.674105052259058360e-03 2.489961107673904685e-03 3.767115505386768592e-03 6.170360669194597907e-03 1.063033629470359377e-02 2.120134862402515627e-02 2.677872424580935579e-02 3.339619028150229291e-02
4.252427490346799566e-02 3.603731171215146523e-02 2.781140163680087193e-02 1.964031307396151005e-02 1.321338838919462397e-02 8.647977320769944728e-03 6.391823185062208215e-03 4.882138044785293805e-03 3.438227089606052909e-03 2.109741714304758618e-03 1.461894941674450913e-03 1.302746938818033972e-03 1.621626595365919903e-03 2.390773865086395864e-03 3.529552705890347079e-03 5.515384656454353461e-03 9.995313804193963619e-03 1.911640408858673520e-02 2.996560427960975534e-02 1.752537149961521865e-02
4.795225194646584449e-02 4.163367666410318357e-02 2.838876386212410216e-02 1.901025043278761761e-02 1.273362096323479332e-02 8.464131845527448142e-03 6.138680329544924860e-03 4.737026938375466824e-03 3.210310818037452087e-03 1.932055887601717833e-03 1.344226624014192330e-03 1.216738904311679770e-03 1.533933973953984647e-03 2.329383331867185183e-03 3.526178347930012530e-03 5.550042373147635009e-03 9.706193621339372427e-03 1.650455071711932897e-02 2.212731503315431419e-02 3.086040407239899752e-02
3.750439716219620273e-02 3.602917597891558410e-02 2.448813260370087327e-02 1.699846632624095119e-02 1.141264938377644853e-02 7.871062608368223704e-03 5.717186840691325551e-03 4.280023288498710152e-03 2.748531657652080167e-03 1.654285615049072133e-03 1.161037775166081460e-03 1.061568460341427668e-03 1.353972089622668172e-03 2.131102549274315871e-03 3.399732484888003808e-03 5.345932274013379115e-03 9.956260424442545109e-03 2.110128055811626158e-02 3.245555854121844747e-02 2.691330549853822654e-02
1.832376660292355311e-02 1.919008763255385802e-02 1.636981703372433067e-02 1.412898680334744896e-02 1.008168824230095025e-02 7.194563927098296743e-03 5.206322243016197650e-03 3.765243673657454621e-03 2.364412260447783763e-03 1.422970994273503554e-03 9.822111812789722802e-04 8.934659177745555431e-04 1.148946869082599805e-03 1.816092525454851775e-03 2.993775217728231446e-03 4.968164685629785325e-03 1.024278453105374742e-02 2.427285560410542831e-02 4.304643971539354186e-02 2.665395181710619038e-02
2.436608729377501628e-02 1.698370536657766924e-02 1.602881269880653339e-02 1.199238228345115946e-02 7.921030983786487081e-03 5.619836702275596632e-03 4.164710394786975099e-03 2.972931081139214542e-03 1.915739177758034274e-03 1.186498769198865216e-03 8.187645846533471482e-04 7.491037545121096786e-04 9.626805415391409418e-04 1.479854932002348843e-03 2.424985020666883297e-03 4.257651841730437405e-03 7.781724225212066290e-03 1.746263371111931445e-02 2.319428428616673865e-02 2.684706839726144073e-02
3.184243116225997372e-02 2.389378540059020062e-02 1.894166911508948434e-02 1.250609588668548551e-02 7.772849641984200253e-03 5.148585087143078137e-03 3.704267577657481981e-03 2.482717429714499831e-03 1.602820509757028498e-03 1.008900427854048055e-03 7.211204962454144515e-04 6.628937301688452109e-04 8.859714618466053848e-04 1.482931044474273489e-03 2.434654113645749567e-03 3.843926348586110178e-03 6.751307191514738758e-03 1.301940634323279014e-02 2.285395703452212587e-02 3.265588267461266153e-02
2.375912976032299589e-02 1.511558041764153419e-02 1.316465469871871963e-02 9.389601438464989167e-03 6.195180754873503767e-03 5.046456959033400816e-03 4.038253263564431893e-03 2.711965454592031761e-03 1.623066735737282561e-03 1.011575588302204062e-03 7.367574432361120862e-04 7.080243134198476070e-04 9.348944875236025673e-04 1.549455095290348458e-03 2.451085249839955564e-03 3.430312317755247493e-03 5.555396366719017771e-03 9.452007743949494140e-03 1.796118343918173474e-02 2.870783784778344408e-02
1.192866433838393192e-01 4.363362250028945954e-02 2.331963104646762180e-02 1.548841318230526932e-02 9.496087707492802468e-03 6.464763972533260628e-03 4.837167171353064406e-03 3.312291110798884150e-03 1.936672365470989369e-03 1.120517144392244816e-03 8.215367631696425966e-04 8.195363444280055884e-04 1.140318002246158745e-03 2.003835807027156725e-03 3.565438868301224092e-03 6.204535007242668009e-03 1.288495191265033590e-02 3.147179194525801665e-02 6.822791995893058570e-02 1.667513324638082994e-01
