1.316164532141581890e-02
3.399073403049911006e-03
2.416600235928120441e-03
1.785787281921988193e-03
1.321393419944648200e-03
9.203271803351174710e-04
7.033140516415535776e-04
4.654326436176182925e-04
2.445528876479736644e-04
1.288603550636964446e-04
8.853422229233472976e-05
8.209795503766517254e-05
1.120291133064483244e-04
2.025327210062864724e-04
3.736338130096219785e-04
6.576700648912908644e-04
1.478507033609283323e-03
3.272872509278292735e-03
5.598206726410164327e-03
1.057502228952340341e-02
