4.608153595910738538e-03 2.155198510526030401e-03 8.409816076414423480e-04 6.066047805409035664e-04 5.023352595943434383e-04 3.433421728433993223e-04 2.242671293366367503e-04 2.066016188706249629e-04 2.879536404535038962e-04 2.723270517142881760e-04 8.769123290767086819e-04 3.194620665369655652e-04 1.220905115482384933e-04 1.686499321159027102e-04 1.570007014628731603e-04 2.339518245641689347e-04 3.822539750249390840e-04 8.261752710241868818e-04 1.259413176220702552e-03 2.424872890589733262e-03
7.928597951910473091e-03 2.822610023036179437e-03 1.594394454544907852e-03 1.161034182415693252e-03 9.185757277097240025e-04 6.682436956533394090e-04 4.619048354812117893e-04 1.346168670165790934e-03 8.910285437737783948e-03 3.330257687390059465e-03 1.611700186075955840e-03 7.030848462552355708e-04 2.334660598642540608e-04 2.504030861265128848e-04 3.865965882548347732e-04 4.829408217245464334e-04 7.561974417904023405e-04 1.567113602946621203e-03 2.393211260623113925e-03 5.009799368890982540e-03
1.346742327318559661e-02 1.289146385919145987e-02 6.828185818726211463e-03 3.729966340882134856e-02 3.179469072158028990e-03 2.552260337897351797e-03 2.744526457127082885e-03 1.917539491148188141e-02 1.040376674149659370e-01 2.434313830510149990e-02 2.429770461149128799e-02 1.136422253874330296e-01 6.311506699245916091e-03 8.181230735267311718e-03 2.805160509095209684e-03 5.092742109613357382e-03 2.554800008625738444e-03 5.214392166499781829e-03 6.837150118481830421e-03 1.625338685365971744e-02
2.511310476830005967e-02 6.174777645087080324e-02 5.983852886828762152e-01 1.661914925195943082e-01 1.254084118510877810e-01 5.332225128865712011e-02 2.415065900212862507e-02 4.112029508400383976e-02 9.751548018462780076e-02 2.246288974339584466e-01 1.163384530557789037e-01 5.230931408309440894e-02 1.407230114557100065e-01 1.136046629931144747e-01 4.958148174572161171e-01 3.410972559487643885e-01 1.392627864100396129e-01 5.506495593687717183e-02 2.508559430791239969e-02 5.925057306701603244e-02
7.375966677452387710e-02 9.003660106764647952e-02 1.633063347428223566e-01 5.143551115388646927e-02 1.247409559899141235e-01 1.869092200941848414e-01 1.803874373207064730e-01 5.044874932262851663e-01 1.410746150724286607e-01 1.089410669700634771e-01 1.316692784665711491e+00 2.444308618535051270e-01 2.518189733343880743e-01 2.480431050865282983e-01 4.000699880982648837e-01 2.347277354726169663e-01 3.955882210505257679e-01 1.329227481296458291e-01 1.868657787976592655e+00 7.048393673362461920e-01
6.089151316567201766e-01 7.976926239353899772e-01 4.984814578821735176e-01 7.437227481148247499e-01 1.889619873205256040e+00 9.718445230344590069e-01 4.882346686512105904e+00 5.974913045006883472e+00 4.520340771117418166e-01 1.206641717503183830e+00 7.007595917484593651e-01 1.761069110852052333e+01 1.002990951149406618e+00 5.927365883339520414e-01 6.769523133348402943e-01 1.701301706798714397e+00 4.149112355442513334e+00 4.873877874355361683e+00 7.014557952684229214e+00 5.080252627911379548e+00
1.014262264447815420e+00 1.663872630851048973e+00 2.397627939068016634e+00 1.060967551060486791e+01 3.517682996514044902e+01 7.848925865538342350e+01 1.384210724756064081e+01 1.718878032358248209e+00 6.641408285175116610e-01 1.055943263479116823e+00 8.291675711370406487e-01 4.718828053793192034e-01 7.236563392287461705e-01 7.912301748411123548e-01 1.302817249961460089e+00 9.992210639084141421e-01 2.516331218948534953e+00 9.130815621298441487e-01 3.754741279767420892e+00 6.384777115339682396e+00
2.864692205807172343e+01 2.686487169258804286e+01 1.651515736378424970e+00 3.469726425090290167e+00 3.431934286691910252e+00 1.829467323340733032e+01 1.936302320429257318e+00 4.800561502600480424e+00 2.748802805907404334e+00 1.327307654641740386e+00 8.727536265965600837e-01 1.289693703953497916e+00 6.322002531634432820e+00 6.144751872334568432e+00 1.578471359415927111e+01 1.281935192594096051e+00 2.788962408371232549e+00 3.102986947146601171e+00 2.424286270783613695e+00 2.872323950059359809e+00
3.975915769785234755e+00 1.834870961275681367e+01 2.807072150055338255e+01 6.915648305441898458e+00 3.881115611945180177e+01 4.738552924338885752e+00 2.794551358318566603e+00 7.781252215076378320e+00 2.159986875593241873e+00 1.536888726863077093e+00 2.398877032309169266e+00 1.609640920806650399e+01 2.645925667028750539e+00 3.705083470318144379e+01 8.359308793344965238e+00 4.354715949038400140e+02 7.804874564369225887e+00 1.812362367081986037e+01 6.427567350531882440e+00 2.145786303476183150e+02
4.972850626516825301e+00 9.757287949455333731e+00 6.161357098253707143e+00 3.788628040775842809e+00 1.134329832402511684e+01 6.043550425403136472e+00 4.934218388921032705e+00 5.964807219393445159e+00 1.081496201302781834e+01 3.272827734132236088e+01 8.191297012190480231e+00 7.926148919959681294e+00 3.222596197571991894e+01 4.069970942817954906e+00 4.560710187286971973e+00 2.611935652316246248e+01 8.628863661918489925e+01 9.612048876774917971e+01 1.866018652377649190e+01 6.558826753985404423e+01
9.269033184355562582e+01 8.017178515425790408e+00 1.072014095208039741e+01 8.252780143458534212e+01 4.938210260088255588e+00 1.671839855638775774e+01 3.985396752093680828e+00 3.652569406715997502e+00 2.531538808935977514e+01 1.946024166115646281e+01 5.536822041162693608e+00 2.510298186795808917e+01 1.179771807687088270e+01 8.181628141628175754e+00 1.115329757907969395e+02 3.356731885166302387e+00 6.016071893450106067e+00 6.806607635752966345e+00 1.121426491950551174e+01 7.960481314110798401e+00
9.117481688842968168e+00 6.068322982945379529e+00 1.324366958566789698e+01 1.909428504821427808e+01 4.248930145746350640e+00 1.766602282568916849e+01 2.381874849941017391e+00 3.688536295623192185e+00 1.990512116759960293e+01 6.258978729051032808e+00 1.619921761937187910e+01 7.448085357769869574e+01 1.042886783277902936e+02 4.403054521019556411e+00 3.250165952869089381e+00 8.792918428958774513e+00 2.897641924338935304e+00 3.336565251676732569e+00 3.126818312322294702e+01 1.053523810795571869e+01
2.110183753493829428e+01 1.827604057260329995e+01 3.350420204820001135e+00 3.306815681131611395e+00 1.161895633255607230e+01 2.908678736313663915e+00 4.002603354004437897e+00 7.889314754080380965e+00 3.969702872813915207e+00 4.586112471612455721e+00 2.931015456442469969e+00 5.710293695776533340e+00 4.350747472821202777e+00 2.957384884545520620e+00 9.611223865553844448e+00 2.186254832439691320e+00 6.143729678209168377e+00 1.266298290742551558e+01 1.206789126950801005e+01 1.291109635606664767e+02
5.101697605517230727e+00 3.246379566060062949e+00 4.154020930200165829e+00 5.496296534301433390e+00 1.030590420149821362e+01 1.829450266051415808e+00 2.088487845004739718e+00 1.802540604620836096e+00 2.398016713962779711e+00 7.077701910297253818e+00 1.321364597661177953e+01 1.008232026192304858e+02 6.338787595301446309e+00 9.323988426505518845e+00 3.603377695521729596e+00 3.921051742106466520e+01 2.135517624545625992e+01 5.673594559930629444e+00 1.643077899022970811e+01 1.538596904781912755e+01
7.161541424197181982e+00 4.668892397335384636e+00 1.891174100894098986e+00 1.562674827077481288e+00 1.547267248939136142e+00 7.669151869969334179e+00 4.094091064414198122e+00 5.453565679018296031e+00 4.888745214117182769e+00 4.132961508702081233e+00 9.615098727651590238e+00 9.220227250180398570e+00 2.809071297316627636e+00 6.151469650003261513e+00 3.854891455804668965e+00 7.992665139560703125e+00 2.633467964327402555e+01 8.213522128194190586e+00 6.454353592519622396e+01 3.324349202890090282e+01
1.757217537819772701e+01 3.010028330877755121e+00 3.240756663385280234e+00 9.171968081275014839e+00 3.619190730652742882e+00 2.612221373968896199e+00 2.704900473906792158e+01 1.932216704222974357e+01 2.411023879267047221e+01 1.132195772553183133e+01 4.487379804146105933e+00 2.233767663703152806e+01 8.503439793274706560e+00 5.932729174942128481e+00 1.175767939044172827e+01 4.166744340428829574e+00 7.492000016921035233e+00 4.843475308776842958e+00 5.737741475955038695e+00 1.666053347470245427e+01
1.664234857697160397e+00 5.534875676899339680e+00 1.302778527761995804e+02 5.479518052220004876e+00 2.105657043793316863e+00 3.952122400202303965e+01 9.702148826273662152e+00 2.627087320586771746e+00 2.806451462513472439e+00 5.676026704623286179e+00 1.038716662239600730e+01 6.876923316647215678e+00 1.040287542174009339e+01 4.384604528987575023e+00 3.516785385358152105e+00 1.079177618480622414e+01 1.316315371403979739e+01 3.013910567413867536e+00 6.710730527799839251e+00 9.780974680210896111e+00
4.320773352978429571e+00 1.679305624758518078e+00 4.345117253095717835e+00 1.371826204801874116e+00 1.611676904950438693e+00 1.554773401396252552e+01 4.472658660328125535e+01 2.962037520557727177e+00 5.939267522455144999e+00 2.396235256910419942e+00 3.860140671426754722e+01 1.959443684551450460e+00 3.290311721136872052e+02 6.394030751785972910e+00 2.836409527028303845e+00 4.117587058762371299e+00 2.425672065639470354e+00 4.197037984803331234e+00 7.656448295305772866e+00 1.053480970936057126e+01
2.197057503542830581e+00 2.148390105988139620e+00 2.957581264265647381e+00 2.134661882499068852e+00 1.432637736640167470e+00 9.575028815272395022e+00 1.753665654239411822e+02 5.454297504399410634e+00 4.519254074542979005e+00 3.384990538154462048e+00 3.175911473278158148e+00 4.178760133955048417e+01 4.164564229087894809e+00 9.262203421684608529e+00 1.562688123090036463e+01 2.276231786410783542e+01 2.977425166490101471e+00 1.198570167222104033e+01 9.572413795903852218e+00 5.204523694598659489e+01
2.862291843712619155e+01 4.306635328620129322e+00 6.430029420156174957e+00 2.393694969070851553e+00 1.030391980423162401e+01 4.678778125157331047e+00 2.008289717123759921e+00 1.183399687763229302e+01 4.213781856618449950e+00 3.049585739920878780e+00 5.256316641869856809e+00 8.856103261591670162e+01 2.557001360106208310e+01 9.209599782029432191e+00 2.175915285793339926e+00 1.517762104158000946e+00 5.739606456278758984e+00 2.213536987029250014e+01 4.468496311665043130e+00 1.294889500015635164e+01
2.941267180983106133e+00 5.034608924541385200e+00 2.158252150955603188e+00 6.647051307584315616e+00 2.127905521052128890e+01 3.748604320281714308e+00 2.888301393348569945e+00 1.945962387645486569e+00 5.311803405156791058e+00 1.436967084221981494e+00 1.951534807193623067e+01 1.531318492354647844e+02 1.344984020027860616e+01 1.134709001778402460e+01 1.655947756024856687e+01 1.506659069170693677e+01 3.165599204929844035e+00 1.960998446848311261e+01 2.358814141049274671e+00 2.396939952231241122e+00
5.147852940569999092e+00 1.014346453033190265e+00 2.686470169150036558e+00 5.715007028395461930e+01 2.425038678320654117e+00 1.027267740367716842e+00 1.856916020169960158e+00 3.456223126337757190e+00 2.821082407651568147e+00 1.228807974600437269e+01 3.074318028694313920e+00 2.348882398382360126e+00 1.859689382677067515e+00 3.310900399195989507e+01 9.011972710711695811e+00 8.996977378229304989e+00 1.496575722136293152e+01 2.492403507438838872e+00 7.113221060275073171e+00 4.005389982844323349e+00
3.778914145999332064e+00 1.881325049694865692e+00 2.344386844104960232e+00 6.360291579869140399e+00 1.090678790234781870e+00 6.080046395679193694e+00 2.035128688732881663e+00 9.338140667146783258e+00 2.508751480113702748e+00 1.016547054338921185e+01 1.490384869191772488e+01 1.309967498734897040e+00 9.736470948686850591e+00 1.051781644086740686e+00 1.778272831779976926e+01 4.245173485577187655e+00 5.629429023625035278e+00 6.648253259343577248e+00 5.499472755552878844e+00 3.164518329375926253e+00
4.734975688498352042e+00 1.796047518657205133e+00 3.480605249416312219e+00 1.670292249042746136e+01 5.957605112746168885e+00 7.961250242724870141e+00 1.930909566781713105e+00 8.856848878346590936e+01 7.493778619130919694e+00 5.152739600103138251e+00 3.113666223575713321e+00 4.714834192922110034e+00 3.339570971965532209e+00 3.341284923976556342e+01 3.698929313812138631e+00 4.926202560157094013e+00 2.770024101007588335e+00 1.704047091097281452e+01 5.194901203507222398e+00 4.471702129366598832e+00
4.194870075568017853e+01 4.813108493512609165e+00 2.476905953830383478e+00 7.562704520447327994e+00 5.293153729101947924e+00 4.756337450179454862e+00 1.699599591112763264e+00 2.474996045525911459e+00 3.071357060676175266e+01 3.133241623343899107e+01 4.623420262297003092e+01 1.126761346794453900e+01 5.449758507825743337e+00 1.571735930362927149e+02 1.147288186501711920e+02 4.104725492404567078e+00 2.965181785336623577e+01 4.324684427991435598e+01 4.947076790868530694e+00 2.601355677712220782e+01
2.864512752962056652e+00 1.200562541410427952e+00 2.426815489021084460e+00 3.549040178755055397e+00 1.738858717867459713e+00 1.556408461174690894e+00 4.605899397239561210e+00 1.628735901923679341e+00 9.239952541713000400e+00 2.974211958199446393e+00 8.326247580105537338e+00 1.815163927045390757e+00 8.882728488925208055e+00 2.172017463314227470e+01 1.839183808452039548e+00 4.258050647386478538e+00 1.808051229251015357e+01 2.185223887040195656e+00 2.747690273728278676e+00 7.113881850507088878e+00
1.098388896388627023e+00 4.819313061027656886e+00 1.446679400899524737e+00 5.036540970785621241e+00 4.107161234832424235e+00 2.772352184607055126e+00 4.587607750468074563e+00 1.986873369181346494e+00 1.970441748348946120e+01 2.902522673369319683e+00 4.656935761242751326e+00 2.208786418319732103e+00 6.247619639460809005e+00 1.440219880843476830e+01 4.770727909178786419e+00 2.441220356679259407e+00 1.445500196271443105e+00 5.032997250911684262e+00 3.079132009245342250e+00 1.124837703587848559e+01
6.509578300908920312e-01 2.559675246093509493e+00 2.688919628664451889e+00 5.426102220590977687e+00 9.861780513448366037e+00 5.341875015806683891e+00 5.107647294040119412e+00 3.661554368010555116e+00 6.833840597054162913e+01 2.464939867327618828e+01 5.613809523341745766e+00 1.832238765941087033e+00 5.873969719286194824e+00 4.641636652522109330e+00 2.365764635392689996e+00 2.486993855015735022e+01 1.760810061469105747e+01 3.229987726106898105e+00 7.710442735585687046e+00 1.697103823832478042e+00
1.775363160845434773e+00 3.478446296753527900e+00 1.750783063890040836e+01 3.185560127454091894e+00 9.066607048455859186e+00 3.264298593492020562e+00 3.469183813676315786e+00 1.709192346772334048e+01 5.227094319885106977e+00 4.099375631267544229e+00 4.329249455716118433e+01 3.723967076884995286e+00 2.125440026865353360e+01 5.300252576639895352e+00 1.198641228415930193e+01 7.775567241521422090e+00 1.028195629852168480e+01 1.524028746620803121e+00 3.180389903148947539e+00 1.075529640950074084e+00
2.495222243013652363e+00 1.114377981396282458e+01 9.984036613875652222e+00 1.351540329347505853e+01 5.725141442124901658e+01 1.525072527961046909e+01 4.413146451333625819e+00 3.562783979310264026e+00 6.931291306907943373e+00 5.077511896703414074e+00 2.697222626145657998e+01 1.841892850673894699e+01 6.270281784791974289e+00 5.247398962916375531e+00 2.654246244781404585e+00 1.970418350343276259e+01 4.084964482583678169e+00 1.845314678349366133e+01 2.524850603066156829e+00 5.401017763735460608e-01
4.323397644387345196e+00 7.958746228056521943e+01 6.837406622456358107e+00 1.107671969329562600e+01 1.964553847693234445e+01 9.441758980788044653e+00 1.324079616705757090e+01 5.979040580979073205e+00 1.330376154316622888e+02 3.444233414670708981e+00 5.133999352472492284e+00 5.637171900003840719e+00 2.278372548859452706e+01 9.159337158572492754e+00 4.126958751853769591e+00 2.337677629101031496e+00 6.926881589886745516e+00 1.178564849319966967e+01 1.055468901057671438e+01 7.762342547018812766e+00
3.750010826681396292e+00 7.671063407010867863e+00 2.114270657726167002e+01 3.461522349254622988e+00 4.477141890632228005e+00 2.361459538081655651e+00 3.103143593417816426e+00 2.955788791348578748e+00 3.016405484266965420e+00 9.834133462397863568e+00 6.017550206975944782e+00 4.978209201112571591e+00 2.107107899338557502e+02 3.172651910004093168e+01 3.654805846842215544e+00 9.037864027589007421e+00 1.925680819425380941e+00 4.485649609507194668e+01 2.388242128162461952e+00 1.946128976947796740e+00
1.927900486136797724e+02 8.364097623807039383e+01 2.113139667633156193e+01 1.415512456366391625e+01 3.151683986562990114e+01 1.596699007543048765e+01 4.181989974768211660e+00 5.723904900341961088e+00 7.798895724126934326e+00 7.037997894155382461e+00 2.896009048627783855e+01 3.406144776310532141e+00 8.318582719652582114e+00 4.443990880256371412e+01 6.226916357756122622e+00 1.930123784766646793e+02 4.726384136334685238e+00 1.481282981025997891e+01 4.430029983650349834e+01 1.091021628811966480e+02
1.900344049539611291e+01 2.101026326230589447e+01 5.709122583690239594e+01 2.111972578321915250e+01 4.744195556213517051e+01 5.827275545659931666e+00 1.128331350303604097e+01 7.614712790803838516e+01 6.548238263973132689e+00 1.559322268500312134e+02 8.962593876986346686e+00 1.054213891113178114e+01 4.985692666658717798e+00 7.164898547321650213e+00 2.367485152375086699e+01 1.166489063293339790e+01 2.996364026799096791e+01 4.775300104261570056e+01 1.897036952777901320e+01 2.213510938346946944e+01
1.686183567195708122e+01 3.285002494816546204e+01 2.880550506739832706e+00 6.366226957746423665e+00 2.254951372968868828e+00 1.722893491078444939e+01 5.552361729512343302e+00 4.848163918065407252e+00 5.417699376950842804e+00 3.776195393299337955e+00 2.967400886135829552e+01 3.915690192863914731e+00 3.149332480959240677e+00 4.860833452318889414e+00 2.570663132007875973e+01 2.126975485081735062e+00 1.248378372355593946e+01 2.894455818639772815e+02 6.063996146134725507e+01 2.700105120878355791e+01
2.689284495831490318e+00 2.922339162289066294e+01 1.733061736608464898e+01 2.828807000237565461e+01 3.029605506865551945e+01 1.670108890919280276e+00 5.332477270586748119e+01 3.517023053015424949e+00 3.354884475708630731e+01 2.869051871873749704e+01 2.568554114422037848e+00 1.467996602573761322e+01 1.819023849258302405e+01 3.810898853096196692e+00 3.832618163676573264e+00 9.144038185026760246e+00 1.644298202502270545e+00 8.806957400614461307e+00 9.584634629734907207e+00 6.014815071219293152e+00
7.055014558961006266e+00 1.281863369524841900e+01 3.740395146942253746e+01 9.118756919974586594e+00 4.977084236461525535e+00 1.948901856069818450e+01 2.133882607676543586e+00 4.122119742369716988e+01 5.218829767893376825e+00 9.194641310361904019e+00 2.264901695441186646e+01 4.697293347281016551e+00 1.318210387175994569e+01 5.531614813192552660e+00 5.663788557888636888e+00 3.431112964398536747e+00 8.348115960804339153e+00 1.596059390000148248e+01 3.978706181250235119e+01 7.597990911895382560e-01
2.056393053666356607e+01 8.914946944955328689e+00 2.356361147435769610e+01 5.081738970728001448e+01 2.666564673248093982e+02 7.636559073430758460e+00 1.410067409680219264e+01 5.159007850200675982e+00 4.388281137993383041e+00 1.275489870939702897e+01 2.320213797456442251e+01 1.052739303084992173e+01 2.283335850519013022e+01 7.497267278016157555e+00 5.676165274102964453e+00 1.807227876116551712e+01 1.720581570432965179e+01 1.220521332432853434e+01 1.297736801253066119e+01 4.637752634935885965e+01
3.863456177295527816e+00 6.499151673929278061e+00 5.033660470085732364e+00 5.727758576394972323e+00 1.974156850034761703e+02 4.880094280222625258e+00 9.051833163382463354e+00 1.683273394625894426e+01 4.147508181600698407e+01 3.644993391160985752e+00 1.788216116580435333e+00 3.973045347689920703e+01 1.583281364866276242e+01 3.951146228356526624e+00 6.068354057108268762e+01 2.199401877694777241e+00 6.236354368316517238e+00 2.952311408973412910e+01 5.974769198974358098e+00 2.755100319414447654e+02
2.177939281028006846e+01 2.102629258629245257e+01 3.011739072816367546e+00 4.681123545138888176e+01 1.608931093094404829e+01 4.600008185095290969e+00 2.988377874252074573e+00 4.950350209188008499e+00 4.805551853492745273e+00 7.702128494197623354e+00 1.081393779640542618e+01 1.308542274243054493e+01 1.077050400257340357e+01 3.169876903591127171e+00 3.589607343164099795e+00 3.885762331862660623e+00 2.681699887106599789e+00 8.459731370172621112e+00 2.163782703747839431e+00 3.585216597726414545e+00
5.259714265327803950e+00 1.125193107242816382e+01 1.649562682733798269e+01 1.244231368197802112e+01 6.751175725357771107e+00 6.565059340331422355e+00 5.898045534510990784e+00 2.838759672123275291e+00 1.741077727931522645e+01 5.697029063241921598e+00 1.272109572721557100e+02 1.717952647288215928e+01 2.499029963152312295e+00 2.803020101365787831e+00 2.760953200698393672e+00 1.567325957594237762e+00 1.579370114301041639e+01 1.202657028486219248e+00 1.727122416253258796e+00 7.245827043061717210e-02
2.851256596597001369e+00 2.935031982096205638e+00 2.385721407191985222e+01 9.221071157093492232e+00 3.022510445878395657e+01 6.595822898737610629e+00 9.419512942646968146e-01 4.068221631275944716e+00 2.322161663236959050e+00 1.083584439201888294e+01 2.595045276067219131e+00 3.263731953068202518e+00 6.683322361548455603e+00 4.812136831563901929e+00 9.036168253259695859e+00 1.118000222730101889e+01 2.257316687504002495e+00 1.966335815496919048e+00 1.563103948786226161e+00 1.672363602848053188e-01
8.672389206612370671e+00 4.597881233992842986e+00 2.842186179983568373e+00 1.428703004531391318e+00 1.179525143740838722e+00 7.693268069335399417e-01 3.114319755830989678e+01 2.823334212656266828e+00 2.199241610245701040e+01 5.413471346274946860e+00 1.492771156938045962e+00 3.345475902521477085e+00 2.300338009369105485e+00 2.270050792496140613e+00 1.780437441435714252e+00 1.036238531433503862e+00 6.158256327377609196e-01 6.782962881554968071e-01 1.347098140425364132e+00 2.617360584902975962e+00
3.665208587849388966e-01 5.580335123731552471e+01 5.685183192623004977e+00 7.426498202270087612e-01 1.167556387213027902e+00 1.154065442594442992e+00 1.104644927491964745e+00 6.865855107063190133e+01 5.541888351250149114e+00 4.146415043164276781e+00 6.381654963843125472e+00 4.852444967414702859e+01 4.409370232041700532e+00 4.100710438071599739e+00 4.199666897526100797e+02 2.541832736791063141e+01 2.222698964384010267e+00 7.705203002339915397e-01 1.051740792600216912e+00 2.760830625478142286e-01
2.085019128762365948e-01 1.874243409470471855e-01 1.001815880946879211e+01 1.025719921700184933e+01 1.963719580832062306e+01 2.372050630902824153e+01 1.806155141586314983e+01 8.892880165096062939e+00 1.631692749743789861e+01 5.144994672215864995e+01 6.073200816949376986e+02 4.031913443586443577e+02 5.975985708724413925e+00 3.631475490867856148e+00 3.179583202278284837e+00 6.256768804816718266e+00 1.265714821974934123e+00 3.110657580948960721e+00 1.743221087951111414e+00 5.801852237627428549e-02
7.477385993117509344e-02 2.263597810745815730e-01 2.803808027064405572e-01 1.165575972438035102e+01 5.674177456998665825e-01 5.110942666245020805e-01 1.273068440374672372e+00 3.259359896312611138e+00 7.246779021561675194e+00 3.310404127251013850e+00 5.625467965861546737e+00 2.275931242308656621e+00 2.370528693871857939e+00 1.125199960999916549e+01 5.900291304731641873e+00 5.401508656380689999e+00 3.378923107820634986e+00 1.342186830554208044e+01 1.452104610225774417e+00 5.000526309161661825e-02
2.733671875652105010e-01 1.070100644207599982e+00 8.661027585388674233e-01 1.250751599421710214e+00 2.583545666059249069e+00 1.760716192564534310e+01 3.850796964860839999e+00 2.970468107361832200e+00 2.542452493574299144e+00 8.140060654131840323e+00 1.363274955248797715e+00 1.464000866749810781e+00 1.916248372324995941e+01 1.919802140890866982e+00 2.170618369196407382e+00 3.179613817260277919e+00 1.173632269969375130e+01 3.557476716632938007e+01 1.283480643534844257e+00 3.209559704068958852e-01
3.563458833043257057e-01 8.286064128972038034e+00 7.038207229507662532e+00 3.914122680491340045e+00 1.954797959322535750e+00 9.564658104725227261e+00 1.614358652006469441e+00 1.811948633369120287e+01 8.693449145744367001e+00 5.724475062533806557e+00 4.511069841192054675e+00 1.576730290435206427e+02 6.285833938210924288e+00 2.319700221109943783e+00 2.385573046495891560e+02 9.405651133958345511e+00 3.759536530933779819e+00 9.805168550797230154e+00 1.184147930719602471e+01 8.208809555069414898e+00
8.599622608728895168e-01 1.207340016231395863e+00 1.968449470949061864e+00 1.560230107520460097e+00 1.221868135540934208e+00 2.767900272540860129e+00 4.759613402700363594e+00 3.764954693990127943e+00 3.740339937723986097e+00 2.262898813164336165e+00 8.832774443763806005e+01 3.040449117172766336e+00 4.351648963599485498e+00 5.782856740500702308e+00 7.270241308886329357e+00 4.627719379208542705e+00 1.517715494244963104e+01 1.715567228283182422e+00 3.968390844572748044e+00 3.503815201103216204e+00
6.339528126303159428e-02 2.124258009924987756e-01 4.249346232392131051e-01 3.390293075920636778e-01 7.525317114826487463e-01 2.499983303873806406e+00 4.025630566511443575e+00 1.019715861503290739e+02 5.276656102958877881e+00 3.615391466388572894e+00 9.102980284638293895e+00 2.088889316177803046e+00 2.238071469173874117e+00 2.136007206648878665e+00 4.177253087856251490e+00 3.174338870318526684e+00 1.834103220401407164e+00 1.387262618241622780e+00 3.435409193119999482e+00 3.576216493911791305e-01
3.784818523129947210e-02 2.167535094408868657e-01 4.608385649272416784e-01 2.682400139170717068e+00 2.095325933232256244e+00 1.165296858115088874e+00 3.029403721334385935e+01 3.240744888332056206e+00 7.127732657052262333e+00 1.572867129977172418e+01 3.031737591736315629e+00 4.231757201718296280e+00 2.490472176442349550e+01 2.908032942443217195e+00 1.263295971463729295e+00 1.254598657854148591e+00 6.535200184556884118e-01 1.402973504985083775e+00 1.035394545810410127e+00 1.319192245570258680e-02
2.775317149326266344e-02 4.536150848629575960e-01 4.251373212962214487e-01 1.025355415167332973e+00 6.557273682216223420e+00 9.451859450057289447e-01 6.412122819922115857e-01 4.521330210428092578e+00 2.880714479071790901e+00 5.636701611477537455e+00 3.129373967644520249e+00 5.614977761430906433e+00 3.287162571937783895e+01 6.978015796242755364e+00 1.127910939763414389e+00 7.111768575535462045e-01 6.623482396111098902e-01 5.441780047980029345e-01 1.089270591580193015e+00 3.264681429457401245e-03
2.206974927521903468e-02 2.685055718300254773e-02 1.415148502114104423e-01 1.442350354510911203e-01 1.463737221968945290e+00 5.369818930414210767e-01 1.724051603016203860e+00 6.389134455321169304e-01 1.702941504977104836e+00 8.828196148212642536e-01 3.412133685418134998e+00 2.518720164264983907e+00 2.394674192073389829e+00 2.354695668285503274e+01 1.360808189275040014e+01 2.040635044245120433e+00 1.712674482385332153e+00 5.343026234340754188e-01 6.643356139923097814e-01 1.139197765732592391e-02
1.771912045013071188e-02 6.647810008339094523e-02 1.866369065999536059e-01 1.067350768525918259e+00 3.150569678350764846e+00 2.031512856134407130e+00 1.770182835972443636e+00 2.352147445367458900e+00 2.869546915953437694e+00 1.142089982285763972e+00 2.863344541703096269e+00 8.018522674572430287e-01 7.600924000519678536e+00 5.358455242830754806e+00 6.867629900519756081e-01 9.208040917547948290e-01 4.623272067408299790e+01 1.691495884684993101e+01 3.918525459442680492e-01 1.640546418000799270e-02
1.461414603744357332e-01 2.172648896106494087e-01 2.427223277771062282e+00 2.137761289494513051e+00 1.414360952139637861e+00 1.740797400649687576e+00 1.420434172603883161e+00 3.535423512054566952e+00 2.396446897347427551e+00 1.872556452344273037e+00 2.262512293785260624e+02 2.050555085522403065e+00 9.965844237199158462e-01 2.126997435720400276e+01 1.417826785075451568e+00 2.910615353106153158e+00 3.480892046363070480e-01 2.888603182072301268e-01 7.705139213840700441e-02 1.480318712683470483e-01
4.146427008595297004e-01 1.436988458780738886e+00 7.537207377103404049e+00 2.324648571929703422e+00 8.200811638695140182e-01 5.032341814670991953e-01 1.097348953825766138e+00 1.540214652488990588e+00 8.588537209491520219e-01 1.626544114310457978e+00 1.303175879852302987e+00 2.811027587711752762e+00 3.685312629811241081e+00 8.464435733885532498e-01 1.419236874011035043e+00 1.048933901436398530e-01 1.410064155392232454e-01 2.744700784496527657e-01 1.095037511832034349e+00 1.629353650908297979e+00
5.050257489851493808e+00 4.828919677588763726e+00 2.224882650865480205e+00 1.799944912803808972e+00 1.492292865157787105e+02 2.078139104337902499e+00 8.105433391454540670e-01 2.563855484948013519e+00 3.392881998671945620e+00 8.778713033461405857e+00 4.832398054144636523e-01 3.494714788776651915e+01 9.077611756257338849e-01 2.646564092802790480e+00 2.083506209891313965e+00 1.444668259427808410e+00 3.585841013196159555e+00 1.371938792534711071e+00 2.249021120073538214e+02 2.720647628152661923e+01
1.883120397296319481e+01 2.348434319386601388e+01 1.637564458793863587e+00 1.128973485227596329e+00 3.555531882218752049e+00 2.140135453755537487e+00 1.563310047335415121e+00 8.464387336125062333e+00 2.550760663662835270e+00 3.807449003132570731e+00 2.710192148436180393e+00 9.398951670526161095e-01 9.138198509971051653e-01 1.145613874341580907e+00 1.120840916794782816e+00 9.656502645450656175e+00 7.883239144849144786e+00 1.615646962690675092e+00 1.599511893292516751e+00 1.640445253908386025e+00
2.466309486046482646e-01 7.379715547619459803e-01 1.536382128274206949e+00 1.330897298375304416e+01 6.218066022417789718e+00 2.035159677712345960e+00 1.471889627147566593e+01 4.510142295427698733e-01 2.422845417809628366e+00 4.634380877268730048e-01 1.748148291993497416e+00 3.571178078843364911e+00 1.824565292018938800e+00 2.101739756257530178e+00 8.196173808658905324e-01 9.034231030045317690e-01 2.755628118702472040e+00 3.750391292443531199e+01 4.492039069958353004e+00 4.419481047147340580e-01
8.532606001919294803e-02 1.908881358088420355e-01 1.547348766147582932e-01 5.766248153235891127e-01 9.980058051136105890e-01 1.370007408956610995e+00 4.665680886811498951e+00 1.037683796045345552e+00 3.424197220036274025e+00 4.235934972887918648e-01 1.098676944996133287e+01 1.054713127765589897e+00 4.845297407963367609e-01 4.155584077406818122e-01 6.488601872983194019e-01 9.005838418991902472e+02 1.014406828374248448e+00 3.396948091397587050e-02 3.564053308848171009e-02 6.111523472976467669e-02
2.824672580886567266e-02 1.047087997782030350e-01 9.656220543741320106e-02 6.478630103038049426e-02 3.534797795211720661e+00 2.483057555736359612e-01 6.244073770780502741e-01 2.530601155740437869e-01 4.298585000976657411e-01 8.855124334761260707e-01 4.228425338565685032e-01 1.189071995965510942e+00 5.725360958907887543e+00 8.034644552890163327e-01 7.357552308955638054e+00 3.322804172470445461e-01 1.100642827913806965e-01 2.392058239494619931e-01 1.439913378982812242e-01 4.149138088648075123e-02
2.458371741003565272e-02 4.752516752770476138e+00 3.560029030091314883e+00 2.075743731463973063e+00 3.303162054356088451e+00 4.779844261490169544e+01 1.743268020686243744e+02 1.466438838353280971e+02 1.736202180911005541e+02 4.046092622139108386e+01 2.486959217588089288e+01 2.076581239203831686e+01 3.200976211201017918e+01 3.142430597561722607e+04 9.269550090212497651e+01 1.549597461647141738e+00 7.063514948417920714e+00 2.388411608061315750e-01 2.478820538745470647e-01 1.629472748044124078e-02
2.520324240535922744e+00 1.416230217488134713e+00 1.338177599163090425e+00 1.189913863497834567e+00 8.928876013565798520e-01 8.199084616184578733e-01 4.727457400667530174e-01 7.194104115839847768e-01 2.017032089401315176e+00 2.838750297936127431e+00 1.015667414648727096e+01 1.043060024417239617e+01 3.826908529758664912e+01 7.974536350619136016e+00 2.716264406958370792e+00 1.901939429352931921e+00 1.754304013231256176e+00 2.170395513902538553e+01 5.338749398084599918e+00 4.987821553014173404e+00
3.083468461069981004e+02 9.855790115988980915e+00 7.210129899390987696e+00 3.370531319725083907e+00 7.416916799216847878e+00 8.459719375760224480e+00 2.150892624708490519e+00 1.117362516591749566e+00 5.800875436582435896e+01 2.506916633168688513e+00 1.858254036196532066e+00 6.264672210128599872e+00 6.330603541335097617e+00 5.330197575597687809e+00 2.926525762533503272e+00 6.459953745424522609e+00 6.474229655394129423e+00 1.325935363326058258e+01 2.522898250029470990e+00 4.262827451817918778e+00
1.944629404597603417e-01 5.637005846577572976e-01 5.020181263322277543e-01 8.293709710646696820e+00 1.402828936340611854e+01 1.799396722678956895e+00 1.838205711541041154e+01 3.632876844701875996e+00 7.486602953843851438e+00 2.432799337423386721e+00 1.094131969628671897e+01 5.229212778720455645e+00 2.688371207991137268e+01 3.141490391752050915e+00 2.640391086204875819e+02 3.004192096621432828e+00 2.565367631031511220e+00 7.744771315361782538e-01 5.947401226556243981e-02 6.482229429411759565e-03
3.744497070716848886e-03 1.315662249599271472e-01 1.834896041634580255e-01 8.452508628494362908e-01 2.535520573752032547e+00 7.817977203718552204e+00 3.427140421135023818e+00 5.181877357018688457e+00 1.393661531746620597e+01 6.694541341403803969e+00 9.556340826908945374e+00 1.606027066496403677e+01 3.392275917929779450e+00 4.423056314580516180e+00 8.550369331680961693e+01 7.518666979607920853e-01 3.799904400641935798e-01 6.783027910658154802e-01 1.328480430129164724e-01 2.025304230539923863e-03
5.862156595843682864e-03 5.063722796053680142e-01 8.410256975836735149e-01 7.503672068973926690e-01 1.395850140308582343e+00 1.339549174405737064e+00 8.754663964382270791e+00 1.191171073521467783e+01 2.541594668017584269e+00 2.227647727605786443e+00 2.207181728073633664e+01 3.329532259151738316e+01 1.243575782099485849e+01 2.016126126333471547e+00 1.314644974492555685e+00 8.723778240832362751e-01 2.026366667089977813e+00 1.556453547346835542e+01 6.954741286224005989e+02 2.313764088276555261e-02
2.811936405225214486e+00 2.001669879144550190e+00 1.237599252824990081e+01 1.050866747158388570e+00 7.931535664360785942e-01 1.103283732061855815e+00 1.203314396206105252e+00 1.610728314555066731e+01 4.771050412923711015e+00 2.745620327625784185e+01 1.321857797215346242e+00 3.005051658875504295e+00 8.668485869221639328e-01 1.524905606793914181e+00 4.792878505473405770e-01 2.220105867088106311e-01 7.245722481206061660e-01 2.797138614767473896e+01 7.409246066904103145e+00 1.358804944349590826e+01
2.248672374339016677e+00 4.914168830628348417e+00 7.798956465432959284e+00 1.516914941363317837e+00 2.005216397687704877e+00 5.710167346375633057e-01 4.480915805638781002e+00 8.474440421819050551e-01 1.297312299502883848e+00 1.344743715283696295e+00 1.396660688682976215e+00 2.277124904685454254e+00 9.343580503083229738e-01 2.196498481389255741e-01 1.638754474468308464e+00 6.091945651050352240e-01 6.469009938633904540e+02 3.345100252021983067e+01 2.912755227824541180e+02 3.229903582520399254e+02
2.355902089110044173e+00 2.435776441719429215e+02 2.178482424652184335e+00 4.743639989549297553e+00 5.764873165142333500e-01 1.403103625714285263e+00 2.576428091235618001e-01 1.830461651490790376e-01 3.395282497940796063e+00 2.027696218446199961e+00 9.163683275132040729e-01 1.190056465070327807e+00 6.981631801450481900e-01 1.411554186561108093e+00 5.202372827132717426e-01 1.798962358855410004e+00 7.071429900294479864e+01 1.622050086314516193e+00 1.865036440709175958e+00 3.485511360877670661e+00
1.692503643995594276e-01 1.451820786624045678e-01 1.182949643890041092e+00 5.173891073306473132e+00 4.363552265719859768e+00 7.997304916237840011e+00 1.100273816272884986e+01 2.519964720100670075e+00 6.556028928785952559e+00 1.108554515662013529e+01 7.511421903793737442e+01 4.496461581024191467e+00 3.120594009265198920e+00 1.942079538900489677e+00 2.666197214090527901e+00 6.180375585197631416e+00 1.669196586682814143e+01 5.964726646619450401e-02 9.145998733157942318e-02 9.551505400006139734e-02
1.877703432151844182e-02 2.899808822486132573e-02 2.834392278603087068e+00 7.842747780135113977e+00 1.381946147296746631e+03 1.190280544935713181e+01 3.115116270854056779e+01 8.853726875690679066e+00 6.442956440135956697e+00 7.639725850090648862e+01 1.336028775273254610e+02 1.399126240661134801e+01 7.358817623984630352e+00 9.619164779546720112e+00 2.848144593471565500e+01 1.696119315445553610e+00 2.583332643605508405e+00 4.012230745008008026e-01 4.085653527806369645e-02 2.746697752585057148e-02
2.004944869904080884e-01 5.023271972089757398e+00 5.254133080939086042e+00 6.652471822700588788e+00 7.506866199697056175e+01 3.613239787922660184e+01 2.060056444654375341e+01 3.014482144886090254e+01 1.157638487945882986e+02 1.187895166557043183e+02 2.835435595137519726e+01 1.988430143758661472e+01 3.764002122088107285e+02 2.011140260838717040e+03 1.885867575415094066e+01 4.659982567320189872e+01 2.036726646440089894e+01 3.494941936935203497e+00 1.420705828177359908e+00 2.833154538989721694e-01
1.101859281123826229e+01 7.322599542919930649e+00 9.457660422880595164e+00 1.855247891233067321e+02 9.955951954265381687e+01 6.259228997414531648e+00 1.181775089443945781e+01 2.452121050019757220e+01 1.546484797172841041e+01 2.697417540898462818e+01 1.366685823819767975e+01 3.469163338677019937e+01 1.217000121548812217e+02 1.257450969408105266e+02 2.140681941546737121e+01 1.374533071877672228e+02 6.450869711911825277e+01 1.933422683590212898e+01 2.650424143095111162e+01 9.235162033308256468e+00
