1.628397270268456710e-06 5.749262865769696751e-07 3.546356390715728686e-07 1.927010900964106219e-07 1.253102613959363883e-07 8.062267338478771690e-08 5.208836140210571301e-08 2.937359490719184285e-08 1.397820120330583140e-08 6.964710425088613133e-09 4.602671948175051375e-09 4.212059494448105876e-09 5.728177622796296582e-09 1.036019413431237871e-08 1.930531596740000933e-08 3.431174678848883729e-08 7.337638568811817280e-08 1.428744022104729059e-07 2.248758327885895077e-07 3.779937534940941908e-07
1.089654402413081134e-06 3.830647135826336117e-07 2.292313681015742666e-07 1.201311745713402150e-07 7.814821595023608188e-08 4.719209125934582749e-08 2.856640164969909054e-08 1.550574119958935469e-08 7.270809850112504002e-09 3.610795072028892622e-09 2.385795383394961269e-09 2.180248587447938450e-09 2.959862663666384193e-09 5.370895652101141731e-09 1.007485058379649422e-08 1.789217062941419562e-08 3.779686974995938369e-08 7.456704426569411462e-08 1.163955471892061864e-07 1.730278244066585620e-07
7.230727911090240345e-07 2.720066881483374008e-07 1.520794934140336318e-07 7.708027653719024860e-08 5.190660003567461343e-08 2.776814042241147533e-08 1.411614380277989595e-08 6.957221238182448688e-09 3.203094275969868924e-09 1.608163713779266976e-09 1.073105428169831193e-09 9.851166649562797180e-10 1.318048856882149374e-09 2.359241057856184818e-09 4.465967262788940590e-09 7.904614436950951870e-09 1.617184906007403400e-08 3.304465427086428652e-08 5.245772249271680525e-08 5.778213894938536971e-08
5.238974728427185991e-07 2.267260104594285775e-07 1.238552593393383454e-07 6.360326186489463309e-08 4.584053897781394589e-08 2.329263711295780810e-08 1.025808068391135944e-08 4.625535849554772987e-09 2.152819908266474104e-09 1.129508839126062345e-09 7.759095305442308041e-10 7.148344425901192507e-10 9.370397321350033494e-10 1.585242850793437099e-09 2.965986121116328725e-09 5.160391646409815606e-09 1.034369384774893453e-08 2.158804490486044436e-08 3.532106156653479586e-08 4.152535657810877837e-08
4.238445943355946166e-07 1.874427087336233545e-07 1.045375435858926129e-07 5.657393662351632513e-08 4.393188979973571301e-08 2.229004088028229842e-08 9.492306784029971417e-09 4.040373455223142685e-09 1.862586932032131767e-09 1.003142653977100235e-09 7.032917365667893022e-10 6.454097351519442957e-10 8.304358206402143951e-10 1.340246828490841792e-09 2.442776086345836038e-09 4.167951371077427943e-09 8.250911502707147553e-09 1.727106172339167949e-08 2.891052306516399504e-08 4.198673417240392665e-08
3.651374725492035509e-07 1.610535893313203242e-07 8.998111829638931677e-08 5.258601294249951184e-08 4.478425408434527849e-08 2.313929961459007550e-08 1.019263916492943940e-08 4.499027944616947723e-09 1.928090373818497630e-09 1.011481965223926138e-09 7.035702102139259525e-10 6.462878714714274118e-10 8.197563502665722337e-10 1.289239877027008519e-09 2.303784307603439440e-09 3.898439181385037111e-09 7.748300391085726762e-09 1.617231084115113430e-08 2.657891169396009520e-08 4.527450786450861845e-08
3.186668224996495355e-07 1.474380422160856685e-07 8.067355211006019324e-08 5.139822964491250106e-08 4.711799445653157810e-08 2.531285216942937883e-08 1.171290437557276891e-08 5.722458259705513993e-09 2.257823920278737588e-09 1.084843813826025038e-09 7.422133361579932306e-10 6.832989166620212623e-10 8.595403252552275205e-10 1.345643003094571638e-09 2.395239436703090185e-09 4.044719652526591706e-09 8.247364796349706368e-09 1.747653067826286732e-08 2.646784052282276968e-08 4.923324824205562712e-08
2.859025787005349135e-07 1.398891145454193968e-07 7.652853156779846705e-08 5.285287971340876306e-08 4.979390783546899127e-08 2.802645889031781255e-08 1.369723899267418434e-08 7.235857186010828403e-09 2.802714191659385504e-09 1.220346661834773494e-09 8.114282505615464682e-10 7.449500485260826549e-10 9.330712222257387364e-10 1.487457845090027614e-09 2.667346691015869026e-09 4.542457782295999522e-09 9.640921812614684659e-09 2.122517625210012281e-08 2.782394515626027469e-08 5.368313076741217456e-08
2.669323984451104524e-07 1.396593233762358626e-07 7.842445670714406745e-08 5.728808652438343089e-08 5.352040388850780126e-08 3.126018472965851551e-08 1.628761381616324414e-08 9.099010027887465423e-09 3.521606705669129875e-09 1.442530754486592293e-09 9.153033296603574482e-10 8.402444927372484183e-10 1.052761336031891729e-09 1.720704518041897989e-09 3.147488187696671596e-09 5.437997013260708086e-09 1.206278503809135074e-08 2.791698236699278251e-08 3.036466030738018169e-08 5.882014562050263106e-08
2.581792661334413429e-07 1.511993234429877592e-07 8.749424216740968963e-08 6.545081058137749501e-08 5.992070562800180724e-08 3.616739187059478774e-08 2.050145141716603691e-08 1.175261686236535147e-08 4.418602895330364972e-09 1.776965623212368778e-09 1.081705594350426131e-09 9.888707458949935286e-10 1.243781077243062101e-09 2.068590812412519280e-09 3.882331902307065002e-09 6.675310183594104057e-09 1.526133627308312577e-08 3.747574458393546315e-08 3.421361009267786435e-08 6.472270638868198776e-08
2.600595516812073747e-07 1.669819579535757777e-07 1.004647760087169895e-07 7.706491668965011811e-08 6.887805104629006218e-08 4.282052416797246066e-08 2.635596403244852493e-08 1.482621377531262112e-08 5.480358776544634794e-09 2.233764149957738543e-09 1.336011554212267238e-09 1.219133895330228480e-09 1.532140538526178566e-09 2.574663374724088240e-09 4.897996533384528065e-09 8.364728692013106643e-09 1.873638492647582308e-08 4.922351801447906519e-08 3.938599881997599395e-08 7.215321347472346932e-08
2.652738716584407494e-07 1.833524336045232011e-07 1.167056193372870842e-07 9.310924065868680753e-08 8.012042508027283455e-08 4.925191839659966932e-08 3.216337092800514824e-08 1.754081763707134601e-08 6.675116683955760185e-09 2.780421131662746839e-09 1.673105584877634246e-09 1.568637254209629077e-09 1.944267270900152817e-09 3.352102998832538542e-09 6.378289961016971137e-09 1.086855499948426613e-08 2.291629353489723873e-08 6.021786322978063257e-08 4.646003743429395773e-08 8.127460375912091374e-08
2.784573822730354582e-07 2.240476632844713739e-07 1.443519545263950702e-07 1.113592242530221781e-07 9.221553234150107225e-08 5.539536376190309266e-08 3.747396532003656349e-08 2.002925576201898213e-08 8.194326755675522312e-09 3.431440083244851117e-09 2.083221548668856132e-09 1.991447669434397416e-09 2.496112256253353361e-09 4.356031890898435443e-09 8.649232741168491181e-09 1.436042465976855942e-08 2.983014791407401715e-08 6.697946463831045942e-08 5.660652748898302479e-08 9.276410271580746188e-08
3.247361295182353722e-07 3.174421508154700970e-07 1.897998172835130614e-07 1.311275867416018183e-07 1.041410720779983563e-07 6.229243952868232795e-08 4.245326382250799252e-08 2.323162414780382652e-08 1.020165709329935646e-08 4.373446557682869003e-09 2.703315856661726410e-09 2.521599760580520135e-09 3.284132100057387887e-09 5.790568856132825668e-09 1.160387996036179854e-08 1.899259279814061971e-08 3.869732594732232325e-08 7.575629170097939066e-08 7.293606495902350696e-08 1.088021028485685351e-07
4.043374220355947580e-07 4.557139849614484588e-07 2.501117311046538722e-07 1.575041970044522487e-07 1.157482265394968151e-07 7.052711908628342315e-08 4.980367849279328378e-08 2.868190009561833952e-08 1.329651969998872947e-08 6.169457679834973661e-09 3.843739917098636560e-09 3.394094183217277034e-09 4.506153459950633760e-09 8.238802466623212751e-09 1.619067967722198835e-08 2.665573052409852647e-08 5.121848820998271596e-08 1.086240860672551056e-07 1.082713589123626187e-07 1.331959684159048901e-07
5.524162120181574644e-07 6.299419161941152850e-07 3.133078260070087671e-07 1.903832045900551588e-07 1.273978033676869046e-07 7.992647665181608932e-08 6.179295252605329342e-08 3.701778194986909385e-08 1.804612186794437799e-08 9.332396947620676605e-09 5.739353752870978049e-09 4.714324882726095031e-09 6.134605027404164304e-09 1.156497159485718210e-08 2.262225758814132870e-08 3.850766178130314183e-08 7.129234184051699434e-08 1.427586514604187272e-07 1.670898750920069348e-07 1.720165835836520431e-07
7.397937981260622678e-07 7.679585534937690631e-07 3.704373359000449753e-07 2.242110830378241025e-07 1.421237062977333001e-07 9.048807844187496092e-08 6.962449457862068074e-08 4.426985182118166798e-08 2.343746315168157341e-08 1.332097525481755301e-08 8.031439847309680756e-09 6.275363251027126640e-09 7.906414332367949107e-09 1.488620461577500674e-08 2.955254459380793480e-08 5.165544915917824559e-08 9.481603062874700780e-08 1.846845935400549938e-07 2.978064853014300671e-07 2.366008638577609321e-07
1.016151388017575890e-06 8.710732480978950458e-07 4.204068856238761022e-07 2.571702944524035533e-07 1.598852514603559905e-07 1.051634009593781384e-07 7.874270900124022395e-08 5.112772836230394920e-08 2.906675636757526768e-08 1.693012706995706407e-08 1.041437926415347298e-08 7.932812801846308995e-09 9.804035018744092228e-09 1.766668317729120905e-08 3.511241352125522787e-08 6.391715130211138128e-08 1.237928846463496446e-07 2.709388263482778117e-07 5.597872100727435097e-07 3.309436995706671089e-07
1.422175121647145219e-06 9.242522673906007195e-07 4.619883033963702403e-07 2.889844847097797790e-07 1.777702125064413543e-07 1.198242794177126910e-07 8.993699777345843028e-08 5.904115111237407861e-08 3.700437861333080629e-08 2.223099276604076504e-08 1.403795270672213074e-08 1.032908878710674198e-08 1.239537832736710609e-08 2.080151098439176645e-08 3.951488152403254858e-08 7.414342380815153110e-08 1.519501739926491073e-07 3.906116561718027400e-07 7.963566719952714021e-07 4.850304613042331391e-07
1.664307549404481798e-06 8.998377316373673227e-07 4.928083224525954106e-07 3.096828988492122919e-07 1.913045767541029793e-07 1.331972834319357089e-07 1.010063725726934124e-07 7.016706182173349439e-08 4.595337776502614124e-08 2.864420188391660600e-08 1.850475079844486330e-08 1.408587869931630437e-08 1.660834112169132935e-08 2.543113100631574230e-08 4.525311951883823609e-08 8.511932210128864930e-08 1.692561737257492204e-07 4.478906311091923756e-07 8.305772008155943905e-07 8.019829561424075347e-07
1.782711873638694684e-06 8.311092312040834816e-07 4.918765198741755424e-07 3.158465514347761306e-07 2.016093232110321403e-07 1.446075353553029525e-07 1.146965217175400665e-07 8.580656723793796019e-08 5.478616561988826565e-08 3.352892370920554001e-08 2.244661504449820963e-08 1.864636107797238672e-08 2.212382395662865427e-08 3.232060661726814872e-08 5.534290947836143553e-08 1.007871892459462321e-07 1.825290161373304953e-07 4.400145764337273601e-07 7.785030343966216263e-07 1.256633117968087006e-06
1.765424940345724242e-06 7.456524482443118266e-07 4.595222786463673807e-07 3.191477480539094972e-07 2.137823694403285324e-07 1.646357052929240122e-07 1.401432673255690797e-07 1.066717523918578274e-07 6.456897243696901618e-08 3.889967648091134693e-08 2.683913027560513993e-08 2.324824531189061996e-08 2.864059338415642501e-08 4.232635538049610232e-08 7.029975824064293031e-08 1.276595388024590143e-07 2.110343592169729564e-07 4.380525422200799034e-07 7.442619774798330939e-07 1.753809031527633431e-06
1.612204669214187838e-06 7.140602298731806556e-07 4.636871796959834964e-07 3.463947648502088345e-07 2.486630019201684569e-07 2.268373213367257536e-07 2.044789628738720418e-07 1.496963481765531232e-07 8.213841068815666714e-08 4.804477542308991527e-08 3.372330832575356126e-08 2.950807224658097397e-08 3.715800466991949177e-08 5.576712373973591076e-08 8.886257505381323387e-08 1.650975695780201920e-07 2.683181240586716238e-07 4.957727421633356849e-07 9.031769385231850158e-07 2.321615424406423326e-06
1.538978244358882212e-06 7.994960846647268018e-07 5.283608656271150457e-07 4.250819408536109406e-07 3.354009040506469547e-07 2.838377754098236116e-07 2.743142555922324689e-07 2.051916617939067660e-07 1.095904158071580380e-07 6.087607056837190354e-08 4.182285446845278558e-08 3.728175264851463243e-08 4.758598737634645873e-08 7.450655826974217314e-08 1.238933481547709998e-07 2.159873659835085775e-07 3.461685540107508907e-07 6.211956158718625061e-07 1.261289556134820664e-06 2.828614526731201485e-06
1.765447980159754279e-06 8.590885106545185513e-07 5.621227295914023809e-07 4.613645114853140936e-07 3.757762008772492862e-07 3.084145888415503812e-07 3.016329900062071387e-07 2.168085933172912351e-07 1.142959415526084415e-07 6.212699996308377403e-08 4.189194788175955951e-08 3.774917744657322289e-08 4.908913787886018149e-08 8.148875982679847687e-08 1.436504530800299969e-07 2.435102495728942193e-07 3.549248128243941287e-07 6.387978164939403228e-07 1.334629005142892100e-06 2.610468832688926889e-06
2.093034034358507665e-06 8.173980175020068945e-07 6.125047846013791536e-07 4.558949419684404210e-07 3.390871791409551614e-07 2.641250618485979471e-07 2.288302116059787419e-07 1.466016574920809630e-07 7.849631713038193073e-08 4.257334647654632578e-08 2.945042727392014794e-08 2.641224870056750221e-08 3.562806693039233256e-08 6.442624457202310316e-08 1.225634356196903366e-07 2.086127244786797537e-07 3.085976246054961629e-07 5.207432897737769414e-07 8.266508840060109539e-07 6.990311074023415752e-07
3.957131504604660102e-06 9.076331761531074141e-07 6.005741139091506656e-07 4.560367566929345039e-07 3.609928219529931371e-07 2.660324069144923451e-07 1.975949259137058845e-07 1.264772113246724661e-07 6.795167979503211117e-08 3.878570624815193345e-08 2.776312579355927951e-08 2.588457145183391208e-08 3.525850163428563539e-08 5.829581738765696249e-08 1.040607588163983366e-07 1.851432717931375471e-07 3.993190700247009825e-07 8.403125257980777643e-07 1.662609943916195240e-06 3.347974502402387244e-06
3.094615178979632763e-06 8.203733444796241351e-07 6.358369617917555196e-07 4.739137367992816630e-07 3.392690362722003278e-07 2.494794252987005704e-07 1.914503895248306589e-07 1.275141654343669682e-07 7.158331434721073037e-08 4.127198107918623610e-08 2.947113668172116984e-08 2.796277281166399510e-08 3.761468863197903375e-08 6.395858938800054281e-08 1.179139996681637186e-07 2.163593634886631592e-07 4.494258824076476944e-07 1.222292938070380959e-06 2.200439469871207329e-06 3.266647356484184821e-06
2.211168743100905671e-06 1.135749668746825087e-06 8.312151607804416722e-07 5.477480995845997509e-07 3.614814421181509000e-07 2.634054651253478675e-07 2.027692958514519103e-07 1.310878313621704413e-07 7.327282240031767048e-08 4.302450317398649017e-08 3.090413372474200569e-08 2.916957949567741462e-08 3.960242099856346328e-08 6.820210538091182934e-08 1.223932758612675422e-07 2.287681253552084852e-07 4.378491351853979416e-07 9.808058568582727123e-07 1.641830360751681298e-06 2.724050078261095638e-06
2.432060945281077793e-06 1.191945145235045019e-06 7.400663684860028246e-07 4.965273362621712930e-07 3.380775659759692308e-07 2.423667281640685961e-07 1.847931765537967937e-07 1.234180779657485209e-07 6.951435587781528952e-08 4.066475523107310115e-08 2.920313389947553259e-08 2.758069840193957683e-08 3.722750779857294751e-08 6.442412567592372746e-08 1.170241457517424019e-07 2.038325928100657016e-07 3.638604153982131646e-07 7.794089290881584432e-07 2.337376742894794141e-06 5.898445920012118352e-06
2.903220748755089096e-06 8.284132528725522323e-07 5.484034863239153053e-07 3.665417545624270267e-07 2.704847684407549261e-07 2.064165074508543029e-07 1.548338215838403365e-07 1.059103616278658714e-07 6.446366777455929666e-08 3.860816660729138619e-08 2.761182325633069456e-08 2.627635601466772957e-08 3.427634075847524683e-08 5.536394359129434810e-08 9.605978365861971424e-08 1.574436188328746137e-07 3.391240089116094842e-07 9.382087321003826036e-07 1.732166997082138205e-06 3.135488346366990322e-06
1.999829778789844376e-06 7.948238398755436220e-07 5.022775027261679759e-07 3.057895938832748863e-07 2.071486633399824742e-07 1.479019260814140204e-07 1.140588658339889599e-07 8.293578448252049056e-08 5.276188316651084718e-08 3.340927638940439242e-08 2.456446610078785527e-08 2.360738451332696431e-08 3.022429685895972858e-08 4.677460912365862260e-08 7.713771215942603972e-08 1.271719366057581814e-07 2.828830402258017971e-07 7.241094684278416549e-07 1.170631818277339205e-06 1.154889847528444441e-06
9.026694101883974383e-07 6.342946802082772294e-07 4.221560440801072535e-07 2.695779872809628530e-07 1.733291518360033822e-07 1.097649456874445842e-07 7.831553312369018112e-08 5.826921606935327751e-08 3.883896501799671712e-08 2.609937603316800205e-08 1.969316928065717787e-08 1.855460476889866688e-08 2.376235540388338675e-08 3.501866220474143133e-08 5.614614373937531895e-08 8.718986731729882908e-08 1.658089709548140216e-07 3.577227582512289684e-07 6.588516420447227846e-07 1.469850926895921539e-06
5.687099212126178095e-07 3.784200623222570031e-07 2.650107305876669753e-07 2.386684523146315019e-07 1.654305720799146503e-07 1.122854418549649617e-07 8.483062913368774402e-08 6.091512165228514575e-08 4.324156596003804267e-08 2.831405718903705737e-08 2.079373112921228643e-08 1.920248753566577184e-08 2.414708425886601197e-08 3.565356290821310026e-08 5.767942145429178297e-08 9.583614977502880378e-08 1.693730551458925098e-07 3.282875849644604146e-07 6.781064964548900148e-07 1.161465503018749209e-06
1.124984284687294374e-06 3.585366716395465894e-07 2.821175578732421251e-07 2.090200296179312618e-07 1.526097350567337436e-07 1.100149905177851125e-07 8.824703449717905149e-08 6.304469783361100124e-08 4.429494305613462600e-08 2.891647047080595573e-08 2.106651796754150674e-08 1.980244548407812876e-08 2.476290221456469518e-08 3.591938495551877205e-08 5.781461882871144846e-08 9.822689578980783775e-08 1.617048807632445995e-07 3.628173226885071204e-07 8.093321833083672011e-07 1.479964276704250111e-06
7.492372721406324119e-07 3.678085073383373514e-07 3.161621001533514914e-07 2.268943962763421173e-07 1.511602998420565337e-07 1.074799551742400398e-07 8.321206509471913024e-08 6.087131917103243812e-08 4.004118167026047572e-08 2.529663573063063323e-08 1.836307916487368511e-08 1.727166802794422652e-08 2.226586461584877608e-08 3.442356052262307039e-08 5.668480807618877333e-08 9.515128420993579319e-08 1.619777662898795507e-07 3.047863376719598317e-07 7.304076242539165992e-07 1.633657577089014776e-06
9.406408295329551691e-07 4.147775759017178744e-07 3.035445880892420119e-07 2.899964371132410211e-07 1.901229608045856398e-07 1.211129901937413405e-07 8.601837930326179800e-08 5.960180094716986624e-08 3.970617244302708370e-08 2.377518974655677756e-08 1.689975120938975650e-08 1.584099511295400851e-08 2.084275400917887362e-08 3.404549978553666291e-08 5.948622622215532140e-08 1.062613991823189905e-07 2.029488994144077499e-07 3.630052200708254451e-07 7.626486909811535496e-07 8.765183118456783603e-07
8.619478838024942699e-07 4.301028627118878602e-07 2.828572994623060586e-07 2.566181544217742905e-07 1.802503446898012320e-07 1.162111950717391512e-07 8.463380130847113006e-08 5.822798764799935835e-08 3.759758756468193338e-08 2.213736307049793831e-08 1.584804075857284986e-08 1.502199346179373853e-08 1.982990054036525842e-08 3.239731710764403132e-08 5.773589092763550367e-08 9.966479001799180564e-08 1.802885082561659997e-07 4.082109002011924102e-07 8.099099250750961116e-07 8.213631704067777284e-07
5.421321156717605426e-07 3.964245908231767138e-07 2.706096102062717668e-07 1.812258114818916950e-07 1.386407779217671561e-07 1.106766159497556358e-07 8.887849386737264205e-08 6.029399395383683857e-08 3.647654788191190536e-08 2.093407657724225161e-08 1.526335309105303994e-08 1.438182899488589077e-08 1.908247295937031798e-08 3.177738758744676500e-08 5.296879878065251489e-08 9.170011411676154345e-08 1.519201195781178880e-07 3.409600046744674197e-07 6.169284147572308550e-07 8.642753202227288730e-07
9.878245243753420174e-07 3.424715799714587843e-07 2.786955558829195594e-07 2.279160993988022518e-07 1.531798203958617559e-07 1.176778104556977854e-07 9.347997804747186911e-08 5.965482807800946987e-08 3.580287416328027733e-08 2.077839156981635971e-08 1.501820132110775220e-08 1.404877721238865993e-08 1.857121228813022407e-08 3.142150232134558784e-08 5.460946175254843456e-08 9.557056901113271371e-08 1.493007846607753308e-07 2.607383011337538827e-07 3.191365702923828391e-07 5.360804805461103719e-07
1.162290510814120381e-06 5.815948362604273487e-07 3.467801233883664676e-07 2.474968270234108694e-07 1.564736935647421183e-07 1.075266326099069694e-07 8.156542043740006264e-08 5.534111309548166192e-08 3.237952495749885816e-08 1.903007199330508347e-08 1.433869686025135061e-08 1.373098142117909240e-08 1.801721156366938353e-08 2.924893357369898318e-08 5.190515440914825708e-08 9.536426092713969492e-08 1.514394798149850330e-07 3.183052972077803410e-07 5.199245151142244902e-07 7.647904905463528594e-07
1.307834495092709112e-06 7.984496972622353841e-07 4.070254349783909949e-07 2.475181256157804160e-07 1.476876816894590371e-07 9.240900814328657463e-08 6.748580675566589606e-08 4.755445742215525888e-08 2.987180630940837929e-08 1.831930420658715138e-08 1.387342175017784300e-08 1.354173441349026971e-08 1.790511121523194491e-08 2.987499611804096955e-08 5.049090623527314373e-08 8.739408750562451849e-08 1.581263911925235329e-07 3.559400643034545993e-07 7.573112824303337006e-07 1.097667293976492333e-06
8.570373647762332982e-07 6.307990906193435476e-07 3.262657130665108097e-07 2.025817489775680759e-07 1.274011834602143010e-07 8.760335914378324620e-08 6.775926080680454179e-08 4.739786328957282234e-08 2.971886553225788472e-08 1.825110927947172230e-08 1.364230176436759461e-08 1.354704761998737931e-08 1.825776892720008204e-08 2.935205112116399678e-08 4.907222061538412188e-08 8.005670344520948513e-08 1.395719050618882242e-07 2.841914310947026331e-07 5.122945991483011195e-07 7.349680170739376940e-07
7.996184405047376309e-07 4.857797005256447415e-07 2.651336615239213618e-07 1.884622339420554411e-07 1.321569736452661173e-07 9.332944322245355679e-08 6.705153074328970138e-08 4.475930064262368772e-08 2.854017433777510562e-08 1.841734680686704511e-08 1.372978787388177852e-08 1.347707979550784957e-08 1.781228797627278084e-08 2.789603178277992341e-08 4.572691022660914723e-08 7.705635158499690064e-08 1.150589164026830609e-07 2.400118002778241675e-07 3.634657058419767915e-07 5.446554254461891457e-07
8.741992194988545010e-07 5.603797552462333287e-07 3.325773682729762318e-07 2.379889995965567260e-07 1.549148135787999975e-07 1.000395922618303944e-07 6.344971520354563121e-08 4.292539575328876604e-08 2.812123087012580304e-08 1.873217521776959468e-08 1.402986471045283038e-08 1.357275523938236499e-08 1.792665067934118254e-08 2.842933059845587763e-08 4.543902938695867730e-08 7.321678664868042730e-08 1.330980448211898588e-07 2.745628104644143682e-07 6.596341512189703064e-07 1.297121748900208774e-06
4.893102757290561044e-07 4.217055659387055642e-07 2.668852615531939267e-07 2.121600055591306375e-07 1.354218232368763898e-07 8.533876088233075269e-08 5.750435265671322318e-08 3.976569575783950995e-08 2.679005016118124414e-08 1.854986684139579507e-08 1.410163274452143627e-08 1.352695309748011096e-08 1.776106499834017630e-08 2.729432320071369131e-08 4.305261525241595210e-08 6.951079175899787729e-08 1.321306588711889875e-07 2.678781747786035716e-07 5.066220141997155125e-07 9.487076118912041198e-07
7.184681332805541513e-07 4.683461357081341987e-07 2.430002501119615023e-07 1.766299860340382469e-07 1.100469304444094050e-07 7.367326540636098176e-08 5.372915518585295571e-08 3.892477926212373420e-08 2.794878929972498395e-08 1.821394196283756256e-08 1.354932109299496892e-08 1.325146074274151442e-08 1.758140709262704751e-08 2.764233521677398001e-08 4.416961489907242857e-08 6.970912958338828829e-08 1.160314152283402155e-07 2.359901218409444212e-07 4.162519318236153468e-07 2.224627559953905392e-07
5.345866734892348743e-07 2.912383611717532839e-07 1.719151304810920654e-07 1.509246642561057141e-07 1.086580563113439374e-07 7.780577331160794884e-08 5.678402781881454700e-08 4.016014194655982039e-08 2.905919147543940504e-08 1.810640565279776098e-08 1.282948506213087354e-08 1.254691627917802391e-08 1.720797352954117479e-08 2.801714851144227166e-08 4.428179918128535090e-08 7.372238654141153586e-08 1.391194329619993481e-07 2.466856871236667762e-07 5.361902876029740300e-07 8.985075805191590133e-07
2.894218415911253562e-07 3.014625321342821719e-07 2.335497360276547444e-07 2.232529727493813494e-07 1.475252372833427170e-07 9.051045535883873576e-08 6.150057537794910153e-08 4.263908536475159701e-08 2.885041528623539892e-08 1.787334543663648931e-08 1.250894357054674033e-08 1.204006124312736106e-08 1.689489362741474667e-08 2.750225889622252274e-08 4.355082330895678671e-08 7.363143837937302735e-08 1.393145881453341660e-07 2.791022069518403171e-07 6.432463108325105685e-07 1.090220644849459364e-06
4.047182632010513028e-07 3.973458011393523345e-07 2.993026683464918801e-07 2.681583714297662076e-07 1.739585021920049748e-07 1.020601241261934452e-07 6.786051726005042687e-08 4.502598692179538174e-08 2.866922171923044346e-08 1.749448953567872169e-08 1.243044922075688025e-08 1.180716979979496242e-08 1.613587582030538134e-08 2.680683716272719277e-08 4.478358502818427612e-08 7.834403775931529239e-08 1.383824938773823392e-07 2.559717413640574582e-07 4.779196199767470715e-07 5.326854996599107881e-07
4.555679696822249925e-07 2.920566650566737122e-07 2.214642396419888201e-07 1.937145750320550136e-07 1.382948566203132125e-07 1.026410938563203647e-07 7.157861087911050518e-08 4.596016434717236370e-08 2.870920461096622610e-08 1.747298776294811514e-08 1.214126675681291180e-08 1.143634834022588665e-08 1.550458294457400035e-08 2.619151325809950281e-08 4.344887129964480980e-08 8.104910161554896328e-08 1.456517599249948512e-07 2.612888979034483606e-07 2.853039515467342300e-07 3.800994163207032651e-07
6.136113362936347468e-07 2.778933747418684259e-07 2.034603173228795977e-07 2.255183721693340036e-07 1.702680610386503609e-07 1.019371695117997787e-07 6.900867909271727823e-08 4.438349764383636468e-08 2.767366826240566884e-08 1.656028010092133263e-08 1.135215866561422168e-08 1.080390462278732507e-08 1.493442689643403300e-08 2.664829016102468683e-08 4.790197157724525258e-08 8.805264900542487381e-08 1.744415138611654023e-07 3.044515814981190270e-07 3.710028015433698056e-07 6.228589474007956076e-07
7.647830035860862739e-07 3.641933005514748695e-07 2.581950727911020250e-07 2.053242936626183602e-07 1.347395474141666050e-07 9.065384862580182832e-08 7.161488763585827322e-08 4.376936375889717025e-08 2.622865486577640833e-08 1.536510752943111114e-08 1.091809171045255863e-08 1.056949542481969256e-08 1.491505998145421112e-08 2.746946467576698318e-08 5.185783167255181909e-08 9.509805290518320068e-08 1.805100750178512992e-07 2.602046578804723451e-07 4.533788988731878689e-07 6.417484926785529804e-07
7.449119559487118566e-07 4.763958721935064886e-07 4.020846073147751720e-07 3.225709162850474417e-07 2.031927118830916913e-07 1.209690523135156461e-07 7.784089903387650659e-08 4.695042291540046620e-08 2.649248153685097856e-08 1.508161376773462407e-08 1.090503740003535474e-08 1.062063603602220298e-08 1.477203676352506062e-08 2.599584310998342604e-08 4.670583374946763375e-08 8.944485578239301225e-08 1.557280846026870139e-07 2.843476775694201412e-07 4.041319929230097175e-07 6.184275646289279097e-07
1.040641841678791333e-06 5.150253786688074635e-07 3.594575128174258553e-07 2.552085933035340433e-07 1.658246953535278845e-07 1.042381050047441857e-07 7.271202724280579428e-08 4.389579799223761132e-08 2.455767276738142182e-08 1.521631111890809510e-08 1.124436114391493990e-08 1.103773966683232297e-08 1.564814812850100576e-08 2.728030770768179531e-08 4.782578375682962397e-08 8.053027176727779153e-08 1.367544520533603030e-07 2.317308450324596450e-07 3.043952286732636089e-07 6.296923999372385047e-07
3.109799556002235788e-07 2.262923878968480666e-07 2.120216796038569527e-07 1.887472035836171732e-07 1.399815605439055918e-07 9.888287843990593275e-08 6.948016791573416941e-08 4.494901806552600571e-08 2.698639184807029773e-08 1.664981326050235264e-08 1.300598577944459444e-08 1.251671048007818300e-08 1.677774044824269175e-08 2.853679686456341296e-08 4.725116242085687893e-08 7.690666462194078444e-08 1.423791187483617204e-07 2.492853131227248789e-07 3.210251335025470137e-07 5.779740186829458275e-07
5.481704687136528079e-07 3.551485037637956777e-07 2.936177277870320100e-07 2.521246603711727229e-07 1.681509306449453573e-07 1.086579244899604593e-07 7.545076917431283020e-08 4.961869692212173463e-08 3.049493069853870158e-08 1.870954339927698805e-08 1.431040181717100339e-08 1.390580593957663996e-08 1.783463934100593011e-08 2.988396157587824118e-08 4.789414118241237722e-08 7.890820338988597287e-08 1.280882741644729831e-07 2.047499441915596368e-07 1.603394157605835079e-07 1.669480919906604923e-07
6.974653076562058814e-07 4.521021632573486103e-07 3.463865862705705108e-07 2.459437977530100667e-07 1.553874881454009714e-07 1.096999124782412951e-07 7.937161332153535122e-08 5.565265284758241060e-08 3.333981245825452470e-08 2.010911880543372273e-08 1.492643707675994328e-08 1.454127970180887439e-08 2.003272371757034627e-08 3.266903641551407474e-08 5.255157138759841728e-08 8.908033571379827630e-08 1.509968712037726425e-07 2.320127133126375238e-07 1.844905067357974196e-07 4.704573385309709382e-07
5.874652000100430157e-07 3.999599870911890742e-07 3.224953759822848264e-07 2.144509167427331536e-07 1.328679196576149328e-07 9.572460959136947526e-08 7.295340341067598116e-08 5.423312315569264575e-08 3.371877420135001488e-08 2.058876222241058288e-08 1.523459025861725629e-08 1.474629727220437293e-08 1.944322850972486055e-08 3.193449062764875765e-08 5.459412931707638494e-08 9.847432600905085498e-08 1.554919275556255027e-07 2.086944704961120016e-07 1.729139969004023966e-07 3.295725652521685834e-07
3.152223494099637718e-07 3.542737701051104088e-07 2.849613887955196702e-07 1.905296529655992504e-07 1.174718068185120301e-07 8.132413378518225755e-08 6.105341476731306875e-08 4.812555413149185987e-08 3.249897259298466128e-08 2.022466699205486124e-08 1.496151106824851327e-08 1.428147600690096618e-08 1.816916761285030302e-08 2.873865077180653943e-08 4.588256667907938519e-08 7.798918093325044792e-08 1.197597792285872205e-07 2.026689149232497714e-07 2.351909655611379501e-07 1.403005741746312177e-07
2.524271851730696336e-07 2.303912714163773278e-07 1.765432957534765496e-07 1.339385166286780017e-07 9.695996354844042720e-08 7.496509525679907856e-08 6.439525054312486671e-08 5.192325565147160136e-08 3.201004884316217428e-08 1.932369757224868709e-08 1.434266147030822064e-08 1.360711087470174435e-08 1.725873552885895113e-08 2.642088162086320975e-08 3.924366447286571426e-08 5.899776316270912361e-08 9.223024637830281279e-08 2.040027277296824015e-07 2.566475933155014713e-07 3.719544211518092568e-07
2.045427106400106710e-07 2.209345299460575291e-07 1.781274067940126101e-07 1.123532953460770539e-07 8.129431464196781993e-08 6.210222796290328123e-08 5.404475421037210003e-08 4.647639737053001284e-08 2.984531811317452949e-08 1.797495998733463494e-08 1.315438543196891631e-08 1.254262869343998722e-08 1.582225872735061685e-08 2.340675931183251438e-08 3.465855775009373942e-08 5.078208459547142591e-08 9.536500846622174057e-08 1.639353983553594180e-07 3.368764060424393373e-07 6.948333617072911438e-07
3.379872885738096390e-07 3.334111896947250323e-07 2.581180590521489445e-07 1.390255127460725428e-07 7.962235788433641840e-08 5.435795751751860089e-08 4.199365539043319104e-08 3.658593422993899135e-08 2.636703754585497646e-08 1.720303102620032904e-08 1.240605223886083647e-08 1.135456737471642966e-08 1.422180296326482624e-08 2.087103215647902275e-08 3.064706929354367035e-08 4.875545126445728200e-08 8.578167410542856512e-08 1.458203182323956985e-07 2.492989383447498752e-07 4.646855654107948524e-07
5.537317042975346261e-07 2.935305639732638713e-07 1.552991032950525679e-07 9.281967518666248259e-08 5.950569713699023784e-08 4.620548104071313520e-08 3.999776639669015610e-08 3.603835509966160426e-08 2.551888873744589822e-08 1.579959061480710973e-08 1.112814175359486091e-08 9.915549548101682130e-09 1.195936119159721718e-08 1.719520203021094644e-08 2.600830064798576002e-08 4.435265578314367342e-08 6.807944516876846585e-08 1.343403149541462702e-07 1.937412646410909604e-07 2.042537883541714966e-07
6.072159892635100067e-07 3.908003234461951315e-07 2.000648730284551200e-07 1.140687097504931385e-07 6.878647891341757110e-08 4.620706717596605523e-08 3.816019629275945015e-08 3.361875827320395276e-08 2.331966144695665213e-08 1.422414668761423852e-08 9.908744702226486588e-09 8.908384546286730401e-09 1.072513093875661830e-08 1.511854272936428249e-08 2.349737647224590121e-08 4.002836793222748207e-08 7.432460910337315481e-08 1.404055836685380544e-07 3.095190526302124549e-07 6.506037660611084163e-07
3.230082617422167726e-07 3.455687263294567216e-07 2.371459899942309793e-07 1.385083164732384657e-07 8.497841866533747400e-08 5.524760399927785706e-08 4.078859475729805690e-08 3.231365215074473535e-08 2.209206573799839729e-08 1.380957508900999017e-08 9.546369331394100118e-09 8.561849320225455139e-09 1.056209229355375851e-08 1.534468088893000593e-08 2.513476972304183143e-08 4.402391979899199300e-08 7.654828687511515677e-08 1.537154711700147177e-07 2.965278548731556219e-07 4.660306648834171661e-07
4.174318175952661414e-07 3.478504767566558164e-07 1.925693208670644077e-07 1.101343527914260202e-07 7.152379253074461008e-08 5.283412852860299048e-08 4.094012907465502170e-08 3.077530781553320598e-08 2.034076209115418866e-08 1.254429619348471669e-08 8.761795241643868822e-09 7.993116400245467388e-09 9.985195789701921614e-09 1.481865944223825993e-08 2.425779822084001789e-08 3.994672126550058542e-08 6.350260755942980545e-08 1.289653078375170274e-07 1.727818112320223562e-07 2.554064322955970380e-07
4.607180518152148788e-07 1.780433591693776912e-07 1.058715575579618355e-07 8.060125127518007244e-08 6.644777159573071620e-08 5.155312550971811200e-08 3.824241747023360621e-08 2.743868162972140953e-08 1.822524184345105682e-08 1.130493358551556421e-08 8.048149083153697432e-09 7.540646227220767822e-09 9.555007328977879768e-09 1.396744487634057792e-08 2.214469852099381643e-08 3.556656169116262504e-08 6.373067575739312038e-08 1.412934510759209278e-07 2.126083706045924896e-07 1.908141219400033293e-07
2.836054124890473527e-07 1.989183593795780822e-07 1.392589098203278023e-07 9.439171473836430842e-08 6.628331493998164402e-08 4.713580638456546210e-08 3.564677115700114803e-08 2.682186206658669191e-08 1.758914862463738654e-08 1.092298166542671779e-08 7.986759517064438335e-09 7.466912501640929659e-09 9.556999944247620549e-09 1.492866257452976148e-08 2.355669651457198224e-08 3.754823776857463378e-08 5.808070554746621710e-08 1.077819278872274715e-07 2.235178694712349794e-07 4.465098594048502604e-07
4.749292263320461564e-07 1.863595927693811073e-07 1.553238579235869173e-07 1.043165435942677446e-07 7.044325216465684406e-08 5.224424123761115332e-08 3.827913773345555222e-08 2.691670505730448610e-08 1.658002075046498741e-08 1.033664123684346982e-08 7.684567152732873209e-09 7.334341352500451335e-09 9.687588507963307441e-09 1.572235527674988117e-08 2.564095907996406393e-08 3.949775834127557283e-08 6.418042782703375501e-08 1.266008495450292441e-07 2.312766071621909978e-07 3.881236541696224545e-07
1.943188340962942668e-07 1.550935893654584171e-07 1.281222945190721349e-07 9.106750954058047442e-08 6.604472056300494307e-08 5.911473096185811356e-08 4.613360606498269500e-08 3.004578907074951756e-08 1.787282579017451180e-08 1.103561458248087207e-08 8.348979562443304540e-09 8.174348936126684428e-09 1.051862233307241644e-08 1.632382281328014077e-08 2.390190212600789993e-08 3.691838052018638726e-08 7.181375763247349539e-08 1.318784305346640141e-07 1.900071391473034665e-07 2.385941219146568692e-07
3.914288587611756678e-07 1.303201528429232629e-07 1.892669336488597873e-07 1.412895758518455073e-07 9.098856094516215133e-08 5.917524005662515430e-08 4.133527310179774000e-08 2.928627591226865211e-08 1.763968344337251012e-08 1.082296166712762878e-08 7.837032734470692149e-09 7.546616876187410716e-09 9.818051697833073567e-09 1.554111426634583091e-08 2.402553794865902474e-08 3.752945032806530615e-08 5.431926485211249432e-08 9.034938259876995276e-08 1.407921428957332587e-07 2.634010904051145500e-07
3.493271825699249145e-07 2.162979242339059096e-07 1.293066817499456490e-07 7.937139678104662922e-08 5.369323507635705085e-08 4.941211744661295801e-08 3.974945663977467940e-08 2.505692632097006281e-08 1.501008628359210438e-08 9.393620548829638946e-09 6.968544745397239377e-09 6.828672667244836595e-09 8.553019980056712138e-09 1.350491071706689215e-08 1.938361869850682247e-08 2.815976385209362758e-08 5.451557692158655100e-08 1.155945504978635656e-07 2.481046160581658787e-07 3.753455233685151783e-07
4.584723363679930458e-07 3.771483474073512185e-07 5.698586675639168738e-07 4.266265863491029943e-07 2.756698136010331284e-07 1.989035511683054777e-07 1.435135035776590737e-07 8.840271432718456371e-08 4.902400947697812509e-08 3.018374011944135070e-08 2.284615763980628904e-08 2.313656993787636619e-08 3.057439529799428053e-08 4.931126858274118115e-08 7.891848072981441330e-08 1.279328797395101839e-07 2.062335670769238628e-07 4.279177982311141465e-07 8.180949181152216153e-07 9.553436872146364127e-07
