1.013291198730468750e+03
1.009382873535156250e+03
1.005475524902343750e+03
1.001567077636718750e+03
9.976586303710937500e+02
9.937493286132812500e+02
9.898389282226562500e+02
9.859284667968750000e+02
9.820163574218750000e+02
9.781052246093750000e+02
9.741917724609375000e+02
9.702792358398437500e+02
9.663653564453125000e+02
9.624509277343750000e+02
9.585356445312500000e+02
9.546203613281250000e+02
9.507035522460937500e+02
9.467871093750000000e+02
9.428701782226562500e+02
9.389529418945312500e+02
9.350358886718750000e+02
9.311176757812500000e+02
9.272003173828125000e+02
9.232827148437500000e+02
9.193657226562500000e+02
9.085942993164062500e+02
8.909824829101562500e+02
8.733885498046875000e+02
8.558113403320312500e+02
8.382512817382812500e+02
8.207062988281250000e+02
8.031723632812500000e+02
7.768818359375000000e+02
7.506021118164062500e+02
7.330859375000000000e+02
7.155734252929687500e+02
6.980642089843750000e+02
6.805572509765625000e+02
6.630530395507812500e+02
6.455541992187500000e+02
6.280607299804687500e+02
6.105735473632812500e+02
5.930928344726562500e+02
5.756198120117187500e+02
5.581552734375000000e+02
5.407000122070312500e+02
5.232560424804687500e+02
5.058246459960937500e+02
4.884067993164062500e+02
4.710041809082031250e+02
4.536186218261718750e+02
4.362502136230468750e+02
4.189006042480468750e+02
4.015703735351562500e+02
3.842609252929687500e+02
3.669727783203125000e+02
3.497063903808593750e+02
3.324625549316406250e+02
3.152417907714843750e+02
2.980448913574218750e+02
2.808726806640625000e+02
2.637263793945312500e+02
2.466067352294921875e+02
2.295064086914062500e+02
2.124118499755859375e+02
1.953179779052734375e+02
1.782243041992187500e+02
1.611306915283203125e+02
1.440365600585937500e+02
1.269417572021484375e+02
1.098457717895507812e+02
9.274830627441406250e+01
7.564958953857421875e+01
5.855016326904296875e+01
