5.992152728140354156e-03
3.399448776245117188e+01
6.806154632568359375e+01
1.022213973999023438e+02
1.364777832031250000e+02
1.708340454101562500e+02
2.052912750244140625e+02
2.398503265380859375e+02
2.745122375488281250e+02
3.092778930664062500e+02
3.441479797363281250e+02
3.791234130859375000e+02
4.142048034667968750e+02
4.493931884765625000e+02
4.846887817382812500e+02
5.200925903320312500e+02
5.556051635742187500e+02
5.912266235351562500e+02
6.269589233398437500e+02
6.628008422851562500e+02
6.987552490234375000e+02
7.348217163085937500e+02
7.710013427734375000e+02
8.072958374023437500e+02
8.437053222656250000e+02
8.802335815429687500e+02
1.046121826171875000e+03
1.214643554687500000e+03
1.385978393554687500e+03
1.560294677734375000e+03
1.737774414062500000e+03
1.918604370117187500e+03
2.102965087890625000e+03
2.482428222656250000e+03
2.677911865234375000e+03
2.877488769531250000e+03
3.081221923828125000e+03
3.289239990234375000e+03
3.501699951171875000e+03
3.718781005859375000e+03
3.940687011718750000e+03
4.167639648437500000e+03
4.399877441406250000e+03
4.637651367187500000e+03
4.881222167968750000e+03
5.130877929687500000e+03
5.386903320312500000e+03
5.649643066406250000e+03
5.919484375000000000e+03
6.196841796875000000e+03
6.482164062500000000e+03
6.775924804687500000e+03
7.078668945312500000e+03
7.391005371093750000e+03
7.713687500000000000e+03
8.047623535156250000e+03
8.393870117187500000e+03
8.753517578125000000e+03
9.127711914062500000e+03
9.517630859375000000e+03
9.924632812500000000e+03
1.035034179687500000e+04
1.079673046875000000e+04
1.126623144531250000e+04
1.176226855468750000e+04
1.228887402343750000e+04
1.285081640625000000e+04
1.345437695312500000e+04
1.410809375000000000e+04
1.482380273437500000e+04
1.561848144531250000e+04
1.651866601562500000e+04
1.757158203125000000e+04
1.887082617187500000e+04
2.059977148437500000e+04
