5.015717163085937500e+02
5.282702026367187500e+02
5.383264160156250000e+02
5.430133666992187500e+02
5.460684204101562500e+02
5.488374633789062500e+02
5.514919433593750000e+02
5.535319824218750000e+02
5.563801879882812500e+02
5.582913208007812500e+02
5.600077514648437500e+02
5.616342773437500000e+02
5.629931030273437500e+02
5.640745239257812500e+02
5.650050048828125000e+02
5.642936401367187500e+02
5.626997680664062500e+02
5.594573364257812500e+02
5.533082275390625000e+02
5.392199707031250000e+02
