8.547996215820312500e+02
8.681289672851562500e+02
8.711289672851562500e+02
8.727925415039062500e+02
8.758466186523437500e+02
8.761000976562500000e+02
8.774887695312500000e+02
8.778908691406250000e+02
8.814056396484375000e+02
8.839954833984375000e+02
8.859139404296875000e+02
8.871593627929687500e+02
8.895684204101562500e+02
8.941982421875000000e+02
8.980449829101562500e+02
9.007113037109375000e+02
9.038202514648437500e+02
9.059483642578125000e+02
9.001518554687500000e+02
8.811265258789062500e+02
