9.863654136657714844e+00
1.038500213623046875e+01
1.058702945709228516e+01
1.071587562561035156e+01
1.069389438629150391e+01
1.066351127624511719e+01
1.074755001068115234e+01
1.074014568328857422e+01
1.074936008453369141e+01
1.077093410491943359e+01
1.073441123962402344e+01
1.071952915191650391e+01
1.067508888244628906e+01
1.066918087005615234e+01
1.082404994964599609e+01
1.101404380798339844e+01
1.117845439910888672e+01
1.142655563354492188e+01
1.183032131195068359e+01
1.420486259460449219e+01
