2.456643104553222656e+01
2.482251358032226562e+01
2.497029304504394531e+01
2.508384132385253906e+01
2.518527603149414062e+01
2.527506256103515625e+01
2.534917259216308594e+01
2.542373275756835938e+01
2.549878501892089844e+01
2.557169151306152344e+01
2.564834213256835938e+01
2.572271347045898438e+01
2.579589653015136719e+01
2.586508369445800781e+01
2.592243003845214844e+01
2.597763442993164062e+01
2.603456687927246094e+01
2.608714866638183594e+01
2.615191078186035156e+01
2.624638938903808594e+01
