5.253618164062500000e+02
5.347448120117187500e+02
5.367375488281250000e+02
5.392205810546875000e+02
5.431824951171875000e+02
5.444120483398437500e+02
5.452947998046875000e+02
5.466506958007812500e+02
5.501348266601562500e+02
5.521090087890625000e+02
5.532753295898437500e+02
5.537273559570312500e+02
5.556414184570312500e+02
5.591929931640625000e+02
5.616000366210937500e+02
5.635671997070312500e+02
5.667054443359375000e+02
5.704873046875000000e+02
5.686813354492187500e+02
5.477431030273437500e+02
