1.494476795196533203e+01
1.511957454681396484e+01
1.524499416351318359e+01
1.533618164062500000e+01
1.540494441986083984e+01
1.548340892791748047e+01
1.554908466339111328e+01
1.561353206634521484e+01
1.566304111480712891e+01
1.572214126586914062e+01
1.579092788696289062e+01
1.586245918273925781e+01
1.592135906219482422e+01
1.596333885192871094e+01
1.600207901000976562e+01
1.604165649414062500e+01
1.607400512695312500e+01
1.609847831726074219e+01
1.618089103698730469e+01
1.645322799682617188e+01
