1.544214782714843750e+02
1.604993591308593750e+02
1.629223480224609375e+02
1.642639312744140625e+02
1.650326995849609375e+02
1.654706420898437500e+02
1.665080718994140625e+02
1.670547027587890625e+02
1.684884948730468750e+02
1.697943267822265625e+02
1.710608825683593750e+02
1.724175720214843750e+02
1.738220520019531250e+02
1.758650665283203125e+02
1.779135131835937500e+02
1.793569335937500000e+02
1.801920166015625000e+02
1.803953704833984375e+02
1.787120056152343750e+02
1.825927429199218750e+02
