7.901958618164062500e+02
8.495070190429687500e+02
8.644497070312500000e+02
8.724678344726562500e+02
8.774155273437500000e+02
8.813739624023437500e+02
8.850499877929687500e+02
8.880719604492187500e+02
8.917213134765625000e+02
8.944459838867187500e+02
8.970405883789062500e+02
8.994448852539062500e+02
9.015488891601562500e+02
9.030855102539062500e+02
9.046711425781250000e+02
9.045442504882812500e+02
9.037578125000000000e+02
9.012103271484375000e+02
8.953547363281250000e+02
8.808710937500000000e+02
