2.986908264160156250e+02
2.989995727539062500e+02
2.991705932617187500e+02
2.993021850585937500e+02
2.994130554199218750e+02
2.995068969726562500e+02
2.995907897949218750e+02
2.996695251464843750e+02
2.997458496093750000e+02
2.998193969726562500e+02
2.998898315429687500e+02
2.999593200683593750e+02
3.000274353027343750e+02
3.000940246582031250e+02
3.001613159179687500e+02
3.002328491210937500e+02
3.003100891113281250e+02
3.003974304199218750e+02
3.005151672363281250e+02
3.007976684570312500e+02
