7.806023985150090994e+01
7.775829843944070774e+01
7.770499197421800375e+01
7.762854329148491672e+01
7.749607054763646374e+01
7.746661938160602290e+01
7.744894728216485191e+01
7.741283702833825942e+01
7.729708758129720536e+01
7.723690999026710813e+01
7.720754463797010203e+01
7.720358728676981741e+01
7.714515399185083311e+01
7.702619629834497061e+01
7.694815891830882038e+01
7.688671694124515454e+01
7.678267015998567047e+01
7.665576472711894951e+01
7.673651194727149516e+01
7.752818044153511323e+01
