7.373973846435546875e+01
7.378993988037109375e+01
7.188092803955078125e+01
7.102026367187500000e+01
7.064237213134765625e+01
7.060369110107421875e+01
7.057426452636718750e+01
7.045256042480468750e+01
6.989752197265625000e+01
6.980862426757812500e+01
6.944184875488281250e+01
6.911413574218750000e+01
6.872792816162109375e+01
6.850420379638671875e+01
6.885835266113281250e+01
6.868777465820312500e+01
6.846820831298828125e+01
6.880028533935546875e+01
6.855150604248046875e+01
6.628668975830078125e+01
