1.068130340576171875e+02
9.100228881835937500e+01
9.067043304443359375e+01
8.939847564697265625e+01
8.890614318847656250e+01
8.806940460205078125e+01
8.757737731933593750e+01
8.741783905029296875e+01
8.699785614013671875e+01
8.688132476806640625e+01
8.667239379882812500e+01
8.628009033203125000e+01
8.640600585937500000e+01
8.628140258789062500e+01
8.620309448242187500e+01
8.670712280273437500e+01
8.677367401123046875e+01
8.726830291748046875e+01
8.675636291503906250e+01
8.413480377197265625e+01
