9.233399906437596283e-02
8.345743236549603428e-02
8.184791916692382707e-02
8.038930615507527966e-02
8.070498399746411922e-02
8.092956234425036088e-02
8.171540417225602038e-02
8.166073531798383189e-02
8.020663036475460250e-02
7.857892428010126995e-02
7.634070223852541803e-02
7.410542900296890334e-02
7.123586491511189889e-02
6.869612298056745892e-02
6.626023172417319640e-02
6.396607521092444182e-02
6.158285592059029034e-02
5.912435317262917239e-02
5.526263804420197129e-02
5.342866958993193471e-02
