4.002867889404296875e+01
3.617867660522460938e+01
3.548558044433593750e+01
3.485319137573242188e+01
3.498586654663085938e+01
3.508658218383789062e+01
3.542690277099609375e+01
3.539707946777343750e+01
3.477880096435546875e+01
3.406158447265625000e+01
3.309296798706054688e+01
3.213280105590820312e+01
3.088015174865722656e+01
2.978426551818847656e+01
2.872478485107421875e+01
2.773458671569824219e+01
2.669607925415039062e+01
2.563257217407226562e+01
2.396073532104492188e+01
2.316383934020996094e+01
