4.056489467620849609e-01
3.637774288654327393e-01
3.516196608543395996e-01
3.453111052513122559e-01
3.462851941585540771e-01
3.425321877002716064e-01
3.404533863067626953e-01
3.420420587062835693e-01
3.380194306373596191e-01
3.285836875438690186e-01
3.166271448135375977e-01
3.051143884658813477e-01
2.922387123107910156e-01
2.851906716823577881e-01
2.828337252140045166e-01
2.832361161708831787e-01
2.830678820610046387e-01
2.830739319324493408e-01
2.796311676502227783e-01
2.681485414505004883e-01
