1.203640959990605851e-02
1.093756101601350318e-02
1.060103011937542535e-02
1.041666880618275122e-02
1.041557078517723646e-02
1.029105605591923087e-02
1.021810898177154432e-02
1.022845123196509075e-02
1.017367068060548094e-02
9.982282697991142623e-03
9.750196345966416142e-03
9.483590129424292539e-03
9.120119416797837011e-03
8.911561580229824392e-03
8.852998249532223821e-03
8.914793465949356205e-03
8.993094015665266047e-03
9.127072486324374831e-03
9.290506172816053593e-03
9.410929023774603983e-03
