7.126182827401940367e-03
7.399800116068909472e-03
6.883391827590291424e-03
6.466149774622038417e-03
6.158489811804356007e-03
6.077318593778767430e-03
6.133296770232775016e-03
6.128424439470037122e-03
6.087790163835688113e-03
6.029490794680136996e-03
5.958687887309108838e-03
5.802805040421010578e-03
5.643306678005995808e-03
5.548164401347105250e-03
5.509633811257328567e-03
5.509972434739719184e-03
5.510900272410893322e-03
5.632030830081152795e-03
5.742326349305785539e-03
5.897676357262465405e-03
