9.357088593890491206e-04
8.391664100075616698e-04
8.110149874609363539e-04
7.964642278963131317e-04
7.988065985410372580e-04
7.900735356369607528e-04
7.852869962611215083e-04
7.890878694967390968e-04
7.795380742717892154e-04
7.580314628027231671e-04
7.304131376882209200e-04
7.036620496576742123e-04
6.741507490824746396e-04
6.577799759016341808e-04
6.524201406295380892e-04
6.532458152398583654e-04
6.529845986278809975e-04
6.529412269623183869e-04
6.449366347350441809e-04
6.184993606526671293e-04
