1.258936843872070312e+02
1.087144622802734375e+02
1.008735733032226562e+02
9.502277374267578125e+01
9.217636108398437500e+01
9.188622283935546875e+01
9.294708251953125000e+01
9.320543670654296875e+01
9.180561828613281250e+01
9.071596527099609375e+01
8.874293518066406250e+01
8.647738647460937500e+01
8.523793792724609375e+01
8.368187713623046875e+01
8.292370605468750000e+01
8.180401611328125000e+01
8.132718658447265625e+01
8.056040954589843750e+01
7.893324279785156250e+01
7.972675323486328125e+01
