3.089346145826910917e+00
3.207802681612842655e+00
2.984329435787905105e+00
2.803432027691692863e+00
2.669724867194609441e+00
2.634789218196407656e+00
2.659029965594577050e+00
2.656458162560685121e+00
2.639757354946077772e+00
2.613601699331332018e+00
2.583034498208915952e+00
2.516150064020268751e+00
2.446326254179686632e+00
2.405492398967380208e+00
2.388507279832421393e+00
2.389028993704727544e+00
2.388967322718962283e+00
2.441691604086527523e+00
2.489753776732953838e+00
2.556919883438866226e+00
