8.106609344482421875e+01
8.448664093017578125e+01
7.881275177001953125e+01
7.426855468750000000e+01
7.091773986816406250e+01
7.013679504394531250e+01
7.094834899902343750e+01
7.100386810302734375e+01
7.068886566162109375e+01
7.003439331054687500e+01
6.922914123535156250e+01
6.751920318603515625e+01
6.576148986816406250e+01
6.480412292480468750e+01
6.448461914062500000e+01
6.461132812500000000e+01
6.480397796630859375e+01
6.637846374511718750e+01
6.784591674804687500e+01
6.910300445556640625e+01
