1.844052435641929319e-03
1.847557087932049768e-03
1.716406718378426588e-03
1.618307460591456070e-03
1.560436807807458410e-03
1.528452693084181649e-03
1.507061662623790333e-03
1.496835457438876237e-03
1.490317097189080902e-03
1.486543296245921349e-03
1.467857577861957433e-03
1.415447807758779368e-03
1.363081947733417497e-03
1.332318082744124140e-03
1.309530395841486047e-03
1.272658187632375862e-03
1.226149581418656005e-03
1.185012107146725131e-03
1.183219712237128978e-03
1.346741180082120263e-03
