7.994344830513000488e-01
8.009133338928222656e-01
7.441568374633789062e-01
7.016254067420959473e-01
6.764543056488037109e-01
6.626525521278381348e-01
6.533716320991516113e-01
6.488259434700012207e-01
6.462239027023315430e-01
6.443715095520019531e-01
6.363022923469543457e-01
6.137512922286987305e-01
5.908846259117126465e-01
5.776470899581909180e-01
5.677006840705871582e-01
5.518026351928710938e-01
5.315340757369995117e-01
5.137461423873901367e-01
5.130195617675781250e-01
5.838755965232849121e-01
