5.218029975891113281e+00
4.741416931152343750e+00
4.596130371093750000e+00
4.516199588775634766e+00
4.515182971954345703e+00
4.461632728576660156e+00
4.429959774017333984e+00
4.433676719665527344e+00
4.411456584930419922e+00
4.327017307281494141e+00
4.226617336273193359e+00
4.112172603607177734e+00
3.953495502471923828e+00
3.863745212554931641e+00
3.837904930114746094e+00
3.865300655364990234e+00
3.898493289947509766e+00
3.956920146942138672e+00
4.028171062469482422e+00
4.080080032348632812e+00
